  SECTOR_TYPE 2
  NUM_OF_CMA
  ETA 6    10    13
  PHI 1     2     1
  NUMBER_OF_CHANNELS
  ETA 40 40 32 32 24 24
      24 16 24 16 32 32 00 00 24 24   
      12 32 32 24 32 32 24 24 24 24 24 24 24
  PHI 48
      32 32
      64
  PHI_WIRED-OR_+_PAD
   3     00 01  02 03  04 05
   5     00 01  02 03  04 05  06 07  08 09
   9     00 00  01 02  03 03  04 05  06 06  07 08  09 09  10 11  12 12
 BMF B 0 0 0 6 0 5 0 0 12 0 11
 BMF B 1 0 1 11 1 11 1 3 10 8 17
 BMF B 2 0 6 11 6 16 2 1 11 14 24
 BMF B 3 1 2 8 12 19 2 7 16 20 35
 BMF C 4 2 0 7 20 26 4 5 16 36 51
 BMF C 5 2 2 14 22 35 5 7 16 46 61
 BMF R 6 -1 -1 -1  -1  -1 7 7  6 62 67
 BMF E 7 4 0 4 36 39 8 5 15 68 82
 BMF E 8 4 0 12 36 47 9 6 14 75 88
 BMF R 9 -1 -1 -1  -1  -1 8 0 10 89 98
 BMF Z 0 0 0 6 0 5 0 0 8 0 7
 BMF Z 1 0 0 6 0 5 0 0 8 0 7
 matricesInSector02    
