   SECTOR_TYPE 0
   NUM_OF_CMA
   ETA 10    13    12
   PHI  1     2     1
   NUMBER_OF_CHANNELS
   ETA 32 32 32 32 32 32 40 40 24 24 
       32 32 32 32 32 32 24 16 24 16 24 24 16
       32 32 32 32 24 24 32 32 32 32 24 24
   PHI 64
       32 32
       80
   PHI_WIRED-OR_+_PAD
   6     00 01  02 03  04 05  06 06  07 07  08 09
   7     00 01  02 03  04 05  06 07  08 09  10 11  12 12
   6     00 01  02 03  04 05  06 07  08 09  10 11
 BML D 0 0 0 9 0 8 0 0 11 0 10
 BML D 1 0 5 11 5 15 0 6 13 6 18
 BML D 2 1 5 10 13 22 1 7 12 15 26
 BML D 3 2 4 11 20 30 2 7 12 23 34
 BML D 4 3 3 11 27 37 3 7 13 31 43
 BML D 5 4 2 11 34 44 5 1 13 39 51
 BML A 6 5 1 10 41 50 6 3 12 47 58
 BML A 7 5 6 9 46 54 7 1 11 53 63
 BML A 8 6 3 9 51 59 7 7 11 59 69
 BML A 9 6 8 8 56 63 8 5 11 65 75
 BML E 10 7 2 9 60 68 9 2 12 70 81
 BML E 11 7 7 11 65 75 10 0 12 76 87
 BML G 12 8 1 11 69 79 11 0 6 82 87
 BML Z 0 0 0 8 0 7 0 0 8 0 7
 BML Z 1 0 0 8 0 7 0 2 8 2 9
 matricesInSector00
