60 12
0.011 0.109
0.0096 0.029
0.025 0.6
0.025 0.8
0.0084 0.104
0.0066 0.024
0.05 0.6
0.05 0.8
0.0116 0.1
0.0092 0.076
0.0104 0.065
0.075 0.8
0.0116 0.088
0.0093 0.045
0.025 0.6
0.025 0.8
0.0097 0.078
0.007 0.04
0.05 0.6
0.05 0.8
0.0114 0.064
0.0091 0.039
0.075 0.049
0.075 0.8
0.0126 0.104
0.0091 0.078
0.025 0.6
0.025 0.8
0.0127 0.053
0.0075 0.069
0.0046 0.013
0.05 0.8
0.012 0.037
0.0102 0.048
0.0109 0.029
0.075 0.8
0.0148 0.23
0.0086 0.083
0.0088 0.077
0.025 0.8
0.0125 0.173
0.0086 0.069
0.0079 0.066
0.05 0.8
0.075 0.2
0.0086 0.055
0.0099 0.065
0.0114 0.072
0.025 0.2
0.009 0.269
0.0076 0.093
0.0075 0.044
0.05 0.2
0.05 0.4
0.0076 0.083
0.0075 0.061
0.075 0.2
0.075 0.4
0.0094 0.076
0.0106 0.078
0.0117 0.104
0.0118 0.032
0.025 0.45
0.025 0.6
0.0049 0.108
0.0081 0.03
0.05 0.45
0.05 0.6
0.0114 0.108
0.075 0.3
0.075 0.45
0.075 0.6
