3 4 5 11 
0.5 1.5 2.5
0.5 1.5 2.5 3.5
0.00 0.55 0.87 1.32 2.00 
-180.0 -4.0 -2.0 0.0 2.0 4.0 6.0 8.0 10.0 12.0 14.0 
0.00933516
0.00389286
0.0433013
0.0108349
0.00353571
0.0433013
0.0123567
0.00317857
0.0433013
0.0123567
0.00317857
0.0433013
0.0108349
0.00353571
0.0433013
0.00933516
0.00389286
0.0433013
0.00787
0.00425
0.0433013
0.00646299
0.00460714
0.0433013
0.0051619
0.00496429
0.0433013
0.0144338
0.00532143
0.0433013
0.0144338
0.0144338
0.0144338
0.109
0.029
0.6
0.8
0.104
0.024
0.6
0.8
0.1
0.076
0.065
0.8
0.088
0.045
0.6
0.8
0.078
0.04
0.6
0.8
0.064
0.039
0.049
0.8
0.104
0.078
0.6
0.8
0.053
0.069
0.013
0.8
0.037
0.048
0.029
0.8
0.23
0.083
0.077
0.8
0.173
0.069
0.066
0.8
0.2
0.055
0.065
0.072
0.2
0.269
0.093
0.044
0.2
0.4
0.083
0.061
0.2
0.4
0.076
0.078
