49152   10     0
180224   10     1
311296   10     2
442368   10     3
573440   10     4
704512   10     5
835584   10     6
966656   10     7
1097728   10     8
1228800   10     9
1359872   10     10
1490944   10     11
1622016   10     12
1753088   10     13
1884160   10     14
2015232   10     15
2146304   10     16
2277376   10     17
2408448   10     18
2539520   10     19
2670592   10     20
2801664   10     21
2932736   10     22
3063808   10     23
3194880   10     24
3325952   10     25
3457024   10     26
3588096   10     27
3719168   10     28
3850240   10     29
3981312   10     30
4112384   10     31
4243456   10     32
4374528   10     33
4505600   10     34
4636672   10     35
4767744   10     36
4898816   10     37
5029888   10     38
5160960   10     39
5292032   10     40
5423104   10     41
5554176   10     42
5685248   10     43
5816320   10     44
5947392   10     45
6078464   10     46
6209536   10     47
8437760   10     48
8568832   10     49
8699904   10     50
8830976   10     51
8962048   10     52
9093120   10     53
9224192   10     54
9355264   10     55
9486336   10     56
9617408   10     57
9748480   10     58
9879552   10     59
10010624   10     60
10141696   10     61
10272768   10     62
10403840   10     63
10534912   10     64
10665984   10     65
10797056   10     66
10928128   10     67
11059200   10     68
11190272   10     69
11321344   10     70
11452416   10     71
11583488   10     72
11714560   10     73
11845632   10     74
11976704   10     75
12107776   10     76
12238848   10     77
12369920   10     78
12500992   10     79
12632064   10     80
12763136   10     81
12894208   10     82
13025280   10     83
13156352   10     84
13287424   10     85
13418496   10     86
13549568   10     87
13680640   10     88
13811712   10     89
13942784   10     90
14073856   10     91
14204928   10     92
14336000   10     93
14467072   10     94
14598144   10     95
16826368   10     96
16957440   10     97
17088512   10     98
17219584   10     99
17350656   10     100
17481728   10     101
17612800   10     102
17743872   10     103
17874944   10     104
18006016   10     105
18137088   10     106
18268160   10     107
18399232   10     108
18530304   10     109
18661376   10     110
18792448   10     111
18923520   10     112
19054592   10     113
19185664   10     114
19316736   10     115
19447808   10     116
19578880   10     117
19709952   10     118
19841024   10     119
19972096   10     120
20103168   10     121
20234240   10     122
20365312   10     123
20496384   10     124
20627456   10     125
20758528   10     126
20889600   10     127
21020672   10     128
21151744   10     129
21282816   10     130
21413888   10     131
21544960   10     132
21676032   10     133
21807104   10     134
21938176   10     135
22069248   10     136
22200320   10     137
22331392   10     138
22462464   10     139
22593536   10     140
22724608   10     141
22855680   10     142
22986752   10     143
33554432   10     144
33562624   10     145
33570816   10     146
33579008   10     147
33587200   10     148
33595392   10     149
33603584   10     150
33611776   10     151
33619968   10     152
33628160   10     153
33636352   10     154
33644544   10     155
33652736   10     156
33685504   10     157
33693696   10     158
33701888   10     159
33710080   10     160
33718272   10     161
33726464   10     162
33734656   10     163
33742848   10     164
33751040   10     165
33759232   10     166
33767424   10     167
33775616   10     168
33783808   10     169
33816576   10     170
33824768   10     171
33832960   10     172
33841152   10     173
33849344   10     174
33857536   10     175
33865728   10     176
33873920   10     177
33882112   10     178
33890304   10     179
33898496   10     180
33906688   10     181
33914880   10     182
33947648   10     183
33955840   10     184
33964032   10     185
33972224   10     186
33980416   10     187
33988608   10     188
33996800   10     189
34004992   10     190
34013184   10     191
34021376   10     192
34029568   10     193
34037760   10     194
34045952   10     195
34078720   10     196
34086912   10     197
34095104   10     198
34103296   10     199
34111488   10     200
34119680   10     201
34127872   10     202
34136064   10     203
34144256   10     204
34152448   10     205
34160640   10     206
34168832   10     207
34177024   10     208
34209792   10     209
34217984   10     210
34226176   10     211
34234368   10     212
34242560   10     213
34250752   10     214
34258944   10     215
34267136   10     216
34275328   10     217
34283520   10     218
34291712   10     219
34299904   10     220
34308096   10     221
34340864   10     222
34349056   10     223
34357248   10     224
34365440   10     225
34373632   10     226
34381824   10     227
34390016   10     228
34398208   10     229
34406400   10     230
34414592   10     231
34422784   10     232
34430976   10     233
34439168   10     234
34471936   10     235
34480128   10     236
34488320   10     237
34496512   10     238
34504704   10     239
34512896   10     240
34521088   10     241
34529280   10     242
34537472   10     243
34545664   10     244
34553856   10     245
34562048   10     246
34570240   10     247
34603008   10     248
34611200   10     249
34619392   10     250
34627584   10     251
34635776   10     252
34643968   10     253
34652160   10     254
34660352   10     255
34668544   10     256
34676736   10     257
34684928   10     258
34693120   10     259
34701312   10     260
34734080   10     261
34742272   10     262
34750464   10     263
34758656   10     264
34766848   10     265
34775040   10     266
34783232   10     267
34791424   10     268
34799616   10     269
34807808   10     270
34816000   10     271
34824192   10     272
34832384   10     273
34865152   10     274
34873344   10     275
34881536   10     276
34889728   10     277
34897920   10     278
34906112   10     279
34914304   10     280
34922496   10     281
34930688   10     282
34938880   10     283
34947072   10     284
34955264   10     285
34963456   10     286
34996224   10     287
35004416   10     288
35012608   10     289
35020800   10     290
35028992   10     291
35037184   10     292
35045376   10     293
35053568   10     294
35061760   10     295
35069952   10     296
35078144   10     297
35086336   10     298
35094528   10     299
35127296   10     300
35135488   10     301
35143680   10     302
35151872   10     303
35160064   10     304
35168256   10     305
35176448   10     306
35184640   10     307
35192832   10     308
35201024   10     309
35209216   10     310
35217408   10     311
35225600   10     312
35258368   10     313
35266560   10     314
35274752   10     315
35282944   10     316
35291136   10     317
35299328   10     318
35307520   10     319
35315712   10     320
35323904   10     321
35332096   10     322
35340288   10     323
35348480   10     324
35356672   10     325
35389440   10     326
35397632   10     327
35405824   10     328
35414016   10     329
35422208   10     330
35430400   10     331
35438592   10     332
35446784   10     333
35454976   10     334
35463168   10     335
35471360   10     336
35479552   10     337
35487744   10     338
35520512   10     339
35528704   10     340
35536896   10     341
35545088   10     342
35553280   10     343
35561472   10     344
35569664   10     345
35577856   10     346
35586048   10     347
35594240   10     348
35602432   10     349
35610624   10     350
35618816   10     351
35651584   10     352
35659776   10     353
35667968   10     354
35676160   10     355
35684352   10     356
35692544   10     357
35700736   10     358
35708928   10     359
35717120   10     360
35725312   10     361
35733504   10     362
35741696   10     363
35749888   10     364
35782656   10     365
35790848   10     366
35799040   10     367
35807232   10     368
35815424   10     369
35823616   10     370
35831808   10     371
35840000   10     372
35848192   10     373
35856384   10     374
35864576   10     375
35872768   10     376
35880960   10     377
35913728   10     378
35921920   10     379
35930112   10     380
35938304   10     381
35946496   10     382
35954688   10     383
35962880   10     384
35971072   10     385
35979264   10     386
35987456   10     387
35995648   10     388
36003840   10     389
36012032   10     390
36044800   10     391
36052992   10     392
36061184   10     393
36069376   10     394
36077568   10     395
36085760   10     396
36093952   10     397
36102144   10     398
36110336   10     399
36118528   10     400
36126720   10     401
36134912   10     402
36143104   10     403
36175872   10     404
36184064   10     405
36192256   10     406
36200448   10     407
36208640   10     408
36216832   10     409
36225024   10     410
36233216   10     411
36241408   10     412
36249600   10     413
36257792   10     414
36265984   10     415
36274176   10     416
36306944   10     417
36315136   10     418
36323328   10     419
36331520   10     420
36339712   10     421
36347904   10     422
36356096   10     423
36364288   10     424
36372480   10     425
36380672   10     426
36388864   10     427
36397056   10     428
36405248   10     429
41943040   10     430
41951232   10     431
41959424   10     432
41967616   10     433
41975808   10     434
41984000   10     435
41992192   10     436
42000384   10     437
42008576   10     438
42016768   10     439
42024960   10     440
42033152   10     441
42041344   10     442
42074112   10     443
42082304   10     444
42090496   10     445
42098688   10     446
42106880   10     447
42115072   10     448
42123264   10     449
42131456   10     450
42139648   10     451
42147840   10     452
42156032   10     453
42164224   10     454
42172416   10     455
42205184   10     456
42213376   10     457
42221568   10     458
42229760   10     459
42237952   10     460
42246144   10     461
42254336   10     462
42262528   10     463
42270720   10     464
42278912   10     465
42287104   10     466
42295296   10     467
42303488   10     468
42336256   10     469
42344448   10     470
42352640   10     471
42360832   10     472
42369024   10     473
42377216   10     474
42385408   10     475
42393600   10     476
42401792   10     477
42409984   10     478
42418176   10     479
42426368   10     480
42434560   10     481
42467328   10     482
42475520   10     483
42483712   10     484
42491904   10     485
42500096   10     486
42508288   10     487
42516480   10     488
42524672   10     489
42532864   10     490
42541056   10     491
42549248   10     492
42557440   10     493
42565632   10     494
42598400   10     495
42606592   10     496
42614784   10     497
42622976   10     498
42631168   10     499
42639360   10     500
42647552   10     501
42655744   10     502
42663936   10     503
42672128   10     504
42680320   10     505
42688512   10     506
42696704   10     507
42729472   10     508
42737664   10     509
42745856   10     510
42754048   10     511
42762240   10     512
42770432   10     513
42778624   10     514
42786816   10     515
42795008   10     516
42803200   10     517
42811392   10     518
42819584   10     519
42827776   10     520
42860544   10     521
42868736   10     522
42876928   10     523
42885120   10     524
42893312   10     525
42901504   10     526
42909696   10     527
42917888   10     528
42926080   10     529
42934272   10     530
42942464   10     531
42950656   10     532
42958848   10     533
42991616   10     534
42999808   10     535
43008000   10     536
43016192   10     537
43024384   10     538
43032576   10     539
43040768   10     540
43048960   10     541
43057152   10     542
43065344   10     543
43073536   10     544
43081728   10     545
43089920   10     546
43122688   10     547
43130880   10     548
43139072   10     549
43147264   10     550
43155456   10     551
43163648   10     552
43171840   10     553
43180032   10     554
43188224   10     555
43196416   10     556
43204608   10     557
43212800   10     558
43220992   10     559
43253760   10     560
43261952   10     561
43270144   10     562
43278336   10     563
43286528   10     564
43294720   10     565
43302912   10     566
43311104   10     567
43319296   10     568
43327488   10     569
43335680   10     570
43343872   10     571
43352064   10     572
43384832   10     573
43393024   10     574
43401216   10     575
43409408   10     576
43417600   10     577
43425792   10     578
43433984   10     579
43442176   10     580
43450368   10     581
43458560   10     582
43466752   10     583
43474944   10     584
43483136   10     585
43515904   10     586
43524096   10     587
43532288   10     588
43540480   10     589
43548672   10     590
43556864   10     591
43565056   10     592
43573248   10     593
43581440   10     594
43589632   10     595
43597824   10     596
43606016   10     597
43614208   10     598
43646976   10     599
43655168   10     600
43663360   10     601
43671552   10     602
43679744   10     603
43687936   10     604
43696128   10     605
43704320   10     606
43712512   10     607
43720704   10     608
43728896   10     609
43737088   10     610
43745280   10     611
43778048   10     612
43786240   10     613
43794432   10     614
43802624   10     615
43810816   10     616
43819008   10     617
43827200   10     618
43835392   10     619
43843584   10     620
43851776   10     621
43859968   10     622
43868160   10     623
43876352   10     624
43909120   10     625
43917312   10     626
43925504   10     627
43933696   10     628
43941888   10     629
43950080   10     630
43958272   10     631
43966464   10     632
43974656   10     633
43982848   10     634
43991040   10     635
43999232   10     636
44007424   10     637
44040192   10     638
44048384   10     639
44056576   10     640
44064768   10     641
44072960   10     642
44081152   10     643
44089344   10     644
44097536   10     645
44105728   10     646
44113920   10     647
44122112   10     648
44130304   10     649
44138496   10     650
44171264   10     651
44179456   10     652
44187648   10     653
44195840   10     654
44204032   10     655
44212224   10     656
44220416   10     657
44228608   10     658
44236800   10     659
44244992   10     660
44253184   10     661
44261376   10     662
44269568   10     663
44302336   10     664
44310528   10     665
44318720   10     666
44326912   10     667
44335104   10     668
44343296   10     669
44351488   10     670
44359680   10     671
44367872   10     672
44376064   10     673
44384256   10     674
44392448   10     675
44400640   10     676
44433408   10     677
44441600   10     678
44449792   10     679
44457984   10     680
44466176   10     681
44474368   10     682
44482560   10     683
44490752   10     684
44498944   10     685
44507136   10     686
44515328   10     687
44523520   10     688
44531712   10     689
44564480   10     690
44572672   10     691
44580864   10     692
44589056   10     693
44597248   10     694
44605440   10     695
44613632   10     696
44621824   10     697
44630016   10     698
44638208   10     699
44646400   10     700
44654592   10     701
44662784   10     702
44695552   10     703
44703744   10     704
44711936   10     705
44720128   10     706
44728320   10     707
44736512   10     708
44744704   10     709
44752896   10     710
44761088   10     711
44769280   10     712
44777472   10     713
44785664   10     714
44793856   10     715
44826624   10     716
44834816   10     717
44843008   10     718
44851200   10     719
44859392   10     720
44867584   10     721
44875776   10     722
44883968   10     723
44892160   10     724
44900352   10     725
44908544   10     726
44916736   10     727
44924928   10     728
44957696   10     729
44965888   10     730
44974080   10     731
44982272   10     732
44990464   10     733
44998656   10     734
45006848   10     735
45015040   10     736
45023232   10     737
45031424   10     738
45039616   10     739
45047808   10     740
45056000   10     741
45088768   10     742
45096960   10     743
45105152   10     744
45113344   10     745
45121536   10     746
45129728   10     747
45137920   10     748
45146112   10     749
45154304   10     750
45162496   10     751
45170688   10     752
45178880   10     753
45187072   10     754
45219840   10     755
45228032   10     756
45236224   10     757
45244416   10     758
45252608   10     759
45260800   10     760
45268992   10     761
45277184   10     762
45285376   10     763
45293568   10     764
45301760   10     765
45309952   10     766
45318144   10     767
45350912   10     768
45359104   10     769
45367296   10     770
45375488   10     771
45383680   10     772
45391872   10     773
45400064   10     774
45408256   10     775
45416448   10     776
45424640   10     777
45432832   10     778
45441024   10     779
45449216   10     780
45481984   10     781
45490176   10     782
45498368   10     783
45506560   10     784
45514752   10     785
45522944   10     786
45531136   10     787
45539328   10     788
45547520   10     789
45555712   10     790
45563904   10     791
45572096   10     792
45580288   10     793
45613056   10     794
45621248   10     795
45629440   10     796
45637632   10     797
45645824   10     798
45654016   10     799
45662208   10     800
45670400   10     801
45678592   10     802
45686784   10     803
45694976   10     804
45703168   10     805
45711360   10     806
45744128   10     807
45752320   10     808
45760512   10     809
45768704   10     810
45776896   10     811
45785088   10     812
45793280   10     813
45801472   10     814
45809664   10     815
45817856   10     816
45826048   10     817
45834240   10     818
45842432   10     819
45875200   10     820
45883392   10     821
45891584   10     822
45899776   10     823
45907968   10     824
45916160   10     825
45924352   10     826
45932544   10     827
45940736   10     828
45948928   10     829
45957120   10     830
45965312   10     831
45973504   10     832
46006272   10     833
46014464   10     834
46022656   10     835
46030848   10     836
46039040   10     837
46047232   10     838
46055424   10     839
46063616   10     840
46071808   10     841
46080000   10     842
46088192   10     843
46096384   10     844
46104576   10     845
46137344   10     846
46145536   10     847
46153728   10     848
46161920   10     849
46170112   10     850
46178304   10     851
46186496   10     852
46194688   10     853
46202880   10     854
46211072   10     855
46219264   10     856
46227456   10     857
46235648   10     858
46268416   10     859
46276608   10     860
46284800   10     861
46292992   10     862
46301184   10     863
46309376   10     864
46317568   10     865
46325760   10     866
46333952   10     867
46342144   10     868
46350336   10     869
46358528   10     870
46366720   10     871
46399488   10     872
46407680   10     873
46415872   10     874
46424064   10     875
46432256   10     876
46440448   10     877
46448640   10     878
46456832   10     879
46465024   10     880
46473216   10     881
46481408   10     882
46489600   10     883
46497792   10     884
46530560   10     885
46538752   10     886
46546944   10     887
46555136   10     888
46563328   10     889
46571520   10     890
46579712   10     891
46587904   10     892
46596096   10     893
46604288   10     894
46612480   10     895
46620672   10     896
46628864   10     897
46661632   10     898
46669824   10     899
46678016   10     900
46686208   10     901
46694400   10     902
46702592   10     903
46710784   10     904
46718976   10     905
46727168   10     906
46735360   10     907
46743552   10     908
46751744   10     909
46759936   10     910
46792704   10     911
46800896   10     912
46809088   10     913
46817280   10     914
46825472   10     915
46833664   10     916
46841856   10     917
46850048   10     918
46858240   10     919
46866432   10     920
46874624   10     921
46882816   10     922
46891008   10     923
50331648   10     924
50339840   10     925
50348032   10     926
50356224   10     927
50364416   10     928
50372608   10     929
50380800   10     930
50388992   10     931
50397184   10     932
50405376   10     933
50413568   10     934
50421760   10     935
50429952   10     936
50462720   10     937
50470912   10     938
50479104   10     939
50487296   10     940
50495488   10     941
50503680   10     942
50511872   10     943
50520064   10     944
50528256   10     945
50536448   10     946
50544640   10     947
50552832   10     948
50561024   10     949
50593792   10     950
50601984   10     951
50610176   10     952
50618368   10     953
50626560   10     954
50634752   10     955
50642944   10     956
50651136   10     957
50659328   10     958
50667520   10     959
50675712   10     960
50683904   10     961
50692096   10     962
50724864   10     963
50733056   10     964
50741248   10     965
50749440   10     966
50757632   10     967
50765824   10     968
50774016   10     969
50782208   10     970
50790400   10     971
50798592   10     972
50806784   10     973
50814976   10     974
50823168   10     975
50855936   10     976
50864128   10     977
50872320   10     978
50880512   10     979
50888704   10     980
50896896   10     981
50905088   10     982
50913280   10     983
50921472   10     984
50929664   10     985
50937856   10     986
50946048   10     987
50954240   10     988
50987008   10     989
50995200   10     990
51003392   10     991
51011584   10     992
51019776   10     993
51027968   10     994
51036160   10     995
51044352   10     996
51052544   10     997
51060736   10     998
51068928   10     999
51077120   10     1000
51085312   10     1001
51118080   10     1002
51126272   10     1003
51134464   10     1004
51142656   10     1005
51150848   10     1006
51159040   10     1007
51167232   10     1008
51175424   10     1009
51183616   10     1010
51191808   10     1011
51200000   10     1012
51208192   10     1013
51216384   10     1014
51249152   10     1015
51257344   10     1016
51265536   10     1017
51273728   10     1018
51281920   10     1019
51290112   10     1020
51298304   10     1021
51306496   10     1022
51314688   10     1023
51322880   10     1024
51331072   10     1025
51339264   10     1026
51347456   10     1027
51380224   10     1028
51388416   10     1029
51396608   10     1030
51404800   10     1031
51412992   10     1032
51421184   10     1033
51429376   10     1034
51437568   10     1035
51445760   10     1036
51453952   10     1037
51462144   10     1038
51470336   10     1039
51478528   10     1040
51511296   10     1041
51519488   10     1042
51527680   10     1043
51535872   10     1044
51544064   10     1045
51552256   10     1046
51560448   10     1047
51568640   10     1048
51576832   10     1049
51585024   10     1050
51593216   10     1051
51601408   10     1052
51609600   10     1053
51642368   10     1054
51650560   10     1055
51658752   10     1056
51666944   10     1057
51675136   10     1058
51683328   10     1059
51691520   10     1060
51699712   10     1061
51707904   10     1062
51716096   10     1063
51724288   10     1064
51732480   10     1065
51740672   10     1066
51773440   10     1067
51781632   10     1068
51789824   10     1069
51798016   10     1070
51806208   10     1071
51814400   10     1072
51822592   10     1073
51830784   10     1074
51838976   10     1075
51847168   10     1076
51855360   10     1077
51863552   10     1078
51871744   10     1079
51904512   10     1080
51912704   10     1081
51920896   10     1082
51929088   10     1083
51937280   10     1084
51945472   10     1085
51953664   10     1086
51961856   10     1087
51970048   10     1088
51978240   10     1089
51986432   10     1090
51994624   10     1091
52002816   10     1092
52035584   10     1093
52043776   10     1094
52051968   10     1095
52060160   10     1096
52068352   10     1097
52076544   10     1098
52084736   10     1099
52092928   10     1100
52101120   10     1101
52109312   10     1102
52117504   10     1103
52125696   10     1104
52133888   10     1105
52166656   10     1106
52174848   10     1107
52183040   10     1108
52191232   10     1109
52199424   10     1110
52207616   10     1111
52215808   10     1112
52224000   10     1113
52232192   10     1114
52240384   10     1115
52248576   10     1116
52256768   10     1117
52264960   10     1118
52297728   10     1119
52305920   10     1120
52314112   10     1121
52322304   10     1122
52330496   10     1123
52338688   10     1124
52346880   10     1125
52355072   10     1126
52363264   10     1127
52371456   10     1128
52379648   10     1129
52387840   10     1130
52396032   10     1131
52428800   10     1132
52436992   10     1133
52445184   10     1134
52453376   10     1135
52461568   10     1136
52469760   10     1137
52477952   10     1138
52486144   10     1139
52494336   10     1140
52502528   10     1141
52510720   10     1142
52518912   10     1143
52527104   10     1144
52559872   10     1145
52568064   10     1146
52576256   10     1147
52584448   10     1148
52592640   10     1149
52600832   10     1150
52609024   10     1151
52617216   10     1152
52625408   10     1153
52633600   10     1154
52641792   10     1155
52649984   10     1156
52658176   10     1157
52690944   10     1158
52699136   10     1159
52707328   10     1160
52715520   10     1161
52723712   10     1162
52731904   10     1163
52740096   10     1164
52748288   10     1165
52756480   10     1166
52764672   10     1167
52772864   10     1168
52781056   10     1169
52789248   10     1170
52822016   10     1171
52830208   10     1172
52838400   10     1173
52846592   10     1174
52854784   10     1175
52862976   10     1176
52871168   10     1177
52879360   10     1178
52887552   10     1179
52895744   10     1180
52903936   10     1181
52912128   10     1182
52920320   10     1183
52953088   10     1184
52961280   10     1185
52969472   10     1186
52977664   10     1187
52985856   10     1188
52994048   10     1189
53002240   10     1190
53010432   10     1191
53018624   10     1192
53026816   10     1193
53035008   10     1194
53043200   10     1195
53051392   10     1196
53084160   10     1197
53092352   10     1198
53100544   10     1199
53108736   10     1200
53116928   10     1201
53125120   10     1202
53133312   10     1203
53141504   10     1204
53149696   10     1205
53157888   10     1206
53166080   10     1207
53174272   10     1208
53182464   10     1209
53215232   10     1210
53223424   10     1211
53231616   10     1212
53239808   10     1213
53248000   10     1214
53256192   10     1215
53264384   10     1216
53272576   10     1217
53280768   10     1218
53288960   10     1219
53297152   10     1220
53305344   10     1221
53313536   10     1222
53346304   10     1223
53354496   10     1224
53362688   10     1225
53370880   10     1226
53379072   10     1227
53387264   10     1228
53395456   10     1229
53403648   10     1230
53411840   10     1231
53420032   10     1232
53428224   10     1233
53436416   10     1234
53444608   10     1235
53477376   10     1236
53485568   10     1237
53493760   10     1238
53501952   10     1239
53510144   10     1240
53518336   10     1241
53526528   10     1242
53534720   10     1243
53542912   10     1244
53551104   10     1245
53559296   10     1246
53567488   10     1247
53575680   10     1248
53608448   10     1249
53616640   10     1250
53624832   10     1251
53633024   10     1252
53641216   10     1253
53649408   10     1254
53657600   10     1255
53665792   10     1256
53673984   10     1257
53682176   10     1258
53690368   10     1259
53698560   10     1260
53706752   10     1261
53739520   10     1262
53747712   10     1263
53755904   10     1264
53764096   10     1265
53772288   10     1266
53780480   10     1267
53788672   10     1268
53796864   10     1269
53805056   10     1270
53813248   10     1271
53821440   10     1272
53829632   10     1273
53837824   10     1274
53870592   10     1275
53878784   10     1276
53886976   10     1277
53895168   10     1278
53903360   10     1279
53911552   10     1280
53919744   10     1281
53927936   10     1282
53936128   10     1283
53944320   10     1284
53952512   10     1285
53960704   10     1286
53968896   10     1287
54001664   10     1288
54009856   10     1289
54018048   10     1290
54026240   10     1291
54034432   10     1292
54042624   10     1293
54050816   10     1294
54059008   10     1295
54067200   10     1296
54075392   10     1297
54083584   10     1298
54091776   10     1299
54099968   10     1300
54132736   10     1301
54140928   10     1302
54149120   10     1303
54157312   10     1304
54165504   10     1305
54173696   10     1306
54181888   10     1307
54190080   10     1308
54198272   10     1309
54206464   10     1310
54214656   10     1311
54222848   10     1312
54231040   10     1313
54263808   10     1314
54272000   10     1315
54280192   10     1316
54288384   10     1317
54296576   10     1318
54304768   10     1319
54312960   10     1320
54321152   10     1321
54329344   10     1322
54337536   10     1323
54345728   10     1324
54353920   10     1325
54362112   10     1326
54394880   10     1327
54403072   10     1328
54411264   10     1329
54419456   10     1330
54427648   10     1331
54435840   10     1332
54444032   10     1333
54452224   10     1334
54460416   10     1335
54468608   10     1336
54476800   10     1337
54484992   10     1338
54493184   10     1339
54525952   10     1340
54534144   10     1341
54542336   10     1342
54550528   10     1343
54558720   10     1344
54566912   10     1345
54575104   10     1346
54583296   10     1347
54591488   10     1348
54599680   10     1349
54607872   10     1350
54616064   10     1351
54624256   10     1352
54657024   10     1353
54665216   10     1354
54673408   10     1355
54681600   10     1356
54689792   10     1357
54697984   10     1358
54706176   10     1359
54714368   10     1360
54722560   10     1361
54730752   10     1362
54738944   10     1363
54747136   10     1364
54755328   10     1365
54788096   10     1366
54796288   10     1367
54804480   10     1368
54812672   10     1369
54820864   10     1370
54829056   10     1371
54837248   10     1372
54845440   10     1373
54853632   10     1374
54861824   10     1375
54870016   10     1376
54878208   10     1377
54886400   10     1378
54919168   10     1379
54927360   10     1380
54935552   10     1381
54943744   10     1382
54951936   10     1383
54960128   10     1384
54968320   10     1385
54976512   10     1386
54984704   10     1387
54992896   10     1388
55001088   10     1389
55009280   10     1390
55017472   10     1391
55050240   10     1392
55058432   10     1393
55066624   10     1394
55074816   10     1395
55083008   10     1396
55091200   10     1397
55099392   10     1398
55107584   10     1399
55115776   10     1400
55123968   10     1401
55132160   10     1402
55140352   10     1403
55148544   10     1404
55181312   10     1405
55189504   10     1406
55197696   10     1407
55205888   10     1408
55214080   10     1409
55222272   10     1410
55230464   10     1411
55238656   10     1412
55246848   10     1413
55255040   10     1414
55263232   10     1415
55271424   10     1416
55279616   10     1417
55312384   10     1418
55320576   10     1419
55328768   10     1420
55336960   10     1421
55345152   10     1422
55353344   10     1423
55361536   10     1424
55369728   10     1425
55377920   10     1426
55386112   10     1427
55394304   10     1428
55402496   10     1429
55410688   10     1430
55443456   10     1431
55451648   10     1432
55459840   10     1433
55468032   10     1434
55476224   10     1435
55484416   10     1436
55492608   10     1437
55500800   10     1438
55508992   10     1439
55517184   10     1440
55525376   10     1441
55533568   10     1442
55541760   10     1443
55574528   10     1444
55582720   10     1445
55590912   10     1446
55599104   10     1447
55607296   10     1448
55615488   10     1449
55623680   10     1450
55631872   10     1451
55640064   10     1452
55648256   10     1453
55656448   10     1454
55664640   10     1455
55672832   10     1456
55705600   10     1457
55713792   10     1458
55721984   10     1459
55730176   10     1460
55738368   10     1461
55746560   10     1462
55754752   10     1463
55762944   10     1464
55771136   10     1465
55779328   10     1466
55787520   10     1467
55795712   10     1468
55803904   10     1469
55836672   10     1470
55844864   10     1471
55853056   10     1472
55861248   10     1473
55869440   10     1474
55877632   10     1475
55885824   10     1476
55894016   10     1477
55902208   10     1478
55910400   10     1479
55918592   10     1480
55926784   10     1481
55934976   10     1482
55967744   10     1483
55975936   10     1484
55984128   10     1485
55992320   10     1486
56000512   10     1487
56008704   10     1488
56016896   10     1489
56025088   10     1490
56033280   10     1491
56041472   10     1492
56049664   10     1493
56057856   10     1494
56066048   10     1495
56098816   10     1496
56107008   10     1497
56115200   10     1498
56123392   10     1499
56131584   10     1500
56139776   10     1501
56147968   10     1502
56156160   10     1503
56164352   10     1504
56172544   10     1505
56180736   10     1506
56188928   10     1507
56197120   10     1508
56229888   10     1509
56238080   10     1510
56246272   10     1511
56254464   10     1512
56262656   10     1513
56270848   10     1514
56279040   10     1515
56287232   10     1516
56295424   10     1517
56303616   10     1518
56311808   10     1519
56320000   10     1520
56328192   10     1521
56360960   10     1522
56369152   10     1523
56377344   10     1524
56385536   10     1525
56393728   10     1526
56401920   10     1527
56410112   10     1528
56418304   10     1529
56426496   10     1530
56434688   10     1531
56442880   10     1532
56451072   10     1533
56459264   10     1534
56492032   10     1535
56500224   10     1536
56508416   10     1537
56516608   10     1538
56524800   10     1539
56532992   10     1540
56541184   10     1541
56549376   10     1542
56557568   10     1543
56565760   10     1544
56573952   10     1545
56582144   10     1546
56590336   10     1547
56623104   10     1548
56631296   10     1549
56639488   10     1550
56647680   10     1551
56655872   10     1552
56664064   10     1553
56672256   10     1554
56680448   10     1555
56688640   10     1556
56696832   10     1557
56705024   10     1558
56713216   10     1559
56721408   10     1560
56754176   10     1561
56762368   10     1562
56770560   10     1563
56778752   10     1564
56786944   10     1565
56795136   10     1566
56803328   10     1567
56811520   10     1568
56819712   10     1569
56827904   10     1570
56836096   10     1571
56844288   10     1572
56852480   10     1573
56885248   10     1574
56893440   10     1575
56901632   10     1576
56909824   10     1577
56918016   10     1578
56926208   10     1579
56934400   10     1580
56942592   10     1581
56950784   10     1582
56958976   10     1583
56967168   10     1584
56975360   10     1585
56983552   10     1586
57016320   10     1587
57024512   10     1588
57032704   10     1589
57040896   10     1590
57049088   10     1591
57057280   10     1592
57065472   10     1593
57073664   10     1594
57081856   10     1595
57090048   10     1596
57098240   10     1597
57106432   10     1598
57114624   10     1599
67158016   10     1600
67289088   10     1601
67420160   10     1602
67551232   10     1603
67682304   10     1604
67813376   10     1605
67944448   10     1606
68075520   10     1607
68206592   10     1608
68337664   10     1609
68468736   10     1610
68599808   10     1611
68730880   10     1612
68861952   10     1613
68993024   10     1614
69124096   10     1615
69255168   10     1616
69386240   10     1617
69517312   10     1618
69648384   10     1619
69779456   10     1620
69910528   10     1621
70041600   10     1622
70172672   10     1623
70303744   10     1624
70434816   10     1625
70565888   10     1626
70696960   10     1627
70828032   10     1628
70959104   10     1629
71090176   10     1630
71221248   10     1631
71352320   10     1632
71483392   10     1633
71614464   10     1634
71745536   10     1635
71876608   10     1636
72007680   10     1637
72138752   10     1638
72269824   10     1639
72400896   10     1640
72531968   10     1641
72663040   10     1642
72794112   10     1643
72925184   10     1644
73056256   10     1645
73187328   10     1646
73318400   10     1647
75546624   10     1648
75677696   10     1649
75808768   10     1650
75939840   10     1651
76070912   10     1652
76201984   10     1653
76333056   10     1654
76464128   10     1655
76595200   10     1656
76726272   10     1657
76857344   10     1658
76988416   10     1659
77119488   10     1660
77250560   10     1661
77381632   10     1662
77512704   10     1663
77643776   10     1664
77774848   10     1665
77905920   10     1666
78036992   10     1667
78168064   10     1668
78299136   10     1669
78430208   10     1670
78561280   10     1671
78692352   10     1672
78823424   10     1673
78954496   10     1674
79085568   10     1675
79216640   10     1676
79347712   10     1677
79478784   10     1678
79609856   10     1679
79740928   10     1680
79872000   10     1681
80003072   10     1682
80134144   10     1683
80265216   10     1684
80396288   10     1685
80527360   10     1686
80658432   10     1687
80789504   10     1688
80920576   10     1689
81051648   10     1690
81182720   10     1691
81313792   10     1692
81444864   10     1693
81575936   10     1694
81707008   10     1695
83935232   10     1696
84066304   10     1697
84197376   10     1698
84328448   10     1699
84459520   10     1700
84590592   10     1701
84721664   10     1702
84852736   10     1703
84983808   10     1704
85114880   10     1705
85245952   10     1706
85377024   10     1707
85508096   10     1708
85639168   10     1709
85770240   10     1710
85901312   10     1711
86032384   10     1712
86163456   10     1713
86294528   10     1714
86425600   10     1715
86556672   10     1716
86687744   10     1717
86818816   10     1718
86949888   10     1719
87080960   10     1720
87212032   10     1721
87343104   10     1722
87474176   10     1723
87605248   10     1724
87736320   10     1725
87867392   10     1726
87998464   10     1727
88129536   10     1728
88260608   10     1729
88391680   10     1730
88522752   10     1731
88653824   10     1732
88784896   10     1733
88915968   10     1734
89047040   10     1735
89178112   10     1736
89309184   10     1737
89440256   10     1738
89571328   10     1739
89702400   10     1740
89833472   10     1741
89964544   10     1742
90095616   10     1743
79478784   12     3678
79609856   15     2679
79740928   15     2680
79872000   15     2681
80003072   15     2682
80134144   15     2683
80265216   15     2684
80396288   15     2685
80527360   15     2686
80658432   15     2687
80789504   15     2688
80920576   15     2689
81051648   15     2690
81182720   15     2691
81313792   15     2692
81444864   15     2693
81575936   15     2694
81707008   15     2695
83935232   15     2696
84066304   15     2697
84197376   15     2698
84328448   15     2699
84459520   15     2700
84590592   15     2701
84721664   15     2702
84852736   15     2703
84983808   15     2704
85114880   15     2705
85245952   15     2706
85377024   15     2707
85508096   15     2708
85639168   15     2709
85770240   15     2710
85901312   15     2711
84066304   20     8697
84197376   20     8698
84328448   20     8699
84459520   20     8700
84590592   20     8701
35225600   12     12
35258368   12     13
35266560   12     14
35274752   12     15
35282944   12     16
35291136   12     17
35299328   12     18
35307520   12     19
35315712   12     20
35323904   12     21
35332096   12     22
35340288   12     23
35348480   12     24
35356672   12     25
35389440   12     26
35397632   12     27
35405824   12     28
35414016   12     29
35422208   12     30
35430400   12     31
35438592   12     32
35446784   12     33
35454976   12     34
35463168   12     35
35471360   12     36
35479552   12     37
35487744   12     38
35520512   12     39
35528704   12     40
35536896   12     41
704512   17     -5
835584   17     -6
966656   17     -7
1097728   17     -8
1228800   17     -9
1359872   17     -10
1490944   17     -11
1622016   17     -12
1753088   17     -13
1884160   17     -14
2015232   17     -15
2146304   17     -16
2277376   17     -17
2408448   17     -18
2539520   17     -19
2670592   17     -20
2801664   17     -21
2932736   17     -22
3063808   17     -23
3194880   17     -24
