-2.7	-2.25	1.64576	0.03707	    1.00196	    0.002   1.57792	0.14043	    0.995188	0.002 1.72454 0.0356802   1.00102     0.002
-2.25	-2	    1.50401	0.02768	    1.00136	    0.002	1.21366	0.0294347	0.998916	0.002 1.70994 0.17711     1.0002      0.002
-2	    -1.7	1.39296	0.0104201	1.00122	    0.001	1.26207	0.02312	    0.998774	0.001 1.46486 0.13119     1.00078     0.001
-1.7	-1.5	1.348	0.0138008	0.999606	0.001	1.18423	0.02698	    0.99876	    0.001 1.44377 0.08677     0.994619    0.001
-1.5	-1.05	1.46828	0.0112366	0.996918	0.001	1.23556	0.00490003	0.998762	0.001 1.7032  0.0178725   0.990465    0.001
-1.05	-0.8	1.34497	0.032757	0.997617	0.001	1.21277	0.0159531	0.998325	0.001 1.28552 0.03743     0.996729    0.001
-0.8	-0.4	1.3728	0.00654002	0.997931	0.001	1.23861	0.03327	    0.999042	0.001 1.27698 0.01736     0.996357    0.001
-0.4	0	    1.34674	0.00680036	0.998323	0.001	1.22779	0.0050992	0.999306	0.001 1.288   0.01827     0.995944    0.001
0	    0.4	    1.36077	0.0125798	0.997875	0.001	1.19883	0.05252	    0.998822	0.001 1.36366 0.0253437   0.995       0.001
0.4	    0.8	    1.31222	0.00990016	0.998175	0.001	1.216	0.02527	    0.999178	0.001 1.24932 0.02695     0.9962      0.001
0.8	    1.05	1.31223	0.01362	    0.998347	0.001	1.18011	0.0253106	0.99891	    0.001 1.31213 0.02635     0.997342    0.001
1.05	1.5	    1.364	0.00242008	0.996962	0.001	1.21733	0.10893	    0.998531	0.001 1.58929 0.0375504   0.988613    0.001
1.5	    1.7	    1.2942	0.02089	    0.999538	0.001	1.15373	0.01911	    0.998842	0.001 1.59171 0.0181265   0.994783    0.001
1.7	    2	    1.4671	0.0102601	1.00094	    0.001	1.24365	0.0151003	1.001	    0.001 1.41285 0.0259901   1.00098     0.001
2	    2.25	1.48788	0.0604001	1.0006	    0.002   1.21543 0.00789003  0.998399    0.002 1.65478 0.173672    1.0005      0.002
2.25	2.7	    1.59077	0.0126901	1.00218	    0.002   1.46591 0.0353869   0.995447    0.002 1.59722 0.0367861   1.00074     0.002
