Scale_ID     s0_MS        Scale_MS     Scale_ID_SUp s0_MS_SUp    Scale_MS_SUp Scale_ID_SDw s0_MS_SDw    Scale_MS_SDw Scale_CB     Scale_CB_err 
-0.00071739  -0.02078711  -0.00264449  0.00207903   0.01339516   0.00395561   0.00242540   0.07435153   0.00040983   -1           -1           
-0.00071739  -0.07408550  0.00069124   0.00207903   0.04120596   0.00236312   0.00242540   0.02532856   0.00046098   -1           -1           
0.00027751   -0.03223048  -0.00053751  0.00021847   0.01484853   0.00170400   0.00119080   0.02775580   0.00065035   -1           -1           
0.00027751   -0.06632053  0.00108990   0.00021847   0.01182147   0.00013837   0.00119080   0.01457148   0.00083559   -1           -1           
-0.00076863  -0.02932061  0.00065820   0.00030405   0.02422790   0.00025787   0.00028555   0.00401777   0.00137295   -1           -1           
-0.00076863  -0.03331790  0.00123303   0.00030405   0.00550541   0.00027071   0.00028555   0.00663864   0.00038074   -1           -1           
-0.00066552  -0.02077869  -0.00181969  0.00023266   0.00339039   0.00138335   0.00037108   0.02829653   0.00041142   -1           -1           
-0.00066552  -0.03997067  -0.00284223  0.00023266   0.00940995   0.00101018   0.00037108   0.03164373   0.00030478   -1           -1           
-0.00075668  -0.04049394  -0.00387312  0.00024581   0.00674419   0.00089774   0.00033603   0.02399712   0.00075083   -1           -1           
-0.00075668  -0.02431351  -0.00360019  0.00024581   0.01166446   0.00023882   0.00033603   0.00997180   0.00066370   -1           -1           
-0.00077016  -0.02666016  0.00224974   0.00023899   0.01809584   0.00120735   0.00021297   0.03109638   0.00047685   -1           -1           
-0.00077016  -0.01591552  -0.00082510  0.00023899   0.01042319   0.00073204   0.00021297   0.03005979   0.00039161   -1           -1           
-0.00139619  -0.03937263  0.00449942   0.00021477   0.00596181   0.00069782   0.00021589   0.01726306   0.00036547   -1           -1           
-0.00139619  -0.00457249  -0.00128640  0.00021477   0.00547951   0.00035379   0.00021589   0.01612980   0.00022396   -1           -1           
-0.00139619  -0.03937263  0.00449942   0.00021477   0.00596181   0.00069782   0.00021589   0.01726306   0.00036547   -1           -1           
-0.00139619  -0.00457249  -0.00128640  0.00021477   0.00547951   0.00035379   0.00021589   0.01612980   0.00022396   -1           -1           
-0.00076160  -0.00059775  0.00382562   0.00024805   0.02783462   0.00025712   0.00020484   0.00496175   0.00106148   -1           -1           
-0.00076160  -0.01200014  -0.00052587  0.00024805   0.00540439   0.00046659   0.00020484   0.01345694   0.00016767   -1           -1           
-0.00076160  -0.00059775  0.00382562   0.00024805   0.02783462   0.00025712   0.00020484   0.00496175   0.00106148   -1           -1           
-0.00076160  -0.01200014  -0.00052587  0.00024805   0.00540439   0.00046659   0.00020484   0.01345694   0.00016767   -1           -1           
-0.00070473  -0.06712264  0.00444956   0.00023376   0.01318694   0.00025495   0.00020898   0.01106235   0.00055837   -1           -1           
-0.00070473  -0.04573947  0.00062134   0.00023376   0.01826653   0.00021911   0.00020898   0.01187158   0.00051099   -1           -1           
-0.00070473  -0.06712264  0.00444956   0.00023376   0.01318694   0.00025495   0.00020898   0.01106235   0.00055837   -1           -1           
-0.00070473  -0.04573947  0.00062134   0.00023376   0.01826653   0.00021911   0.00020898   0.01187158   0.00051099   -1           -1           
-0.00080021  -0.05366230  0.00350577   0.00024995   0.02060083   0.00064442   0.00020367   0.02312399   0.00052604   -1           -1           
-0.00080021  -0.04315364  0.00005651   0.00024995   0.00187850   0.00078520   0.00020367   0.02140981   0.00010634   -1           -1           
-0.00080021  -0.05366230  0.00350577   0.00024995   0.02060083   0.00064442   0.00020367   0.02312399   0.00052604   -1           -1           
-0.00080021  -0.04315364  0.00005651   0.00024995   0.00187850   0.00078520   0.00020367   0.02140981   0.00010634   -1           -1           
-0.00078780  -0.01157442  0.00290257   0.00038470   0.01515127   0.00023740   0.00022692   0.00684116   0.00050312   -1           -1           
-0.00078780  -0.00666022  -0.00022346  0.00038470   0.00770368   0.00026132   0.00022692   0.00919923   0.00021658   -1           -1           
-0.00078780  -0.01157442  0.00290257   0.00038470   0.01515127   0.00023740   0.00022692   0.00684116   0.00050312   -1           -1           
-0.00078780  -0.00666022  -0.00022346  0.00038470   0.00770368   0.00026132   0.00022692   0.00919923   0.00021658   -1           -1           
-0.00144646  -0.03986936  0.00197406   0.00021552   0.01438555   0.00050860   0.00027770   0.00562553   0.00055846   -1           -1           
-0.00144646  -0.00811989  -0.00047072  0.00021552   0.00537794   0.00011025   0.00027770   0.01476292   0.00045157   -1           -1           
-0.00144646  -0.03986936  0.00197406   0.00021552   0.01438555   0.00050860   0.00027770   0.00562553   0.00055846   -1           -1           
-0.00144646  -0.00811989  -0.00047072  0.00021552   0.00537794   0.00011025   0.00027770   0.01476292   0.00045157   -1           -1           
-0.00054838  -0.02778550  -0.00167168  0.00034722   0.01212525   0.00100802   0.00094424   0.01027270   0.00021989   -1           -1           
-0.00054838  -0.01547373  -0.00207008  0.00034722   0.01628970   0.00056908   0.00094424   0.01576407   0.00097657   -1           -1           
-0.00086072  -0.04211940  -0.00414384  0.00041008   0.03393432   0.00031894   0.00025421   0.01469743   0.00293901   -1           -1           
-0.00086072  -0.00693410  -0.00448210  0.00041008   0.00588342   0.00124234   0.00025421   0.02318842   0.00015526   -1           -1           
-0.00142775  -0.02657929  -0.00107196  0.00038102   0.00404603   0.00144644   0.00035096   0.02610187   0.00043095   -1           -1           
-0.00142775  -0.03720746  -0.00224848  0.00038102   0.01709543   0.00014279   0.00035096   0.00498066   0.00147524   -1           -1           
-0.00105471  -0.03402195  0.00078403   0.00029355   0.02694739   0.00044506   0.00020721   0.00225209   0.00054777   -1           -1           
-0.00105471  -0.03583605  0.00155177   0.00029355   0.00560735   0.00025238   0.00020721   0.02081697   0.00064106   -1           -1           
-0.00030528  -0.04201872  0.00046046   0.00027560   0.05110606   0.00012326   0.00047533   0.00266349   0.00152682   -1           -1           
-0.00030528  -0.04170070  0.00050822   0.00027560   0.00341172   0.00055642   0.00047533   0.01958383   0.00040444   -1           -1           
-0.00119997  -0.03016546  -0.00090420  0.00210682   0.03999236   0.00082914   0.00242618   0.02129649   0.00119683   -1           -1           
-0.00119997  -0.04399299  -0.00069084  0.00210682   0.02128132   0.00185766   0.00242618   0.02498297   0.00034639   -1           -1           
