
A  BIL  1  -6  0  1.523  3.073 -4.358 -0.001951 -0.000355 -0.000261 1611661312
A  BIL  2  -6  0  2.435 12.146 -1.080 0.000988 -0.001859 -0.003404 1611726848
A  BIL  3  -6  0 -4.976  0.678  0.593 0.002917 0.000092 0.000485 1611792384
A  BIL  4  -6  0 -5.911  2.084 -5.438 0.000163 -0.000961 0.002491 1611857920
A  BIL  5  -6  0 -8.942  4.408 -9.489 -0.001397 -0.000515 -0.002360 1611923456
A  BIL  7  -6  0 -2.894 17.299 -1.112 -0.002231 0.003188 -0.000357 1612054528
A  BIL  1  -5  0  2.307  1.058 -5.361 -0.000467 0.000408 0.001795 1612185600
A  BIL  2  -5  0  7.172  4.683 -0.838 -0.000821 -0.002527 -0.001575 1612251136
A  BIL  3  -5  0 -5.804 -0.993  2.039 -0.000343 0.000332 0.000410 1612316672
A  BIL  4  -5  0 -8.278  2.919 -5.824 0.000972 -0.001009 -0.002196 1612382208
A  BIL  5  -5  0 -2.827  1.451 -10.157 -0.000618 0.000060 0.000056 1612447744
A  BIL  7  -5  0 -3.577 28.147 -4.743 -0.000509 0.001417 -0.002323 1612578816
A  BIL  1  -4  0  1.586  1.320 -5.948 0.001270 0.000007 0.002117 1612709888
A  BIL  2  -4  0  7.821  4.703  0.045 0.000109 -0.002074 -0.001309 1612775424
A  BIL  3  -4  0 -5.942 -2.032  3.206 -0.002960 0.000946 0.000197 1612840960
A  BIL  4  -4  0 -8.171  0.066 -3.501 0.000256 -0.000711 0.000494 1612906496
A  BIL  5  -4  0 -5.653  0.863 -11.078 0.001614 -0.000273 0.000459 1612972032
A  BIL  7  -4  0 -3.696 22.240 -5.541 0.001273 0.001632 -0.000993 1613103104
A  BIL  1  -3  0  0.405  4.632 -4.118 -0.000109 0.000824 -0.000138 1613234176
A  BIL  2  -3  0  3.706  0.615  1.654 -0.000239 -0.002119 -0.002457 1613299712
A  BIL  3  -3  0 -5.817  1.197  0.270 0.003700 0.000603 0.000382 1613365248
A  BIL  4  -3  0 -9.374  1.849 -4.011 -0.001082 -0.001909 -0.001220 1613430784
A  BIL  5  -3  0 -6.049  1.180 -7.828 -0.003199 0.000393 -0.000526 1613496320
A  BIL  7  -3  0 -4.400  5.537 -4.167 -0.001593 0.001483 -0.002464 1613627392
A  BIL  1  -2  0  1.178  5.582 -4.570 0.000356 -0.000387 -0.001500 1613758464
A  BIL  2  -2  0  3.530  0.082  2.647 -0.003771 -0.001898 -0.003152 1613824000
A  BIL  3  -2  0 -7.033 -0.317  3.015 -0.000547 0.000603 -0.002281 1613889536
A  BIL  4  -2  0 -10.584  3.149 -3.281 -0.001736 -0.000753 0.000119 1613955072
A  BIL  5  -2  0 -5.208  0.073 -10.604 -0.000124 0.000520 0.000622 1614020608
A  BIL  7  -2  0 -4.743  2.635 -4.743 -0.001966 0.001479 0.000444 1614151680
A  BIL  1  -1  0  1.894  2.255 -4.489 0.000087 -0.000152 0.001062 1614282752
A  BIL  2  -1  0  3.871 -0.577 -1.544 -0.000751 -0.001353 -0.000033 1614348288
A  BIL  3  -1  0 -5.497 -1.942  1.223 0.000238 0.000508 -0.000555 1614413824
A  BIL  4  -1  0 -12.005  0.183 -5.285 0.001296 -0.000748 0.000451 1614479360
A  BIL  5  -1  0  1.021 -7.151 -10.937 -0.000022 0.000276 0.002874 1614544896
A  BIL  7  -1  0 -5.472  0.385 -4.163 -0.002681 0.002280 -0.000168 1614675968
A  BIL  1   1  0  1.426 -3.105 -2.162 0.001302 -0.000164 0.001187 1615331328
A  BIL  2   1  0  3.553 -0.165  0.295 -0.002356 -0.001242 -0.000669 1615396864
A  BIL  3   1  0 -5.387 -0.021  3.055 -0.001277 -0.000318 0.000418 1615462400
A  BIL  4   1  0 -8.877 -1.703 -4.956 -0.002086 -0.001356 -0.000668 1615527936
A  BIL  5   1  0  2.157 -2.916 -10.940 0.001006 0.001658 0.000883 1615593472
A  BIL  7   1  0 -2.736  1.382 -2.763 -0.003426 0.000940 -0.000066 1615724544
A  BIL  1   2  0  2.312 -7.252 -0.077 -0.003153 0.000150 0.001364 1615855616
A  BIL  2   2  0  5.238 -0.211 -0.028 -0.000780 -0.000978 0.000947 1615921152
A  BIL  3   2  0 -5.699 -0.441  3.102 0.000282 -0.000209 -0.000207 1615986688
A  BIL  4   2  0 -9.876 -2.756 -4.891 -0.001592 -0.001054 -0.000906 1616052224
A  BIL  5   2  0 -4.501 -7.964 -9.831 -0.000392 0.000590 -0.001047 1616117760
A  BIL  7   2  0 -3.965  1.411 -6.306 -0.000414 0.000619 -0.001154 1616248832
A  BIL  1   3  0  2.584 -7.245 -2.352 -0.002093 0.001384 0.001566 1616379904
A  BIL  2   3  0  6.591  2.303 -0.203 0.002230 -0.000408 0.002203 1616445440
A  BIL  3   3  0 -4.370 -0.610  2.298 0.001386 -0.000470 0.001123 1616510976
A  BIL  4   3  0 -10.838 -7.963 -4.533 0.000218 -0.000356 -0.000290 1616576512
A  BIL  5   3  0 -5.583 -9.998 -11.810 -0.000678 -0.000275 0.000144 1616642048
A  BIL  7   3  0 -3.705 -4.461 -5.071 -0.001998 0.002047 0.000285 1616773120
A  BIL  1   4  0 -1.030 -2.494 -4.272 0.002141 0.000288 -0.002202 1616904192
A  BIL  2   4  0  3.719  2.252  0.628 0.000309 -0.001762 0.001000 1616969728
A  BIL  3   4  0 -5.836 -0.898  4.281 0.000854 -0.000140 -0.000025 1617035264
A  BIL  4   4  0 -11.071 -4.826 -4.463 0.000017 -0.000885 -0.001148 1617100800
A  BIL  5   4  0 -2.920 -15.617 -10.609 -0.000879 0.000778 0.002686 1617166336
A  BIL  7   4  0 -6.026 -14.529 -6.882 0.000607 0.001447 -0.001120 1617297408
A  BIL  1   5  0 -0.203 -8.412 -2.456 -0.000728 0.000363 -0.000856 1617428480
A  BIL  2   5  0  3.790  1.705  1.373 -0.000894 -0.001558 0.000571 1617494016
A  BIL  3   5  0 -5.476 -1.582  3.956 -0.002028 0.001089 0.000324 1617559552
A  BIL  4   5  0 -10.169 -11.790 -4.689 0.000265 -0.001021 -0.000463 1617625088
A  BIL  5   5  0 -2.709 -16.023 -10.793 -0.000756 0.001161 0.000959 1617690624
A  BIL  7   5  0 -6.435 -17.789 -5.977 0.001525 0.001102 -0.001645 1617821696
A  BIL  1   6  0 -0.962 -11.566 -3.270 -0.002139 0.000344 0.000310 1617952768
A  BIL  2   6  0  2.202  0.176  0.945 -0.002315 -0.001165 0.001989 1618018304
A  BIL  3   6  0 -6.459 -1.055  2.587 -0.001257 0.001003 0.000107 1618083840
A  BIL  4   6  0 -12.832 -17.665 -3.688 -0.003598 -0.001155 -0.003166 1618149376
A  BIL  5   6  0 -4.960 -16.975 -11.961 0.002301 0.001101 0.001883 1618214912
A  BIL  7   6  0 -6.332 -12.347 -4.591 0.003747 0.001726 0.001016 1618345984
A  BIS  1  -7  0 -0.956  8.046  8.364 -0.000117 0.001824 -0.001518 1627914240
A  BIS  2  -7  0 -7.112  3.033 14.964 0.001312 0.002478 -0.001988 1627979776
A  BIS  3  -7  0  5.161  0.754 10.848 0.001453 -0.003666 0.000748 1628045312
A  BIS  4  -7  0  2.709  4.499  2.803 0.001026 -0.002883 0.000837 1628110848
A  BIS  5  -7  0  5.162  8.326 -6.927 0.000068 -0.004650 -0.002473 1628176384
A  BIS  6  -7  0 -0.210 13.884 -2.828 0.001984 -0.003348 -0.000400 1628241920
A  BIS  7  -7  0 -7.464 19.246 -4.086 -0.001678 0.000374 -0.003274 1628307456
A  BIS  8  -7  0 -2.550 10.849 -3.586 0.000177 0.002242 -0.001631 1628372992
A  BIS  1  -6  0 -0.481  6.900  9.631 0.000457 0.000850 -0.001554 1628438528
A  BIS  2  -6  0 -4.941  1.946 17.328 0.000015 0.001630 -0.000668 1628504064
A  BIS  3  -6  0  2.259 -0.127 12.647 -0.000975 -0.003405 -0.001004 1628569600
A  BIS  4  -6  0 -0.470  3.111  4.266 -0.000831 -0.002357 0.000519 1628635136
A  BIS  5  -6  0  4.676  6.087 -7.514 0.001026 -0.003737 -0.002160 1628700672
A  BIS  6  -6  0 -1.857 11.843 -3.642 0.002223 -0.001174 -0.001088 1628766208
A  BIS  7  -6  0 -5.120 20.182 -7.834 0.001523 0.000541 -0.000841 1628831744
A  BIS  8  -6  0  0.723 12.238 -4.287 0.000493 0.002040 -0.004029 1628897280
A  BIS  1  -5  0 -0.757  3.836  8.898 -0.001550 0.002325 -0.002551 1628962816
A  BIS  2  -5  0 -4.160  1.767 17.456 0.001956 0.001297 -0.001547 1629028352
A  BIS  3  -5  0  0.785  1.606 11.541 0.001994 -0.002582 -0.001122 1629093888
A  BIS  4  -5  0 -1.580  2.376  3.123 0.000659 -0.001890 0.000524 1629159424
A  BIS  5  -5  0  5.227  2.491 -7.779 -0.002375 -0.002796 -0.002102 1629224960
A  BIS  6  -5  0 -3.309  9.565 -2.188 -0.002320 -0.000981 -0.000730 1629290496
A  BIS  7  -5  0 -4.576 17.832 -5.611 -0.002660 -0.000789 -0.001678 1629356032
A  BIS  8  -5  0  1.140  9.380 -3.347 -0.002232 0.000935 -0.002098 1629421568
A  BIS  1  -4  0 -2.082  4.073  8.364 0.001016 0.001185 -0.001980 1629487104
A  BIS  2  -4  0 -4.873 -0.224 18.628 -0.002314 0.000933 -0.000559 1629552640
A  BIS  3  -4  0  1.140  0.602 12.382 -0.000646 -0.002159 -0.001233 1629618176
A  BIS  4  -4  0 -0.686  0.657  3.552 0.000120 -0.002190 0.002502 1629683712
A  BIS  5  -4  0  7.476  3.309 -9.574 0.000615 -0.004008 0.000182 1629749248
A  BIS  6  -4  0 -3.740  6.467 -2.923 0.000488 -0.001975 -0.000200 1629814784
A  BIS  7  -4  0 -3.399 17.686 -7.460 0.001436 -0.000641 -0.002320 1629880320
A  BIS  8  -4  0  0.440  8.237 -4.527 0.000936 -0.000153 -0.002555 1629945856
A  BIS  1  -3  0 -4.337  2.535  8.999 0.000059 0.001328 -0.002453 1630011392
A  BIS  2  -3  0 -5.879  0.018 17.771 -0.001068 0.000362 -0.000152 1630076928
A  BIS  3  -3  0  1.722  1.342 11.995 -0.000253 -0.003617 -0.001631 1630142464
A  BIS  4  -3  0 -2.404 -0.395  4.473 -0.000731 -0.002578 0.001056 1630208000
A  BIS  5  -3  0  4.836  0.592 -10.352 0.001592 -0.001693 -0.001267 1630273536
A  BIS  6  -3  0 -3.587  7.705 -4.330 0.000283 -0.000530 -0.000519 1630339072
A  BIS  7  -3  0 -0.849 15.838 -7.591 0.000808 -0.000511 -0.000723 1630404608
A  BIS  8  -3  0 -0.622  6.762 -4.166 0.003182 0.001998 -0.002016 1630470144
A  BIS  1  -2  0 -2.830  2.002  9.201 -0.000727 0.001343 -0.002722 1630535680
A  BIS  2  -2  0 -5.954  2.163 16.823 0.002258 0.000399 -0.000502 1630601216
A  BIS  3  -2  0  2.727  0.327 12.901 -0.001719 -0.003411 -0.001092 1630666752
A  BIS  4  -2  0 -4.943 -2.849  4.083 -0.001000 -0.002584 0.000935 1630732288
A  BIS  5  -2  0  5.353  1.375 -9.576 -0.000170 -0.001740 -0.002915 1630797824
A  BIS  6  -2  0 -4.569  1.530 -3.696 0.003633 -0.001415 -0.001572 1630863360
A  BIS  7  -2  0  0.276  6.803 -8.002 0.002050 0.000355 0.001233 1630928896
A  BIS  8  -2  0 -1.135  4.922 -2.112 -0.000126 0.001482 -0.002252 1630994432
A  BIS  1  -1  0 -1.671  3.133  8.791 0.000914 0.000674 -0.001065 1631059968
A  BIS  2  -1  0 -6.603  3.893 16.606 0.003204 0.001066 -0.000361 1631125504
A  BIS  3  -1  0  2.079  1.823  9.434 0.002151 -0.002511 -0.000164 1631191040
A  BIS  4  -1  0 -5.436 -0.272  1.901 0.003696 -0.001717 0.000844 1631256576
A  BIS  5  -1  0  7.234 -0.180 -8.900 -0.000870 -0.003684 -0.001016 1631322112
A  BIS  6  -1  0 -4.028 -0.839  0.439 -0.002697 -0.000718 0.000293 1631387648
A  BIS  7  -1  0 -2.688  3.919 -6.481 0.000064 0.001177 -0.001676 1631453184
A  BIS  8  -1  0 -0.228  2.119 -1.314 -0.003422 0.000877 -0.000580 1631518720
A  BIS  1   1  0 -1.491  1.236 12.273 -0.003638 0.000732 0.000904 1632108544
A  BIS  2   1  0 -8.742  0.691 16.482 -0.000163 0.001491 -0.000743 1632174080
A  BIS  3   1  0 -0.350 -0.467 13.821 -0.002326 -0.001191 0.000228 1632239616
A  BIS  4   1  0 -2.392 -2.216  3.855 0.000370 -0.002132 -0.001850 1632305152
A  BIS  5   1  0  7.285  1.869 -10.474 0.000804 -0.003857 -0.000299 1632370688
A  BIS  6   1  0 -5.751  2.389 -3.233 0.002936 -0.001140 -0.001170 1632436224
A  BIS  7   1  0 -2.033  3.932 -7.172 0.000378 0.000135 0.002025 1632501760
A  BIS  8   1  0  0.145  2.673 -4.038 0.003248 0.000111 0.000015 1632567296
A  BIS  1   2  0 -2.211  1.577  9.306 0.001687 0.001140 -0.000226 1632632832
A  BIS  2   2  0 -8.408  1.509 16.290 0.001377 0.002555 -0.000337 1632698368
A  BIS  3   2  0  0.632 -0.704 12.965 0.000556 -0.002470 0.000159 1632763904
A  BIS  4   2  0 -0.332 -3.636  5.570 -0.001968 -0.002721 0.000164 1632829440
A  BIS  5   2  0  8.090 -0.618 -9.409 -0.001250 -0.003544 -0.000903 1632894976
A  BIS  6   2  0 -6.077  0.310 -1.962 -0.000761 0.000488 0.000413 1632960512
A  BIS  7   2  0 -1.793  0.137 -6.202 -0.002272 -0.001149 -0.000115 1633026048
A  BIS  8   2  0 -2.410  0.188 -0.863 -0.003213 0.001097 -0.001116 1633091584
A  BIS  1   3  0 -2.149 -0.495 10.424 0.000049 0.001135 -0.000129 1633157120
A  BIS  2   3  0 -10.092 -0.210 17.864 0.000600 0.002078 -0.000763 1633222656
A  BIS  3   3  0 -1.337 -2.099 12.764 -0.001938 -0.001189 -0.001293 1633288192
A  BIS  4   3  0  0.262 -4.074  3.068 0.002509 -0.002164 0.000258 1633353728
A  BIS  5   3  0  5.132 -0.903 -10.001 -0.000574 -0.003593 -0.001383 1633419264
A  BIS  6   3  0 -7.220 -3.577 -2.111 0.000349 0.001474 0.000447 1633484800
A  BIS  7   3  0 -0.505 -3.493 -6.544 -0.000345 -0.002618 0.003522 1633550336
A  BIS  8   3  0 -2.876 -0.969 -2.770 -0.000718 0.000231 -0.002304 1633615872
A  BIS  1   4  0 -5.798 -5.422 11.408 -0.003705 0.001184 -0.002998 1633681408
A  BIS  2   4  0 -10.888 -1.950 18.337 -0.003201 0.002820 -0.000491 1633746944
A  BIS  3   4  0 -0.351 -2.061 12.204 0.000762 -0.003981 -0.001047 1633812480
A  BIS  4   4  0  0.765 -8.333  6.099 -0.003342 -0.000718 0.000101 1633878016
A  BIS  5   4  0  6.270 -0.603 -9.529 0.000146 -0.002793 0.000312 1633943552
A  BIS  6   4  0 -6.322 -7.380 -0.295 -0.001752 0.000898 0.001173 1634009088
A  BIS  7   4  0 -5.469 -5.312 -6.959 0.004029 0.001239 0.002722 1634074624
A  BIS  8   4  0 -6.813 -2.570 -2.350 0.001571 0.000932 -0.002395 1634140160
A  BIS  1   5  0 -4.068 -3.547  8.684 0.001344 0.000689 -0.000919 1634205696
A  BIS  2   5  0 -10.745 -2.766 16.892 -0.001745 0.000935 -0.002388 1634271232
A  BIS  3   5  0 -0.718 -3.337 13.459 -0.000935 -0.003403 -0.001664 1634336768
A  BIS  4   5  0 -0.621 -8.703  4.268 -0.001513 -0.001909 -0.001342 1634402304
A  BIS  5   5  0  5.107 -1.540 -9.781 -0.000871 -0.001719 -0.000363 1634467840
A  BIS  6   5  0 -6.514 -8.861 -0.623 -0.003836 -0.000930 0.000631 1634533376
A  BIS  7   5  0 -6.829 -11.309 -4.277 -0.001682 0.001452 -0.000729 1634598912
A  BIS  8   5  0 -4.153 -3.300 -1.927 0.000222 0.001508 -0.003017 1634664448
A  BIS  1   6  0 -6.193 -4.602  9.592 0.000680 0.001332 -0.000745 1634729984
A  BIS  2   6  0 -12.552 -3.561 15.682 0.001233 0.000596 -0.002076 1634795520
A  BIS  3   6  0 -0.551 -4.694 12.619 0.000181 -0.002694 -0.000640 1634861056
A  BIS  4   6  0 -2.415 -7.500  2.175 0.002365 0.000265 -0.002150 1634926592
A  BIS  5   6  0  5.471 -3.009 -10.850 -0.000292 -0.002008 -0.000452 1634992128
A  BIS  6   6  0 -6.263 -10.584 -4.209 -0.002392 -0.002227 0.000641 1635057664
A  BIS  7   6  0 -4.473 -13.941 -4.884 -0.002632 -0.001001 0.000537 1635123200
A  BIS  8   6  0 -4.544 -5.816 -1.278 -0.001396 0.001549 -0.002200 1635188736
A  BIS  1   7  0 -7.576 -5.510  9.767 -0.001290 0.002456 -0.002489 1635254272
A  BIS  2   7  0 -12.345 -4.887 15.997 -0.001346 0.002282 -0.002077 1635319808
A  BIS  3   7  0  0.916 -7.032 12.024 -0.003642 -0.003415 -0.001617 1635385344
A  BIS  4   7  0  1.127 -10.449  4.752 -0.002217 -0.001056 -0.002415 1635450880
A  BIS  5   7  0  4.856 -3.937 -9.075 -0.002464 -0.003342 -0.000909 1635516416
A  BIS  6   7  0 -5.635 -9.742 -4.910 0.001101 -0.002303 0.000520 1635581952
A  BIS  7   7  0 -6.056 -13.973 -6.128 0.000058 -0.000736 0.001114 1635647488
A  BIS  8   7  0 -7.700 -6.714 -1.658 -0.000553 0.000739 -0.002657 1635713024
A  BML  1  -6  0  1.604  0.439 -7.446 -0.000674 0.000448 -0.000436 1645215744
A  BML  2  -6  0 -0.846  4.905 -2.193 0.000296 -0.001893 -0.001171 1645281280
A  BML  3  -6  0 -3.665  2.763 -1.308 0.001643 -0.000125 -0.000362 1645346816
A  BML  4  -6  0 -7.589  1.951 -6.101 -0.000019 -0.000639 -0.000080 1645412352
A  BML  5  -6  0 -3.461  2.476 -12.193 0.000548 -0.000753 0.000075 1645477888
A  BML  6  -6  0 -2.376  0.850 -8.681 0.000969 -0.001266 0.000105 1645543424
A  BML  8  -6  0 -1.156  1.319 -8.757 -0.000168 -0.000189 0.000445 1645674496
A  BML  1  -5  0  3.248  1.901 -7.331 -0.000442 0.000564 -0.000068 1645740032
A  BML  2  -5  0  1.894  4.380 -0.806 -0.001308 -0.001774 -0.001152 1645805568
A  BML  3  -5  0 -1.675  2.166  0.654 -0.000768 -0.000257 -0.000103 1645871104
A  BML  4  -5  0 -5.160  1.931 -6.134 -0.001349 -0.000724 0.000184 1645936640
A  BML  5  -5  0 -1.792  2.274 -9.994 0.000108 -0.000650 -0.000207 1646002176
A  BML  6  -5  0 -2.316 -0.141 -6.290 -0.001047 -0.001004 0.000713 1646067712
A  BML  7  -5  0  0.458  4.697 -2.813 0.002136 -0.000102 0.000034 1646133248
A  BML  8  -5  0 -0.272  2.106 -7.323 0.001077 -0.000001 0.000580 1646198784
A  BML  1  -4  0  1.233  0.653 -7.426 0.000881 0.000453 -0.000697 1646264320
A  BML  2  -4  0  1.119  5.323 -2.268 0.001192 -0.001665 -0.001149 1646329856
A  BML  3  -4  0 -1.500  1.713  0.023 -0.001098 0.000059 -0.000206 1646395392
A  BML  4  -4  0 -5.541  2.705 -6.502 0.000461 -0.000616 0.000201 1646460928
A  BML  5  -4  0 -3.754  2.466 -10.436 0.000595 -0.000711 -0.000207 1646526464
A  BML  6  -4  0 -2.674  0.509 -6.773 0.000684 -0.000862 0.000422 1646592000
A  BML  7  -4  0  2.342  1.337 -0.044 -0.000493 -0.000290 0.000405 1646657536
A  BML  8  -4  0  0.817  1.044 -5.612 -0.001687 0.000453 0.000632 1646723072
A  BML  1  -3  0  1.424  1.299 -6.865 0.001166 0.000256 -0.000482 1646788608
A  BML  2  -3  0  0.464  5.063 -1.881 0.001028 -0.002064 -0.000791 1646854144
A  BML  3  -3  0 -2.340  2.146 -0.771 -0.000236 0.000424 0.000013 1646919680
A  BML  4  -3  0 -7.561  2.009 -5.733 0.000183 -0.000622 0.000035 1646985216
A  BML  5  -3  0 -5.629  1.555 -9.586 -0.000400 -0.000460 -0.000035 1647050752
A  BML  6  -3  0 -2.226 -0.309 -5.402 -0.000689 -0.000755 0.000579 1647116288
A  BML  7  -3  0 -1.029  1.421  1.040 0.000175 0.000675 0.000415 1647181824
A  BML  8  -3  0  0.442  2.733 -7.636 0.002092 0.000340 0.000486 1647247360
A  BML  1  -2  0  1.810  0.294 -4.720 -0.000223 0.000458 0.000410 1647312896
A  BML  2  -2  0  0.962  4.111 -0.099 -0.000575 -0.001979 -0.000813 1647378432
A  BML  3  -2  0 -2.418  1.416 -1.013 -0.000340 0.000553 -0.000136 1647443968
A  BML  4  -2  0 -6.039  1.799 -5.746 0.000786 -0.000826 0.000224 1647509504
A  BML  5  -2  0 -5.991  1.461 -10.890 0.000557 -0.000653 -0.000270 1647575040
A  BML  6  -2  0 -0.922  0.509 -6.844 0.001767 -0.000760 0.000424 1647640576
A  BML  7  -2  0 -0.312  1.614  1.388 0.001052 0.000707 0.000437 1647706112
A  BML  8  -2  0  0.582  1.638 -4.335 -0.000258 0.000575 0.000439 1647771648
A  BML  1  -1  0  1.412  1.010 -4.932 0.000556 0.000986 0.000120 1647837184
A  BML  2  -1  0  0.310  3.380  0.921 -0.002244 -0.001514 -0.000779 1647902720
A  BML  3  -1  0 -4.379  2.176 -2.278 0.001174 0.000515 -0.000186 1647968256
A  BML  4  -1  0 -7.282  1.260 -4.671 0.000848 -0.000675 -0.000032 1648033792
A  BML  5  -1  0 -6.690  1.153 -9.318 -0.000236 -0.000634 -0.000325 1648099328
A  BML  6  -1  0 -1.860 -0.297 -5.077 -0.000075 -0.001141 0.000550 1648164864
A  BML  7  -1  0 -1.085  1.205  4.059 -0.000028 0.000739 0.000704 1648230400
A  BML  8  -1  0  2.994  1.293 -4.116 -0.001048 0.000897 0.000546 1648295936
A  BML  1   1  0 -0.548  1.399 -3.754 -0.000588 -0.000346 -0.000031 1648885760
A  BML  2   1  0 -0.764  3.566 -0.572 0.000039 -0.001912 -0.000774 1648951296
A  BML  3   1  0 -3.713  1.999  1.637 0.001259 -0.000097 0.000645 1649016832
A  BML  4   1  0 -7.144  1.659 -4.021 -0.000639 -0.000638 -0.000119 1649082368
A  BML  5   1  0 -4.499 -0.336 -10.440 0.000021 0.000406 -0.000623 1649147904
A  BML  6   1  0 -2.661 -1.504 -4.165 0.000502 -0.001747 -0.000378 1649213440
A  BML  7   1  0 -0.440  0.567  4.554 0.000162 -0.000147 0.000405 1649278976
A  BML  8   1  0  2.768 -0.714 -6.426 -0.000347 0.001454 0.000242 1649344512
A  BML  1   2  0  0.292  4.156 -4.228 0.000142 -0.000227 -0.001785 1649410048
A  BML  2   2  0 -0.550  3.778 -1.062 -0.000863 -0.002117 -0.000916 1649475584
A  BML  3   2  0 -2.939  1.533  2.948 -0.000373 -0.000255 0.000362 1649541120
A  BML  4   2  0 -6.355  0.902 -3.797 -0.001693 -0.000336 -0.000198 1649606656
A  BML  5   2  0 -4.648 -0.770 -10.696 -0.000151 0.000358 -0.000484 1649672192
A  BML  6   2  0 -0.868 -3.134 -0.825 -0.003433 -0.001290 -0.000254 1649737728
A  BML  7   2  0 -1.131 -0.326  2.826 -0.000061 -0.000590 0.000226 1649803264
A  BML  8   2  0  0.120 -0.751 -8.078 0.000958 0.001242 0.000269 1649868800
A  BML  1   3  0  0.932  3.379 -3.058 -0.001490 -0.000129 -0.001160 1649934336
A  BML  2   3  0 -0.144  3.788 -1.320 -0.000468 -0.001757 -0.000706 1649999872
A  BML  3   3  0 -4.771  1.457  3.260 -0.000304 -0.000049 0.000530 1650065408
A  BML  4   3  0 -5.793  1.633 -5.312 -0.000230 0.000037 -0.000187 1650130944
A  BML  5   3  0 -5.140 -2.354 -12.223 0.000471 -0.000150 0.000303 1650196480
A  BML  6   3  0 -1.070 -2.031 -4.357 -0.000926 -0.001114 -0.000462 1650262016
A  BML  7   3  0 -0.059  0.209  2.517 0.001056 -0.001523 0.000106 1650327552
A  BML  8   3  0 -1.253 -1.730 -5.873 -0.001630 0.001300 0.000313 1650393088
A  BML  1   4  0 -1.795  2.847 -3.885 -0.001702 0.000143 -0.001099 1650458624
A  BML  2   4  0 -2.103  1.575 -0.480 -0.001515 -0.001244 0.000054 1650524160
A  BML  3   4  0 -6.655  1.032  3.186 -0.001409 0.000228 0.000737 1650589696
A  BML  4   4  0 -4.882  1.357 -6.099 -0.000876 -0.000032 -0.000093 1650655232
A  BML  5   4  0 -4.129 -0.675 -11.668 0.000280 0.000071 -0.000492 1650720768
A  BML  6   4  0 -1.155 -2.592 -5.568 -0.001929 -0.000939 -0.000374 1650786304
A  BML  7   4  0  1.851 -1.558  1.383 -0.000076 -0.001030 -0.000631 1650851840
A  BML  8   4  0 -2.832 -2.305 -6.453 -0.000493 0.002455 -0.000004 1650917376
A  BML  1   5  0 -1.513  3.679 -6.262 0.001096 0.000715 -0.001362 1650982912
A  BML  2   5  0 -3.011  1.817 -1.961 0.000609 -0.001112 -0.000218 1651048448
A  BML  3   5  0 -7.482  1.582  0.639 0.001117 0.000036 0.000650 1651113984
A  BML  4   5  0 -5.970  1.387 -6.891 0.000253 -0.000143 -0.000348 1651179520
A  BML  5   5  0 -5.351 -1.134 -10.853 -0.000966 0.000195 -0.000937 1651245056
A  BML  6   5  0 -0.706 -1.881 -7.352 0.001317 -0.000644 -0.000646 1651310592
A  BML  7   5  0  1.906 -2.733  1.453 -0.000518 -0.000967 0.000203 1651376128
A  BML  8   5  0 -2.178 -1.214 -8.300 0.002290 0.002312 -0.000080 1651441664
A  BML  1   6  0 -2.588  3.159 -5.154 0.000191 0.000097 -0.001275 1651507200
A  BML  2   6  0 -2.775  1.704 -1.991 0.000287 -0.001327 -0.000650 1651572736
A  BML  3   6  0 -7.994  0.496  2.114 -0.000020 -0.000133 0.000396 1651638272
A  BML  4   6  0 -5.779  0.118 -6.385 -0.000890 0.000363 -0.000327 1651703808
A  BML  5   6  0 -4.853 -1.753 -12.398 -0.001303 0.000283 -0.000625 1651769344
A  BML  6   6  0 -1.717 -3.425 -6.037 -0.001399 -0.001049 -0.000028 1651834880
A  BML  8   6  0 -2.472 -3.560 -7.327 0.001404 0.001646 0.001030 1651965952
A  BMS  1  -6  0 -5.416  8.628 -14.541 0.005548 -0.001047 0.001884 1661992960
A  BMS  2  -6  0 -2.536  1.837  6.203 -0.004301 0.002516 -0.000724 1662058496
A  BMS  3  -6  0 -9.921  2.454 -3.516 0.000309 -0.005351 -0.001582 1662124032
A  BMS  4  -6  0 -3.106 -1.131 -10.403 0.000640 -0.001437 -0.002242 1662189568
A  BMS  5  -6  0  2.184  3.994 -12.471 0.002251 0.001976 -0.000947 1662255104
A  BMS  8  -6  0  8.753  9.398 -4.421 0.000290 -0.000892 0.003328 1662451712
A  BMS  1  -5  0 -8.014  1.486 -10.536 0.002908 -0.000310 0.000168 1662517248
A  BMS  2  -5  0 -3.115 -0.132 -1.108 0.001436 0.002994 -0.001202 1662582784
A  BMS  3  -5  0 -8.846  2.184 -7.395 0.003260 -0.004602 -0.001438 1662648320
A  BMS  4  -5  0 -1.846 -5.220 -10.600 -0.000257 -0.000523 -0.000867 1662713856
A  BMS  5  -5  0  2.699 -0.003 -9.530 -0.002232 0.001967 -0.002699 1662779392
A  BMS  8  -5  0  4.056  8.138 -4.739 0.004040 -0.002141 0.000098 1662976000
A  BMS  1  -4  0 -1.910  4.209 -5.639 -0.003213 -0.000103 0.000227 1663041536
A  BMS  2  -4  0 -3.446  4.074 -0.231 -0.000652 0.003499 -0.001102 1663107072
A  BMS  3  -4  0 -5.986  2.806 -5.724 -0.000292 -0.004197 -0.000103 1663172608
A  BMS  4  -4  0  0.810 -0.128 -13.671 0.002153 0.000994 -0.000608 1663238144
A  BMS  5  -4  0  3.157  1.449 -9.391 0.001238 0.000416 -0.000852 1663303680
A  BMS  8  -4  0  2.504  4.113 -0.433 -0.001684 -0.003926 -0.000346 1663500288
A  BMS  1  -3  0 -8.084  6.944 -11.363 0.001924 0.000350 0.000269 1663565824
A  BMS  2  -3  0 -6.112  5.159 -2.051 0.000654 0.002011 -0.000537 1663631360
A  BMS  3  -3  0 -7.179 -0.205 -6.243 -0.000641 -0.003012 -0.001205 1663696896
A  BMS  4  -3  0  6.931 -0.390 -13.241 -0.000456 0.000964 -0.000305 1663762432
A  BMS  5  -3  0 10.580  1.752 -8.222 -0.000370 0.000944 0.000153 1663827968
A  BMS  8  -3  0  1.948  8.206 -2.336 0.002089 -0.003820 0.002202 1664024576
A  BMS  1  -2  0 -6.893  2.421 -7.534 -0.000287 0.000562 -0.001053 1664090112
A  BMS  2  -2  0 -5.498  2.855  0.629 -0.000449 0.001152 -0.001350 1664155648
A  BMS  3  -2  0 -7.736  3.038 -8.418 0.001685 -0.002076 -0.001255 1664221184
A  BMS  4  -2  0  5.915  2.376 -14.560 0.001740 0.001430 -0.001032 1664286720
A  BMS  5  -2  0 11.582  1.584 -8.608 0.000234 -0.000030 -0.000210 1664352256
A  BMS  8  -2  0  0.515 -0.007  0.895 -0.001585 -0.003375 -0.000199 1664548864
A  BMS  1  -1  0 -6.445  5.675 -8.751 -0.000806 0.000242 0.002290 1664614400
A  BMS  2  -1  0 -7.631  3.739  0.098 -0.001381 0.003457 -0.001927 1664679936
A  BMS  3  -1  0 -9.460 -2.439 -2.707 -0.003747 -0.001806 -0.001439 1664745472
A  BMS  4  -1  0 10.080  3.806 -10.779 -0.000773 0.002117 -0.000251 1664811008
A  BMS  5  -1  0  7.647 -0.205 -8.493 0.000650 0.001523 -0.002221 1664876544
A  BMS  8  -1  0  2.202  6.100 -1.034 0.001011 -0.003832 0.001685 1665073152
A  BMS  1   1  0 -7.323  1.927 -10.565 -0.001065 0.000928 -0.002130 1665662976
A  BMS  2   1  0 -4.784  2.254 -3.911 0.000773 0.003452 0.000447 1665728512
A  BMS  3   1  0 -6.906  2.441 -8.143 -0.000013 -0.002412 -0.000652 1665794048
A  BMS  4   1  0 12.091 -2.108 -14.297 -0.000772 0.001138 0.000867 1665859584
A  BMS  5   1  0 14.286  1.059 -10.083 0.000448 0.003081 0.000570 1665925120
A  BMS  8   1  0 -2.918 -0.484 -0.939 -0.000205 -0.003518 -0.000591 1666121728
A  BMS  1   2  0 -5.156  6.311 -12.739 0.001470 0.000962 0.000229 1666187264
A  BMS  2   2  0 -3.840  2.655 -5.311 0.000288 0.003067 0.000550 1666252800
A  BMS  3   2  0 -4.021 -0.940 -7.964 -0.002313 -0.004175 -0.000225 1666318336
A  BMS  4   2  0  7.770 -2.956 -13.593 -0.002164 0.000782 0.000779 1666383872
A  BMS  5   2  0 14.467 -1.302 -8.141 -0.001703 0.001906 0.000278 1666449408
A  BMS  8   2  0 -2.488  8.518 -0.745 0.004857 -0.004294 0.002196 1666646016
A  BMS  1   3  0 -7.986  1.942 -10.226 0.000378 0.002334 -0.000517 1666711552
A  BMS  2   3  0 -6.276  3.708 -4.440 0.003459 0.003063 -0.001442 1666777088
A  BMS  3   3  0 -4.204  3.105 -9.626 0.002199 -0.004255 -0.001920 1666842624
A  BMS  4   3  0  7.112 -0.770 -15.764 0.003128 0.000315 -0.000343 1666908160
A  BMS  5   3  0 19.224  2.469 -10.260 0.001969 0.002781 -0.000810 1666973696
A  BMS  8   3  0 -8.426  1.010 -1.825 -0.000972 -0.004552 0.000927 1667170304
A  BMS  1   4  0 -2.119  0.967 -8.729 0.000380 0.003147 -0.000967 1667235840
A  BMS  2   4  0 -5.234  3.617 -3.078 -0.000386 0.003722 -0.001046 1667301376
A  BMS  3   4  0 -6.995  8.953 -6.654 0.002231 -0.002589 0.000463 1667366912
A  BMS  4   4  0  9.200 -0.714 -13.341 0.001895 0.001739 -0.001483 1667432448
A  BMS  5   4  0 14.369 -1.810 -7.625 -0.002275 0.002497 -0.000099 1667497984
A  BMS  8   4  0 -2.539  1.763 -1.815 0.000671 -0.004544 -0.000426 1667694592
A  BMS  1   5  0 -2.767  1.478 -7.588 -0.000048 0.002763 0.000509 1667760128
A  BMS  2   5  0 -2.325  4.231 -1.898 -0.000111 0.002621 0.000745 1667825664
A  BMS  3   5  0 -6.670  1.382 -5.132 0.000467 -0.003193 0.002760 1667891200
A  BMS  4   5  0  6.781  3.779 -13.788 0.002979 0.002295 -0.002013 1667956736
A  BMS  5   5  0 11.721  6.210 -11.227 -0.000246 0.003154 0.000349 1668022272
A  BMS  8   5  0 -0.907  1.442 -0.060 0.000248 -0.003749 -0.001004 1668218880
A  BMS  1   6  0 -4.053  0.407 -5.381 -0.001432 0.001789 0.000005 1668284416
A  BMS  2   6  0 -1.695  0.360 -0.676 -0.000597 0.003479 -0.000082 1668349952
A  BMS  3   6  0 -7.037  1.339 -4.481 0.001151 -0.002736 0.000635 1668415488
A  BMS  4   6  0  4.928 -2.408 -13.025 -0.000439 0.002547 -0.000356 1668481024
A  BMS  5   6  0 12.407  1.779 -8.857 -0.000942 0.004190 0.000512 1668546560
A  BMS  8   6  0 -0.749  1.093 -1.837 0.000304 -0.003060 -0.001086 1668743168
A  BOL  1  -6  0  1.017  2.095 -13.771 0.000196 0.000953 0.000302 1678770176
A  BOL  2  -6  0 -13.887  6.324 -7.634 -0.000525 -0.001171 -0.000100 1678835712
A  BOL  3  -6  0 -0.590  2.611 -0.970 -0.001204 0.000534 -0.000323 1678901248
A  BOL  4  -6  0 -3.157  2.140 -11.485 -0.001222 -0.000760 0.000462 1678966784
A  BOL  5  -6  0  3.598  4.391 -11.201 -0.000357 -0.000713 0.000164 1679032320
A  BOL  6  -6  0 -1.076  0.162 -7.794 0.003348 -0.001795 -0.000270 1679097856
A  BOL  7  -6  0 -0.599  0.818 -2.095 0.000066 0.000359 0.000351 1679163392
A  BOL  8  -6  0  2.948 -0.372 -3.472 0.000143 0.001037 0.000955 1679228928
A  BOL  1  -5  0  1.975  2.389 -13.151 0.000815 0.000752 0.000247 1679294464
A  BOL  2  -5  0 -8.963  6.780 -8.856 0.001453 -0.000943 -0.000126 1679360000
A  BOL  3  -5  0  1.303  3.067 -3.946 0.000186 0.000579 -0.000336 1679425536
A  BOL  4  -5  0 -1.320  2.334 -12.457 0.000408 -0.000455 0.000608 1679491072
A  BOL  5  -5  0  2.251  4.596 -12.383 0.000882 -0.001209 0.000180 1679556608
A  BOL  6  -5  0  1.060 -0.056 -4.028 -0.000545 -0.001554 -0.000182 1679622144
A  BOL  7  -5  0 -1.080  1.201 -0.805 0.000248 0.000452 0.000248 1679687680
A  BOL  8  -5  0  2.670 -0.453 -6.096 0.000921 0.000770 0.001169 1679753216
A  BOL  1  -4  0  3.030  2.729 -12.843 0.000991 0.000684 0.000104 1679818752
A  BOL  2  -4  0 -7.425  6.595 -6.896 0.000216 -0.000867 -0.000103 1679884288
A  BOL  3  -4  0  2.228  3.703 -4.233 -0.000194 0.000403 -0.000322 1679949824
A  BOL  4  -4  0 -3.035  2.820 -11.373 0.000194 -0.000246 0.000446 1680015360
A  BOL  5  -4  0  1.595  4.376 -9.950 -0.001198 -0.001333 0.000102 1680080896
A  BOL  6  -4  0 -0.081 -0.342 -2.351 -0.001891 -0.000935 -0.000235 1680146432
A  BOL  7  -4  0 -0.871  2.011  1.498 -0.000597 0.000358 0.000300 1680211968
A  BOL  8  -4  0  1.860 -0.113 -3.479 0.000216 0.001588 0.001273 1680277504
A  BOL  1  -3  0  2.460  2.525 -9.897 0.000184 0.000748 -0.000005 1680343040
A  BOL  2  -3  0 -7.439  5.875 -7.714 -0.000085 -0.001477 -0.000100 1680408576
A  BOL  3  -3  0  0.673  3.031 -3.280 -0.000542 0.000457 -0.000195 1680474112
A  BOL  4  -3  0 -2.843  2.267 -11.028 -0.000009 -0.000294 0.000491 1680539648
A  BOL  5  -3  0 -0.347  3.934 -11.656 -0.000639 -0.000675 0.000087 1680605184
A  BOL  6  -3  0  0.984 -0.793 -3.916 0.000304 -0.001242 -0.000350 1680670720
A  BOL  7  -3  0 -2.388  0.678  2.604 -0.000646 0.000406 0.000590 1680736256
A  BOL  8  -3  0  0.634 -0.472 -2.731 0.000336 0.001431 0.001210 1680801792
A  BOL  1  -2  0  1.879  2.235 -8.782 -0.000210 0.000921 0.000108 1680867328
A  BOL  2  -2  0 -6.277  5.857 -8.074 0.000700 -0.000787 -0.000151 1680932864
A  BOL  3  -2  0 -0.279  2.053 -3.892 -0.000582 0.000457 -0.000209 1680998400
A  BOL  4  -2  0 -0.062  2.097 -11.457 -0.000023 -0.000503 0.000412 1681063936
A  BOL  5  -2  0 -0.469  3.791 -12.100 0.000986 -0.001276 0.000028 1681129472
A  BOL  6  -2  0  3.246 -0.710 -4.747 0.001130 -0.001121 -0.000351 1681195008
A  BOL  7  -2  0 -2.242 -1.283  1.017 -0.000132 0.000206 0.000323 1681260544
A  BOL  8  -2  0 -0.228 -0.223 -0.702 -0.000823 0.001197 0.001171 1681326080
A  BOL  1  -1  0  4.819  1.464 -9.733 0.000900 0.000918 0.000105 1681391616
A  BOL  2  -1  0 -7.146  4.836 -6.669 0.000341 -0.001205 -0.000189 1681457152
A  BOL  3  -1  0 -3.662  0.830 -4.477 0.000654 0.000708 -0.000489 1681522688
A  BOL  4  -1  0 -2.658  0.732 -8.537 -0.002076 -0.000216 0.000439 1681588224
A  BOL  5  -1  0 -1.041  3.035 -9.858 -0.002195 -0.001289 -0.000136 1681653760
A  BOL  6  -1  0  3.040 -1.133 -2.017 -0.000984 -0.001959 -0.000278 1681719296
A  BOL  7  -1  0 -1.002  0.037  3.753 0.000618 0.000057 0.000408 1681784832
A  BOL  8  -1  0 -2.436 -2.034 -0.193 -0.001723 0.002373 0.001161 1681850368
A  BOL  1   1  0 -0.766  0.591 -7.744 -0.000507 0.001048 0.000007 1682440192
A  BOL  2   1  0 -4.415  4.691 -5.873 -0.000614 -0.000820 0.000116 1682505728
A  BOL  3   1  0  1.570  4.203 -2.014 -0.001915 0.000220 0.000690 1682571264
A  BOL  4   1  0 -4.300  1.108 -9.579 0.000632 0.000068 -0.000556 1682636800
A  BOL  5   1  0  0.191  3.939 -15.248 0.003286 -0.000410 -0.000875 1682702336
A  BOL  6   1  0  2.782  1.199 -3.770 0.001256 -0.001999 0.000064 1682767872
A  BOL  7   1  0 -0.980 -1.968  5.274 0.000288 -0.000426 -0.000131 1682833408
A  BOL  8   1  0  0.378  5.986 -1.926 -0.000774 0.001600 -0.000952 1682898944
A  BOL  1   2  0 -2.035  0.207 -9.263 -0.000221 0.000719 -0.000198 1682964480
A  BOL  2   2  0 -7.006  4.600 -7.254 0.000149 -0.000763 0.000051 1683030016
A  BOL  3   2  0  2.633  4.065 -3.957 -0.000416 0.000006 0.000604 1683095552
A  BOL  4   2  0 -2.368  0.156 -8.591 -0.001048 -0.000099 -0.000670 1683161088
A  BOL  5   2  0  2.710  2.385 -11.459 -0.000420 -0.001053 -0.000229 1683226624
A  BOL  6   2  0  0.916  0.415 -1.883 -0.000788 -0.001778 -0.000175 1683292160
A  BOL  7   2  0  0.916 -2.548  1.803 0.000127 0.000057 -0.000226 1683357696
A  BOL  8   2  0  0.124  5.774 -3.195 0.000359 0.001723 -0.000853 1683423232
A  BOL  1   3  0 -1.559  0.025 -9.390 -0.000984 0.000532 -0.000179 1683488768
A  BOL  2   3  0 -6.721  5.121 -7.352 0.000077 -0.001140 -0.000304 1683554304
A  BOL  3   3  0 -1.507  3.503 -2.015 -0.000859 0.000182 0.000430 1683619840
A  BOL  4   3  0 -3.233  0.142 -9.974 -0.000022 0.000196 -0.000604 1683685376
A  BOL  5   3  0  2.642  3.455 -12.321 -0.001317 -0.000607 -0.000738 1683750912
A  BOL  6   3  0  1.135  0.639 -2.603 -0.000295 -0.002727 -0.000154 1683816448
A  BOL  7   3  0  0.145 -3.101  1.310 0.002833 0.000075 -0.000182 1683881984
A  BOL  8   3  0 -2.308  5.472 -1.521 0.001089 0.002195 -0.001081 1683947520
A  BOL  1   4  0 -3.238 -0.186 -9.579 0.000112 0.000921 -0.000011 1684013056
A  BOL  2   4  0 -7.633  4.753 -7.301 -0.001192 -0.001203 -0.000404 1684078592
A  BOL  3   4  0 -0.778  2.956 -5.454 0.000216 -0.000134 0.000365 1684144128
A  BOL  4   4  0 -0.009 -0.311 -11.607 0.000380 0.000072 -0.000705 1684209664
A  BOL  5   4  0  1.404  2.688 -12.497 -0.000825 -0.000286 -0.000765 1684275200
A  BOL  6   4  0  1.368  0.064 -5.253 0.000802 -0.002285 -0.000287 1684340736
A  BOL  7   4  0 -2.036 -5.253  0.842 0.000303 -0.000149 -0.000417 1684406272
A  BOL  8   4  0 -1.444  4.965 -0.986 -0.000496 0.001836 -0.001064 1684471808
A  BOL  1   5  0 -4.413 -0.658 -9.285 -0.000787 0.000666 -0.000055 1684537344
A  BOL  2   5  0 -7.907  4.046 -7.965 -0.001557 -0.000652 -0.000288 1684602880
A  BOL  3   5  0 -3.038  2.939 -5.766 -0.000842 -0.000522 0.000389 1684668416
A  BOL  4   5  0  3.421 -0.369 -10.420 0.000242 0.000438 -0.000737 1684733952
A  BOL  5   5  0  2.352  2.503 -13.561 -0.000569 0.000104 -0.000781 1684799488
A  BOL  6   5  0  2.099 -2.264 -3.152 -0.000292 -0.001855 0.000636 1684865024
A  BOL  7   5  0 -2.230 -5.258  2.147 -0.000729 0.000002 -0.000566 1684930560
A  BOL  8   5  0 -2.557  5.003 -2.311 -0.000537 0.001810 -0.001132 1684996096
A  BOL  1   6  0 -5.262 -0.627 -10.363 0.000030 0.000787 0.000072 1685061632
A  BOL  2   6  0 -8.792  5.810 -7.210 -0.001103 -0.000846 -0.000881 1685127168
A  BOL  3   6  0 -4.711  3.339 -5.385 -0.000354 -0.000352 0.000305 1685192704
A  BOL  4   6  0  3.376 -0.425 -9.839 0.000160 0.000169 -0.000878 1685258240
A  BOL  5   6  0 -0.362  2.491 -13.730 -0.002483 -0.000121 -0.000648 1685323776
A  BOL  6   6  0  0.628 -2.277 -1.533 -0.002953 -0.002054 0.000595 1685389312
A  BOL  7   6  0 -1.095 -5.249  1.155 -0.001771 -0.000247 -0.000646 1685454848
A  BOL  8   6  0 -3.068  4.807 -2.316 -0.000286 0.002352 -0.001309 1685520384
A  BOS  1  -6  0  0.111  5.105 -3.276 -0.001724 0.000367 -0.000176 1695547392
A  BOS  2  -6  0 -2.041  0.239  0.188 0.000581 0.001233 -0.002439 1695612928
A  BOS  3  -6  0 -11.898  2.030 -2.842 -0.000793 -0.002818 0.000546 1695678464
A  BOS  4  -6  0  0.317  2.876 -12.607 -0.000679 0.002211 0.001320 1695744000
A  BOS  5  -6  0  2.199  3.782  0.324 -0.000956 0.001120 -0.000456 1695809536
A  BOS  8  -6  0 -7.446  3.416  0.976 0.000199 -0.001581 0.000229 1696006144
A  BOS  1  -5  0 -2.786  5.856 -7.788 0.001924 -0.002261 0.000358 1696071680
A  BOS  2  -5  0  0.761  2.404  1.219 0.000180 0.001409 -0.001627 1696137216
A  BOS  3  -5  0 -8.585  2.533 -3.628 0.000005 -0.002948 0.001260 1696202752
A  BOS  4  -5  0 -2.365 -0.059 -11.930 0.000848 0.000712 0.000079 1696268288
A  BOS  5  -5  0  6.350  2.708 -2.071 0.000704 0.002234 -0.000267 1696333824
A  BOS  8  -5  0 -7.056  5.179  0.977 0.000685 -0.001942 0.000242 1696530432
A  BOS  1  -4  0 -1.956  3.856 -5.091 0.001914 -0.000729 -0.000057 1696595968
A  BOS  2  -4  0 -0.899  0.907  1.686 -0.000469 0.001125 -0.002492 1696661504
A  BOS  3  -4  0 -12.555  1.952 -5.333 0.000660 -0.003480 0.000416 1696727040
A  BOS  4  -4  0 -1.119  0.645 -12.095 0.000574 0.001497 0.000667 1696792576
A  BOS  5  -4  0  4.566  3.439 -2.287 -0.000224 0.003195 -0.001256 1696858112
A  BOS  8  -4  0 -4.219  3.171  4.316 -0.000507 -0.002030 0.000398 1697054720
A  BOS  1  -3  0 -1.498  5.490 -3.491 0.000594 0.000217 0.000978 1697120256
A  BOS  2  -3  0  2.079  3.344  1.482 0.001015 0.000892 -0.001463 1697185792
A  BOS  3  -3  0 -10.912  4.044 -7.666 0.001440 -0.001570 0.001061 1697251328
A  BOS  4  -3  0 -6.822  1.547 -10.697 -0.000409 0.001312 -0.000348 1697316864
A  BOS  5  -3  0  7.102  4.212 -1.402 -0.001610 0.002295 -0.000756 1697382400
A  BOS  8  -3  0 -8.874  4.309  3.919 0.000246 -0.002014 -0.001245 1697579008
A  BOS  1  -2  0  1.173  4.598 -4.141 0.000972 0.000684 0.001084 1697644544
A  BOS  2  -2  0  3.852  2.767  2.095 0.000715 0.001656 -0.000103 1697710080
A  BOS  3  -2  0 -13.699  5.410 -4.950 0.000318 -0.001634 -0.000159 1697775616
A  BOS  4  -2  0 -5.893  1.279 -11.182 0.000802 0.001223 0.000073 1697841152
A  BOS  5  -2  0  1.954  3.862 -2.553 -0.000104 0.001425 -0.001450 1697906688
A  BOS  8  -2  0 -6.174  4.214  4.849 -0.000171 -0.002381 0.000194 1698103296
A  BOS  1  -1  0 -0.070  5.355 -2.431 -0.000448 0.000547 0.001742 1698168832
A  BOS  2  -1  0 -0.776  3.621  1.871 0.000150 0.001997 -0.000947 1698234368
A  BOS  3  -1  0 -13.506  5.973 -5.173 0.001055 -0.002470 -0.000658 1698299904
A  BOS  4  -1  0 -5.327  2.145 -11.261 0.000533 0.000829 -0.000545 1698365440
A  BOS  5  -1  0  4.960  4.558 -2.827 -0.000623 0.001279 0.000149 1698430976
A  BOS  8  -1  0 -5.532  4.186  5.021 0.000240 -0.001884 -0.000023 1698627584
A  BOS  1   1  0 -4.208  2.897 -1.396 -0.000359 0.000471 0.000995 1699217408
A  BOS  2   1  0 -1.600  5.638  2.994 -0.000194 0.002430 -0.000193 1699282944
A  BOS  3   1  0 -13.873  6.518 -2.850 0.000575 -0.002320 -0.001122 1699348480
A  BOS  4   1  0 -8.075 -1.060 -11.408 0.001714 -0.000297 -0.000368 1699414016
A  BOS  5   1  0  5.561  1.553 -2.778 -0.000816 0.001117 0.000147 1699479552
A  BOS  8   1  0 -6.902  2.707  5.138 -0.000350 -0.001134 -0.001158 1699676160
A  BOS  1   2  0 -0.225  4.791 -2.658 0.000290 0.000078 0.001241 1699741696
A  BOS  2   2  0  0.476  5.168  2.807 -0.000104 0.002369 -0.001067 1699807232
A  BOS  3   2  0 -11.039  6.795 -3.260 -0.000386 -0.001994 -0.000681 1699872768
A  BOS  4   2  0 -4.060  0.254 -10.044 0.000937 0.000470 -0.000408 1699938304
A  BOS  5   2  0  7.896  0.072 -4.743 0.000054 0.000612 0.000855 1700003840
A  BOS  8   2  0 -9.141  0.445  5.353 -0.000668 -0.001822 -0.000327 1700200448
A  BOS  1   3  0 -0.028  2.799 -2.325 -0.001626 0.000896 0.000745 1700265984
A  BOS  2   3  0  3.223  5.273  2.536 -0.001089 0.002042 -0.000506 1700331520
A  BOS  3   3  0 -9.706  7.112 -2.391 -0.000900 -0.002922 -0.001025 1700397056
A  BOS  4   3  0 -3.060  1.472 -8.829 -0.002607 0.000579 -0.000312 1700462592
A  BOS  5   3  0  7.425 -0.795 -2.534 -0.001100 0.000371 0.000232 1700528128
A  BOS  8   3  0 -5.096 -0.662  5.415 -0.000219 -0.002412 0.000155 1700724736
A  BOS  1   4  0 -1.874  4.362 -5.607 0.000738 0.000923 0.001076 1700790272
A  BOS  2   4  0  5.327  6.049  2.635 -0.000277 0.000718 -0.000637 1700855808
A  BOS  3   4  0 -11.983  7.428 -3.881 0.000821 -0.003118 -0.000902 1700921344
A  BOS  4   4  0 -4.473  3.556 -13.094 -0.000034 0.000227 0.000595 1700986880
A  BOS  5   4  0  7.899  0.973 -3.225 -0.001506 0.000023 0.000730 1701052416
A  BOS  8   4  0 -5.810  1.551  5.133 0.000229 -0.002159 -0.000560 1701249024
A  BOS  1   5  0 -3.397  2.642 -5.481 0.000270 0.000578 0.001107 1701314560
A  BOS  2   5  0  1.012  7.752  1.230 0.000304 0.002406 0.000427 1701380096
A  BOS  3   5  0 -9.234  9.239 -5.442 0.000754 -0.002326 -0.000688 1701445632
A  BOS  4   5  0 -3.847  1.446 -13.579 0.000076 0.000324 -0.000798 1701511168
A  BOS  5   5  0  7.511  3.917 -6.738 0.000041 0.000370 0.001189 1701576704
A  BOS  8   5  0 -1.806  1.913  3.440 0.002005 -0.002126 -0.000311 1701773312
A  BOS  1   6  0 -4.120  4.678 -4.205 -0.001584 0.000327 0.000464 1701838848
A  BOS  2   6  0  2.791  6.552  2.785 -0.001566 0.001430 -0.000019 1701904384
A  BOS  3   6  0 -12.067 12.410 -2.143 -0.001044 -0.001735 -0.001159 1701969920
A  BOS  4   6  0 -3.010  4.153 -9.413 -0.002143 -0.000059 -0.000955 1702035456
A  BOS  5   6  0  4.298  1.514 -6.755 0.000284 0.000182 0.000659 1702100992
A  BOS  8   6  0 -3.199 -0.481  3.917 0.000350 -0.002207 0.000780 1702297600
A  BEE  1  -2  0  3.258 114.186  2.025 0.000621 -0.001971 0.004768 1714421760
A  BEE  2  -2  0 -5.199 111.183 -1.333 0.003796 0.000437 0.000251 1714487296
A  BEE  3  -2  0 -9.474 109.331  3.358 0.001199 0.000517 -0.002550 1714552832
A  BEE  4  -2  0 -8.923 107.900 -0.894 0.004038 -0.001827 0.000434 1714618368
A  BEE  5  -2  0 -3.544 101.965  0.282 0.002840 0.000490 -0.001043 1714683904
A  BEE  6  -2  0  7.381 110.750 -9.568 0.002186 -0.003147 0.000191 1714749440
A  BEE  7  -2  0 -1.772 107.341 -5.777 0.004478 0.001934 0.005841 1714814976
A  BEE  8  -2  0  3.427 106.944 -4.912 0.006956 -0.004604 -0.001949 1714880512
A  BEE  1  -1  0 -6.858 119.863  1.491 -0.001721 -0.000557 0.000323 1714946048
A  BEE  2  -1  0 -5.777 112.912 -0.073 0.001735 -0.001090 0.001829 1715011584
A  BEE  3  -1  0 -4.997 111.168  4.468 -0.004934 -0.002219 -0.003392 1715077120
A  BEE  4  -1  0 -7.814 112.350  1.353 0.000231 -0.003186 -0.000807 1715142656
A  BEE  5  -1  0 -0.838 105.818  2.690 0.001895 -0.000115 0.003362 1715208192
A  BEE  6  -1  0  5.342 110.666 -5.891 -0.003313 -0.003539 0.001558 1715273728
A  BEE  7  -1  0 -0.563 105.729  0.479 0.001560 0.000666 0.005339 1715339264
A  BEE  8  -1  0  4.328 112.707  1.038 0.001985 -0.006128 -0.002737 1715404800
A  BEE  1   1  0 -9.892 -108.141 -2.398 -0.000765 0.000066 0.001611 1715994624
A  BEE  2   1  0 -2.586 -112.362 -3.225 0.000564 -0.006780 0.001120 1716060160
A  BEE  3   1  0  3.063 -111.199 -4.180 -0.001681 -0.002552 0.001428 1716125696
A  BEE  4   1  0 -1.519 -111.322  4.640 -0.003122 -0.004435 -0.000127 1716191232
A  BEE  5   1  0 -6.240 -112.602  1.330 0.003478 -0.004071 0.002033 1716256768
A  BEE  6   1  0 -6.825 -118.100 -0.037 -0.000425 -0.001707 -0.004785 1716322304
A  BEE  7   1  0 -0.696 -117.502 -2.580 -0.000847 0.001560 0.003506 1716387840
A  BEE  8   1  0 -11.755 -112.348 -5.808 -0.001236 0.000459 0.000267 1716453376
A  BEE  1   2  0 -8.541 -106.725 -1.158 -0.004259 -0.002693 0.001873 1716518912
A  BEE  2   2  0 -7.664 -106.409 -2.984 0.000206 -0.003380 0.000257 1716584448
A  BEE  3   2  0  1.905 -104.947 -2.812 -0.001347 -0.002296 0.003950 1716649984
A  BEE  4   2  0 -2.198 -106.598  6.271 -0.004399 -0.004435 0.002152 1716715520
A  BEE  5   2  0 -11.152 -108.327  3.427 0.001543 -0.004186 0.001170 1716781056
A  BEE  6   2  0 -6.562 -114.629  2.642 -0.002130 -0.004436 -0.004934 1716846592
A  BEE  7   2  0 -4.116 -116.920  1.281 -0.005159 -0.000142 0.005154 1716912128
A  BEE  8   2  0 -9.107 -111.103 -4.069 -0.003862 -0.000882 0.003921 1716977664
A  BIR  6  -6  0 -3.671 -4.804 -5.660 0.002214 -0.001822 0.001711 1729429504
A  BIR  8  -6  0 -3.723 -0.537 -2.284 -0.001381 0.003356 -0.000421 1729560576
A  BIR  6  -5  0 -1.997 -0.067 -1.872 0.000445 -0.002910 -0.000989 1729953792
A  BIR  8  -5  0 -4.101 -0.368 -3.616 0.000203 0.002501 0.000242 1730084864
A  BIR  6  -4  0 -0.754 -3.347 -2.356 -0.001327 -0.002431 -0.000650 1730478080
A  BIR  8  -4  0 -3.261 -0.476 -2.951 0.001077 0.004001 0.000377 1730609152
A  BIR  6  -3  0  2.362 -3.261 -2.327 -0.001033 -0.003438 -0.000314 1731002368
A  BIR  8  -3  0 -6.576 -2.925 -0.569 -0.003179 0.004696 -0.000552 1731133440
A  BIR  6  -2  0  0.221 -3.861 -2.030 -0.002674 -0.001320 -0.001474 1731526656
A  BIR  8  -2  0 -2.174 -1.643 -2.602 -0.002287 0.003040 -0.000527 1731657728
A  BIR  6  -1  0 -6.972 -2.350 -3.649 -0.000983 -0.001215 -0.000735 1732050944
A  BIR  8  -1  0  2.155  1.780 -2.797 -0.002122 0.001652 -0.001496 1732182016
A  BIR  6   1  0  1.747 -14.695 -3.937 0.001049 -0.002312 0.000601 1733099520
A  BIR  8   1  0  5.578 -15.934 -4.191 -0.003888 0.001515 0.001171 1733230592
A  BIR  6   2  0  2.307 -15.123 -6.931 -0.001194 -0.000761 -0.001106 1733623808
A  BIR  8   2  0 -2.752 -16.629 -4.984 -0.001563 0.001462 0.001071 1733754880
A  BIR  6   3  0  3.133 -14.390 -7.467 -0.000755 -0.000678 -0.001376 1734148096
A  BIR  8   3  0 -5.943 -14.959 -6.137 0.000594 0.001867 0.000954 1734279168
A  BIR  6   4  0  2.082 -13.714 -8.533 -0.000066 -0.000501 -0.000847 1734672384
A  BIR  8   4  0 -4.877 -13.670 -5.489 -0.000172 0.001477 -0.000480 1734803456
A  BIR  6   5  0  3.481 -14.917 -8.250 0.000221 -0.000378 -0.000525 1735196672
A  BIR  8   5  0 -2.633 -14.727 -2.277 0.001372 0.002536 -0.002684 1735327744
A  BIR  6   6  0  4.777 -14.212 -11.357 0.002310 -0.001834 -0.000065 1735720960
A  BIR  8   6  0 -3.892 -13.435 -1.163 -0.001913 0.004368 -0.004121 1735852032
A  BMF  6  -3  0  2.742  1.961 -2.138 0.000330 0.000779 0.000969 1747779584
A  BMF  7  -3  0  1.469  2.818 -14.619 0.002565 0.005387 0.000403 1747845120
A  BMF  6  -2  0  5.603 -1.583 -1.814 -0.000573 0.000636 0.000083 1748303872
A  BMF  7  -2  0 -4.493 -1.564 -9.939 -0.000085 0.003854 -0.000485 1748369408
A  BMF  6  -1  0  5.817 -0.564 -2.441 0.002752 0.001859 0.000549 1748828160
A  BMF  7  -1  0  2.553 -2.003 -9.914 0.001781 0.003048 -0.000110 1748893696
A  BMF  6   1  0 10.299  0.558  3.118 0.001486 0.002450 0.001193 1749876736
A  BMF  7   1  0  0.780  1.506 -2.398 -0.000246 -0.001536 -0.002133 1749942272
A  BMF  6   2  0  8.819 -4.495  6.624 -0.000661 0.003169 0.000270 1750401024
A  BMF  7   2  0  2.920 -0.190 -0.091 0.000647 -0.000767 0.000100 1750466560
A  BMF  6   3  0 12.914  1.286  2.753 0.000729 0.001754 0.000103 1750925312
A  BMF  7   3  0  1.905 -2.256  0.618 0.000021 -0.001764 -0.000093 1750990848
A  BOF  6  -4  0  5.663 -0.585 -7.872 -0.000220 -0.003599 0.001468 1764032512
A  BOF  7  -4  0  2.429 -1.815 -3.788 -0.000892 0.000188 -0.000351 1764098048
A  BOF  6  -3  0 -1.577  2.596 -3.862 -0.000037 -0.001903 0.000086 1764556800
A  BOF  7  -3  0  0.294 -1.012 -2.621 0.002631 0.002328 -0.000643 1764622336
A  BOF  6  -2  0  0.965  1.805 -3.230 -0.001354 -0.001812 -0.003562 1765081088
A  BOF  7  -2  0  0.006  1.841 -0.958 0.000423 -0.000184 0.002982 1765146624
A  BOF  6  -1  0  6.957  0.845 -3.990 0.001196 -0.000129 0.000630 1765605376
A  BOF  7  -1  0 -2.485  0.665 -2.076 0.000584 -0.000957 0.000079 1765670912
A  BOF  6   1  0  6.724 -1.041 -3.613 0.000208 -0.001588 0.000635 1766653952
A  BOF  7   1  0 -2.576 -2.814 -2.648 0.000258 -0.001221 -0.000012 1766719488
A  BOF  6   2  0  8.634  0.142 -1.350 0.000090 -0.000363 0.000941 1767178240
A  BOF  7   2  0 -0.878  3.141  1.363 0.000013 -0.001428 -0.000740 1767243776
A  BOF  6   3  0  4.409  0.986 -1.598 -0.000723 -0.000416 -0.000317 1767702528
A  BOF  7   3  0 -1.105  4.907  1.332 -0.002148 0.000579 0.000685 1767768064
A  BOF  6   4  0  3.705 -2.541 -5.063 0.002611 -0.002085 0.000932 1768226816
A  BOF  7   4  0 -5.206  2.578 -2.232 -0.000453 0.000036 0.001621 1768292352
A  BOG  6  -4  0  2.935  2.437 -9.211 0.002161 -0.005189 0.001106 1780809728
A  BOG  7  -4  0  0.591 -0.863 -4.548 -0.001997 0.001443 -0.000286 1780875264
A  BOG  6  -3  0  0.628  4.478 -7.961 0.003750 -0.001938 0.000274 1781334016
A  BOG  7  -3  0  0.188 -3.233 -5.500 0.002146 0.000856 0.000285 1781399552
A  BOG  6  -2  0 -0.364 -4.062 -3.998 0.000234 -0.002567 -0.001390 1781858304
A  BOG  7  -2  0  0.771  2.046 -0.563 0.000177 0.000669 0.000246 1781923840
A  BOG  6  -1  0  6.175  2.788 -6.312 0.000475 -0.000418 0.001412 1782382592
A  BOG  7  -1  0 -3.811  1.913 -2.969 0.001858 -0.000214 -0.000155 1782448128
A  BOG  6   0  0  5.738 -0.927 -3.366 -0.000486 -0.001022 -0.000766 1782906880
A  BOG  7   0  0 -2.039 -3.608  2.129 -0.003770 -0.001210 -0.001226 1782972416
A  BOG  6   1  0  6.770 -4.363 -2.794 -0.002654 -0.000312 -0.001012 1783431168
A  BOG  7   1  0 -4.286 -0.050 -1.736 0.002019 -0.000812 -0.002550 1783496704
A  BOG  6   2  0  5.698  3.359 -2.610 0.002579 -0.001232 0.001533 1783955456
A  BOG  7   2  0 -0.697  1.261  2.697 -0.001318 0.000542 0.002539 1784020992
A  BOG  6   3  0  5.912 -1.489 -1.570 -0.002632 -0.001090 0.000834 1784479744
A  BOG  7   3  0 -0.638  1.603  0.612 -0.002648 0.000708 0.003582 1784545280
A  BOG  6   4  0 -0.355 -2.317 -6.749 -0.004098 -0.000639 0.003265 1785004032
A  BOG  7   4  0  1.971 -3.234 -2.739 -0.001180 0.000496 -0.000717 1785069568
A  EIL  1  -5  0 -0.076 15.944 -2.571 -0.000504 0.000673 0.000373 1796734976
A  EIL  5  -5  0 -0.922 -1.241  2.649 0.002472 -0.001200 0.000395 1796997120
A  EIL  1  -4  0  0.059 15.902 -2.389 -0.000504 0.000673 0.000373 1797259264
A  EIL  2  -4  0  0.943 -1.044 -2.376 -0.002360 -0.000021 0.000322 1797324800
A  EIL  3  -4  0 -0.421 -3.293 -0.250 -0.002118 -0.000212 0.000559 1797390336
A  EIL  4  -4  0 -4.199  2.354  2.487 0.000271 -0.000724 0.000263 1797455872
A  EIL  5  -4  0 -0.780 -1.279  1.758 0.002472 -0.001200 0.000395 1797521408
A  EIL  6  -4  0 -0.228 -4.683  0.964 0.001447 0.001211 -0.001152 1797586944
A  EIL  7  -4  0 -1.734 -1.271  2.182 -0.000274 0.000382 -0.000406 1797652480
A  EIL  8  -4  0 -1.204 -0.669  1.090 -0.000554 0.000246 -0.001317 1797718016
A  EIL  1  -3  0 -0.181  1.076 15.732 0.000126 0.000889 -0.001337 1797783552
A  EIL  2  -3  0  7.715 -1.124 13.004 -0.001291 0.002272 -0.000782 1797849088
A  EIL  3  -3  0 13.042 -2.303 14.826 0.001355 -0.002226 -0.000646 1797914624
A  EIL  4  -3  0 14.604 -3.029  9.212 -0.005185 0.000281 -0.000400 1797980160
A  EIL  5  -3  0  6.861  0.614 10.781 -0.001026 -0.001454 -0.001473 1798045696
A  EIL  6  -3  0 14.911  6.011  8.980 -0.001811 -0.000863 -0.002312 1798111232
A  EIL  7  -3  0 12.511  4.954 13.701 0.001618 -0.000901 -0.001806 1798176768
A  EIL  8  -3  0 10.971  4.184 20.949 0.001400 -0.004610 -0.000563 1798242304
A  EIL  1  -2  0 -1.626  0.996 15.621 0.000126 0.000889 -0.001337 1798307840
A  EIL  2  -2  0  6.868 -1.220 14.501 -0.001291 0.002272 -0.000782 1798373376
A  EIL  3  -2  0 12.344 -2.403 13.361 0.001355 -0.002226 -0.000646 1798438912
A  EIL  4  -2  0 14.171 -3.111 14.850 -0.005185 0.000281 -0.000400 1798504448
A  EIL  5  -2  0  5.269  0.538 11.915 -0.001026 -0.001454 -0.001473 1798569984
A  EIL  6  -2  0 12.410  5.567 11.105 -0.001811 -0.000863 -0.002312 1798635520
A  EIL  7  -2  0 10.557  4.887 11.966 0.001618 -0.000901 -0.001806 1798701056
A  EIL  8  -2  0 10.364  4.195 18.710 0.001400 -0.004610 -0.000563 1798766592
A  EIL  1  -1  0 -1.277  0.333 15.286 -0.000574 0.001730 -0.000171 1798832128
A  EIL  2  -1  0  0.491 -1.593 11.992 0.001498 0.000942 0.000527 1798897664
A  EIL  3  -1  0 11.606 -2.123 11.100 -0.000173 -0.000038 0.001687 1798963200
A  EIL  4  -1  0  5.154 -1.920 11.490 -0.001279 0.000824 -0.000125 1799028736
A  EIL  5  -1  0  6.854  0.669  9.673 0.000511 -0.001301 0.000775 1799094272
A  EIL  6  -1  0  5.569  3.685  9.417 0.001079 -0.001457 -0.000237 1799159808
A  EIL  7  -1  0  7.414  2.733 10.931 0.001780 -0.001334 0.000020 1799225344
A  EIL  8  -1  0  0.713  3.103 13.574 0.001263 -0.000607 0.000246 1799290880
A  EIL  1   1  0  8.070 -0.722 15.150 0.000819 -0.001676 -0.000014 1799880704
A  EIL  2   1  0  7.863 -4.489 12.381 -0.001633 -0.002313 0.000632 1799946240
A  EIL  3   1  0 -10.221 -4.247  8.634 -0.001632 -0.001668 -0.001769 1800011776
A  EIL  4   1  0 -1.408 -2.306  7.018 -0.001956 -0.000611 0.000887 1800077312
A  EIL  5   1  0  0.021 -1.071  8.929 -0.002828 0.001133 0.001303 1800142848
A  EIL  6   1  0  2.174  4.047 11.397 0.001686 0.000871 0.000565 1800208384
A  EIL  7   1  0 -7.278  6.272 13.075 0.001744 0.002075 -0.001288 1800273920
A  EIL  8   1  0  8.896  2.348 15.249 0.001815 0.000420 0.002087 1800339456
A  EIL  1   2  0 11.472  0.196 17.218 0.000237 -0.002202 0.000017 1800404992
A  EIL  2   2  0 -2.948 -2.647 10.576 0.002362 -0.003332 -0.000917 1800470528
A  EIL  3   2  0 -7.122 -4.822  6.102 -0.001696 -0.001661 -0.001428 1800536064
A  EIL  4   2  0 -10.288 -3.208  5.259 -0.003628 -0.000304 -0.000367 1800601600
A  EIL  5   2  0  1.075  1.184  4.537 0.000756 0.002010 0.001246 1800667136
A  EIL  6   2  0 -8.174  5.257  9.864 0.001861 0.001549 0.000199 1800732672
A  EIL  7   2  0 -7.020  6.626 17.115 -0.000464 0.001591 0.000387 1800798208
A  EIL  8   2  0 -1.332  4.528 18.926 0.002087 0.001032 -0.001249 1800863744
A  EIL  1   3  0 11.454  0.258 17.445 0.000237 -0.002202 0.000017 1800929280
A  EIL  2   3  0 -1.956 -2.574 13.102 0.002362 -0.003332 -0.000917 1800994816
A  EIL  3   3  0 -5.578 -4.754  4.239 -0.001696 -0.001661 -0.001428 1801060352
A  EIL  4   3  0 -9.891 -3.139  1.308 -0.003628 -0.000304 -0.000367 1801125888
A  EIL  5   3  0 -0.271  1.249  5.311 0.000756 0.002010 0.001246 1801191424
A  EIL  6   3  0 -8.390  5.345 11.582 0.001861 0.001549 0.000199 1801256960
A  EIL  7   3  0 -7.439  6.678 16.560 -0.000464 0.001591 0.000387 1801322496
A  EIL  8   3  0  0.019  4.795 21.319 0.002087 0.001032 -0.001249 1801388032
A  EIL  1   4  0 -0.679 34.397  2.610 -0.002043 -0.000505 -0.000694 1801453568
A  EIL  2   4  0 -8.618  1.047 -1.509 -0.000224 -0.001061 -0.000005 1801519104
A  EIL  3   4  0 -0.656  0.211 -10.040 0.000272 -0.001796 0.000945 1801584640
A  EIL  4   4  0  4.309 -0.721 -3.185 -0.001620 0.000856 0.002555 1801650176
A  EIL  5   4  0  1.028 -1.673  1.341 -0.000365 -0.000437 0.000156 1801715712
A  EIL  6   4  0 -1.888 -3.086 -0.660 0.000578 0.001485 0.000557 1801781248
A  EIL  7   4  0  0.972 -0.261  0.662 0.001459 -0.001240 -0.000637 1801846784
A  EIL  8   4  0  0.470 -1.677  1.045 -0.001004 0.001481 -0.000299 1801912320
A  EIL  1   5  0 -0.429 34.432  1.874 -0.002043 -0.000505 -0.000694 1801977856
A  EIL  5   5  0  0.972 -1.639  1.209 -0.000365 -0.000437 0.000156 1802240000
A  EEL  1  -2  0  0.000  0.000  0.000 0.000000 0.000000 0.000000 1815085056
A  EEL  2  -2  0  0.000  0.000  0.000 0.000000 0.000000 0.000000 1815150592
A  EEL  4  -2  0  0.000  0.000  0.000 0.000000 0.000000 0.000000 1815281664
A  EEL  5  -2  0  0.000  0.000  0.000 0.000000 0.000000 0.000000 1815347200
A  EEL  6  -2  0  0.000  0.000  0.000 0.000000 0.000000 0.000000 1815412736
A  EEL  7  -2  0  1.746 -0.200 -3.123 0.001678 -0.001053 0.000603 1815478272
A  EEL  8  -2  0 -4.105  0.296 -3.389 0.001881 0.000983 -0.000790 1815543808
A  EEL  1  -1  0  0.000  0.000  0.000 0.000000 0.000000 0.000000 1815609344
A  EEL  2  -1  0  0.000  0.000  0.000 0.000000 0.000000 0.000000 1815674880
A  EEL  3  -1  0  0.000  0.000  0.000 0.000000 0.000000 0.000000 1815740416
A  EEL  4  -1  0  0.000  0.000  0.000 0.000000 0.000000 0.000000 1815805952
A  EEL  5  -1  0  0.000  0.000  0.000 0.000000 0.000000 0.000000 1815871488
A  EEL  6  -1  0  0.000  0.000  0.000 0.000000 0.000000 0.000000 1815937024
A  EEL  7  -1  0  0.350 -0.570 -2.958 0.000251 -0.000660 0.000482 1816002560
A  EEL  8  -1  0 -2.050  0.126 -1.931 -0.000190 0.000352 -0.000962 1816068096
A  EEL  1   1  0  0.000  0.000  0.000 0.000000 0.000000 0.000000 1816657920
A  EEL  2   1  0  0.000  0.000  0.000 0.000000 0.000000 0.000000 1816723456
A  EEL  3   1  0  0.000  0.000  0.000 0.000000 0.000000 0.000000 1816788992
A  EEL  4   1  0  0.000  0.000  0.000 0.000000 0.000000 0.000000 1816854528
A  EEL  5   1  0  0.000  0.000  0.000 0.000000 0.000000 0.000000 1816920064
A  EEL  6   1  0 -4.310 -2.930 -0.482 -0.000508 -0.000363 -0.001078 1816985600
A  EEL  7   1  0 -0.081  0.902 -2.783 0.001575 -0.000342 -0.000311 1817051136
A  EEL  8   1  0  0.000  0.000  0.000 0.000000 0.000000 0.000000 1817116672
A  EEL  1   2  0  0.000  0.000  0.000 0.000000 0.000000 0.000000 1817182208
A  EEL  2   2  0  0.000  0.000  0.000 0.000000 0.000000 0.000000 1817247744
A  EEL  4   2  0  0.000  0.000  0.000 0.000000 0.000000 0.000000 1817378816
A  EEL  5   2  0  0.000  0.000  0.000 0.000000 0.000000 0.000000 1817444352
A  EEL  6   2  0 -1.782 -2.822 -0.831 -0.001895 -0.000229 -0.001011 1817509888
A  EEL  7   2  0  0.625  0.612 -1.555 0.002747 -0.000081 -0.000208 1817575424
A  EEL  8   2  0  0.000  0.000  0.000 0.000000 0.000000 0.000000 1817640960
A  EES  1  -2  0  0.000  0.000  0.000 0.000000 0.000000 0.000000 1831862272
A  EES  2  -2  0  0.000  0.000  0.000 0.000000 0.000000 0.000000 1831927808
A  EES  3  -2  0  0.000  0.000  0.000 0.000000 0.000000 0.000000 1831993344
A  EES  4  -2  0  0.000  0.000  0.000 0.000000 0.000000 0.000000 1832058880
A  EES  5  -2  0  0.000  0.000  0.000 0.000000 0.000000 0.000000 1832124416
A  EES  6  -2  0  0.000  0.000  0.000 0.000000 0.000000 0.000000 1832189952
A  EES  7  -2  0  0.000  0.000  0.000 0.000000 0.000000 0.000000 1832255488
A  EES  8  -2  0  0.000  0.000  0.000 0.000000 0.000000 0.000000 1832321024
A  EES  1  -1  0  0.000  0.000  0.000 0.000000 0.000000 0.000000 1832386560
A  EES  2  -1  0  0.000  0.000  0.000 0.000000 0.000000 0.000000 1832452096
A  EES  3  -1  0  0.000  0.000  0.000 0.000000 0.000000 0.000000 1832517632
A  EES  4  -1  0  0.000  0.000  0.000 0.000000 0.000000 0.000000 1832583168
A  EES  5  -1  0  0.000  0.000  0.000 0.000000 0.000000 0.000000 1832648704
A  EES  6  -1  0  0.000  0.000  0.000 0.000000 0.000000 0.000000 1832714240
A  EES  7  -1  0  0.000  0.000  0.000 0.000000 0.000000 0.000000 1832779776
A  EES  8  -1  0  0.000  0.000  0.000 0.000000 0.000000 0.000000 1832845312
A  EES  1   1  0  0.000  0.000  0.000 0.000000 0.000000 0.000000 1833435136
A  EES  2   1  0  0.000  0.000  0.000 0.000000 0.000000 0.000000 1833500672
A  EES  3   1  0  0.000  0.000  0.000 0.000000 0.000000 0.000000 1833566208
A  EES  4   1  0  0.000  0.000  0.000 0.000000 0.000000 0.000000 1833631744
A  EES  5   1  0  0.000  0.000  0.000 0.000000 0.000000 0.000000 1833697280
A  EES  6   1  0  0.000  0.000  0.000 0.000000 0.000000 0.000000 1833762816
A  EES  7   1  0  0.000  0.000  0.000 0.000000 0.000000 0.000000 1833828352
A  EES  8   1  0  0.000  0.000  0.000 0.000000 0.000000 0.000000 1833893888
A  EES  1   2  0  0.000  0.000  0.000 0.000000 0.000000 0.000000 1833959424
A  EES  2   2  0  0.000  0.000  0.000 0.000000 0.000000 0.000000 1834024960
A  EES  3   2  0  0.000  0.000  0.000 0.000000 0.000000 0.000000 1834090496
A  EES  4   2  0  0.000  0.000  0.000 0.000000 0.000000 0.000000 1834156032
A  EES  5   2  0  0.000  0.000  0.000 0.000000 0.000000 0.000000 1834221568
A  EES  6   2  0  0.000  0.000  0.000 0.000000 0.000000 0.000000 1834287104
A  EES  7   2  0  0.000  0.000  0.000 0.000000 0.000000 0.000000 1834352640
A  EES  8   2  0  0.000  0.000  0.000 0.000000 0.000000 0.000000 1834418176
A  EML  1  -5  0 -0.380 -4.859  7.362 -0.004110 -0.000309 -0.000067 1847066624
A  EML  2  -5  0 -0.286 -7.705  2.929 0.002655 -0.001040 0.000189 1847132160
A  EML  3  -5  0  5.596 -6.461 12.289 0.004452 -0.000983 0.000070 1847197696
A  EML  4  -5  0  2.051 -1.801  6.408 0.001608 0.002561 0.000855 1847263232
A  EML  5  -5  0 -3.796  2.817 -1.388 -0.005757 0.000767 0.000000 1847328768
A  EML  6  -5  0  3.895  1.371  9.089 -0.000067 -0.005166 -0.001125 1847394304
A  EML  7  -5  0  4.857  1.612 19.413 -0.003353 -0.000136 -0.000816 1847459840
A  EML  8  -5  0 -2.705  0.683  6.318 -0.000950 0.000984 0.000011 1847525376
A  EML  1  -4  0 -0.981 -3.126 -1.701 0.002286 0.000841 0.000184 1847590912
A  EML  2  -4  0 -0.858 -4.098  1.692 0.001253 -0.002467 -0.000402 1847656448
A  EML  3  -4  0  6.505 -5.740  5.889 0.004603 -0.001484 -0.000077 1847721984
A  EML  4  -4  0  3.872 -0.093 10.322 -0.001465 0.002726 0.000827 1847787520
A  EML  5  -4  0  2.453  4.540 -1.460 -0.002860 0.000425 -0.000732 1847853056
A  EML  6  -4  0  4.557  4.245 10.071 0.000597 -0.004408 -0.001253 1847918592
A  EML  7  -4  0  0.947  3.751 14.988 0.000478 -0.001231 -0.001139 1847984128
A  EML  8  -4  0 -2.242  0.495  3.856 0.001571 0.001110 -0.000578 1848049664
A  EML  1  -3  0 -2.732 -4.926  5.163 -0.001683 -0.000529 -0.000221 1848115200
A  EML  2  -3  0 -6.324 -4.129  6.669 -0.001215 -0.003172 0.000244 1848180736
A  EML  3  -3  0 -0.163 -8.215  9.536 -0.000224 -0.001560 -0.000452 1848246272
A  EML  4  -3  0  8.868 -1.447  6.104 0.000655 0.002193 0.000606 1848311808
A  EML  5  -3  0  2.598  3.227  2.868 -0.003713 0.002078 -0.000612 1848377344
A  EML  6  -3  0  6.403  2.165 11.172 0.001075 -0.002517 -0.001872 1848442880
A  EML  7  -3  0 -0.558  2.454 19.101 -0.001269 -0.000478 -0.001199 1848508416
A  EML  8  -3  0 -6.899 -1.811  7.308 -0.000633 0.000813 0.000132 1848573952
A  EML  1  -2  0 -8.600 -2.714  3.780 -0.000660 0.001386 -0.001308 1848639488
A  EML  2  -2  0 -7.540 -2.174  3.486 0.000340 -0.000799 -0.000989 1848705024
A  EML  3  -2  0  4.978 -9.882  8.272 0.000629 -0.001250 0.001447 1848770560
A  EML  4  -2  0 11.820  0.340  4.107 0.001287 0.002297 0.002328 1848836096
A  EML  5  -2  0  6.888  6.822  4.580 -0.002669 0.001505 0.000305 1848901632
A  EML  6  -2  0  7.714  5.737  8.625 0.000982 -0.002729 0.000569 1848967168
A  EML  7  -2  0 -0.303  3.226  9.436 0.004079 -0.002196 -0.000261 1849032704
A  EML  8  -2  0 -9.656 -0.662  8.496 0.000449 0.001433 -0.001376 1849098240
A  EML  1  -1  0 -2.544 -2.312 11.077 -0.002759 -0.000652 -0.000815 1849163776
A  EML  2  -1  0 -0.824 -4.355  6.237 -0.000208 -0.002002 0.000348 1849229312
A  EML  3  -1  0 -2.970 -6.442  2.379 0.003596 0.000636 -0.000583 1849294848
A  EML  4  -1  0  3.925 -4.772  3.883 -0.000529 0.000996 -0.002565 1849360384
A  EML  5  -1  0  2.028  2.464 -1.578 0.002999 0.000066 0.001442 1849425920
A  EML  6  -1  0 -3.860  1.722  7.478 -0.000915 -0.003443 -0.004023 1849491456
A  EML  7  -1  0 -5.942  1.709  3.175 0.004057 -0.000327 -0.000344 1849556992
A  EML  8  -1  0 -4.459 -2.467 12.001 -0.002117 0.001928 -0.001351 1849622528
A  EML  1   1  0  0.945 -0.602 30.066 -0.002300 0.001333 0.001951 1850212352
A  EML  2   1  0 -9.321 -9.877 27.175 -0.002674 -0.000515 -0.003297 1850277888
A  EML  3   1  0 -1.384  0.117 29.995 -0.002525 0.000032 -0.000172 1850343424
A  EML  4   1  0 -1.635 -4.352 33.540 -0.005733 0.000898 0.003060 1850408960
A  EML  5   1  0 -0.558  3.301 29.609 -0.004383 0.002232 0.000534 1850474496
A  EML  6   1  0  1.119 -0.790 29.741 -0.002033 0.000830 -0.001219 1850540032
A  EML  7   1  0  8.455 -0.426 31.454 -0.003140 0.000856 -0.001175 1850605568
A  EML  8   1  0  5.998 -1.085 29.705 -0.001873 -0.000943 0.001512 1850671104
A  EML  1   2  0  1.333 -3.502 23.681 -0.001112 0.000760 -0.000391 1850736640
A  EML  2   2  0  2.936 -3.322 20.446 -0.002318 -0.001523 0.001010 1850802176
A  EML  3   2  0 -6.904 -3.258 21.109 -0.004267 -0.000716 -0.002687 1850867712
A  EML  4   2  0 -11.639  2.295 20.568 -0.002956 0.001829 -0.002838 1850933248
A  EML  5   2  0 -6.582  3.744 22.310 -0.002320 0.002493 -0.001153 1850998784
A  EML  6   2  0 -5.302  0.575 25.526 -0.000866 0.002247 -0.001383 1851064320
A  EML  7   2  0  8.054 -0.801 26.601 -0.001345 0.001425 -0.000220 1851129856
A  EML  8   2  0 10.425 -4.892 29.683 -0.002820 -0.000365 0.000534 1851195392
A  EML  1   3  0 -8.762 -6.758 22.628 -0.001871 0.000818 -0.001500 1851260928
A  EML  2   3  0  1.825 -2.942 15.695 -0.001621 -0.000797 0.000397 1851326464
A  EML  3   3  0 -2.671 -1.558 14.237 -0.003339 -0.000478 -0.000762 1851392000
A  EML  4   3  0 -9.566  1.223 16.671 -0.004320 0.000534 -0.000792 1851457536
A  EML  5   3  0 -2.157  1.602 19.636 -0.003668 0.001903 -0.000093 1851523072
A  EML  6   3  0 -2.944 -0.068 24.063 -0.003100 0.001354 -0.000504 1851588608
A  EML  7   3  0  5.268 -2.499 22.073 -0.003264 0.002024 -0.000240 1851654144
A  EML  8   3  0  8.442 -6.786 30.251 -0.004523 -0.000465 -0.001325 1851719680
A  EML  1   4  0 -8.724 -5.139 16.820 -0.001253 -0.000384 -0.001483 1851785216
A  EML  2   4  0 -5.226 -1.884 13.324 -0.001668 -0.000180 0.000514 1851850752
A  EML  3   4  0 -9.438  0.192  9.132 -0.003344 -0.001218 -0.000648 1851916288
A  EML  4   4  0 -2.384  1.228  7.509 -0.003406 -0.000169 -0.001595 1851981824
A  EML  5   4  0  2.575  1.656 11.375 -0.001887 0.002123 -0.000473 1852047360
A  EML  6   4  0  2.727  0.739 17.413 -0.002023 0.000986 -0.000753 1852112896
A  EML  7   4  0  3.193 -1.579 17.295 -0.003410 0.000562 -0.000323 1852178432
A  EML  8   4  0  0.623 -4.925 23.092 -0.004355 0.000307 -0.000951 1852243968
A  EML  1   5  0 -10.700 -4.525 14.057 -0.001672 -0.000395 -0.000815 1852309504
A  EML  2   5  0 -6.905 -1.504 10.303 -0.001868 -0.000077 0.000736 1852375040
A  EML  3   5  0 -11.807 -0.430  3.128 0.000930 0.000096 -0.000368 1852440576
A  EML  4   5  0 -3.461  0.806  1.680 -0.001557 -0.000954 -0.001173 1852506112
A  EML  5   5  0  2.010  1.593 10.214 -0.003831 0.001964 -0.001197 1852571648
A  EML  6   5  0  1.474 -0.023 18.149 -0.005238 0.000055 -0.000233 1852637184
A  EML  7   5  0 -1.202 -1.022 16.155 -0.007491 -0.000668 0.000130 1852702720
A  EML  8   5  0 -1.368 -3.210 16.348 -0.004071 0.000865 -0.000797 1852768256
A  EMS  1  -5  0  3.328  1.714  0.967 0.000316 -0.001067 -0.001140 1863843840
A  EMS  2  -5  0  1.109 -4.890  6.486 0.003638 -0.003418 -0.000550 1863909376
A  EMS  3  -5  0  0.005  6.147  8.691 0.005222 0.002560 -0.000808 1863974912
A  EMS  4  -5  0 -8.963 -2.895 -3.103 -0.001841 0.003812 0.001147 1864040448
A  EMS  5  -5  0  4.965  0.249 -1.481 -0.004671 -0.003492 0.001667 1864105984
A  EMS  6  -5  0  1.590  0.695 15.801 0.003828 0.000479 0.002180 1864171520
A  EMS  7  -5  0 -2.480  1.201  8.420 0.001325 0.003362 -0.000756 1864237056
A  EMS  8  -5  0 -3.937 -2.614  1.015 -0.001452 0.000859 -0.000051 1864302592
A  EMS  1  -4  0 -3.245  1.121 -2.786 0.000718 0.000982 -0.002387 1864368128
A  EMS  2  -4  0 -1.449 -6.338  4.209 0.001261 -0.003972 0.000031 1864433664
A  EMS  3  -4  0  2.960  3.335  5.180 0.002619 0.004033 0.000168 1864499200
A  EMS  4  -4  0  2.873 -4.192 -2.868 -0.001992 0.003113 0.001273 1864564736
A  EMS  5  -4  0  6.512  0.192 -0.259 -0.002079 -0.004821 0.002189 1864630272
A  EMS  6  -4  0  2.288 -0.893 13.033 0.001607 -0.000580 0.002154 1864695808
A  EMS  7  -4  0 -1.476  3.510  8.624 0.001963 0.004967 -0.000979 1864761344
A  EMS  8  -4  0 -4.337 -2.715  5.258 -0.001297 -0.000113 0.000002 1864826880
A  EMS  1  -3  0  0.426 -2.688  0.395 -0.001854 0.001388 0.000465 1864892416
A  EMS  2  -3  0  0.801 -6.083  1.435 0.001859 -0.003032 -0.001119 1864957952
A  EMS  3  -3  0  6.142  1.031  0.619 0.001697 0.002097 0.000184 1865023488
A  EMS  4  -3  0  2.820 -5.105 -5.906 -0.000644 0.000535 0.002100 1865089024
A  EMS  5  -3  0 12.536  0.359 -1.057 -0.000216 -0.005638 0.003278 1865154560
A  EMS  6  -3  0  4.274 -4.219  9.317 0.001417 -0.002210 0.002389 1865220096
A  EMS  7  -3  0 -0.805  2.736  6.233 0.002132 0.004924 -0.001180 1865285632
A  EMS  8  -3  0 -2.687 -3.665  4.718 0.000714 -0.000338 0.000091 1865351168
A  EMS  1  -2  0 -0.090 -3.548  1.124 -0.000601 0.000634 -0.000063 1865416704
A  EMS  2  -2  0 -3.382 -5.184  2.660 0.000124 -0.004016 -0.002896 1865482240
A  EMS  3  -2  0  8.254  1.331  2.449 -0.000015 0.003188 0.001408 1865547776
A  EMS  4  -2  0  0.681 -2.844 -0.991 -0.002308 0.001284 -0.000890 1865613312
A  EMS  5  -2  0  6.568  3.606 -0.043 -0.000445 -0.006610 -0.000026 1865678848
A  EMS  6  -2  0  1.760  2.446  6.171 0.000629 0.002779 -0.000313 1865744384
A  EMS  7  -2  0 -6.303  3.317  4.244 0.001839 0.003851 -0.001750 1865809920
A  EMS  8  -2  0 -3.845 -1.454  0.946 0.004302 0.000741 0.000516 1865875456
A  EMS  1  -1  0 -8.598 -2.066  6.601 -0.002509 0.002122 -0.004090 1865940992
A  EMS  2  -1  0 -7.829 -4.993  4.570 -0.000618 -0.002618 -0.004569 1866006528
A  EMS  3  -1  0 13.679 -0.030  5.081 -0.001780 0.002398 0.004879 1866072064
A  EMS  4  -1  0  3.654 -4.166  2.705 -0.001622 0.003002 0.000220 1866137600
A  EMS  5  -1  0 10.150 -0.453  2.358 -0.000094 -0.004182 0.003308 1866203136
A  EMS  6  -1  0  7.313 -1.970  8.722 -0.000598 0.003914 0.004221 1866268672
A  EMS  7  -1  0 -6.030  3.441  4.980 0.000247 0.003212 -0.001275 1866334208
A  EMS  8  -1  0 -8.525 -4.868 10.383 -0.001637 -0.003970 -0.003153 1866399744
A  EMS  1   1  0  3.031 -4.520 32.269 -0.004018 -0.000585 0.003318 1866989568
A  EMS  2   1  0 -0.155 -9.435 24.040 -0.002591 -0.000441 0.000407 1867055104
A  EMS  3   1  0 -9.325 -2.921 30.115 -0.006296 0.001381 -0.002898 1867120640
A  EMS  4   1  0  2.137  3.263 28.130 -0.002388 -0.002061 0.000459 1867186176
A  EMS  5   1  0  0.616  1.127 27.941 -0.001843 0.004233 -0.000817 1867251712
A  EMS  6   1  0  5.754 -8.495 28.146 -0.002066 -0.000105 -0.000013 1867317248
A  EMS  7   1  0  3.481 -6.914 27.125 -0.000886 -0.001009 0.000586 1867382784
A  EMS  8   1  0  7.676 -10.913 32.303 -0.002535 0.000687 0.000838 1867448320
A  EMS  1   2  0 -2.863 -1.842 26.614 -0.004472 0.000406 0.001126 1867513856
A  EMS  2   2  0 -1.758 -7.788 19.088 -0.003527 0.000696 0.001081 1867579392
A  EMS  3   2  0 -7.277 -0.111 17.375 -0.001323 0.000703 -0.000678 1867644928
A  EMS  4   2  0  0.602  3.682 22.749 -0.002401 -0.000878 -0.000222 1867710464
A  EMS  5   2  0  3.064  3.337 24.819 -0.002046 0.002394 0.000078 1867776000
A  EMS  6   2  0  2.826 -6.103 26.162 -0.001860 -0.000731 -0.000169 1867841536
A  EMS  7   2  0  6.211 -4.921 25.848 -0.001127 0.000940 0.002289 1867907072
A  EMS  8   2  0  4.659 -13.353 26.881 -0.001749 -0.000351 0.000988 1867972608
A  EMS  1   3  0  1.094 -3.995 17.594 -0.003805 -0.000187 0.003396 1868038144
A  EMS  2   3  0 -3.923 -8.102 10.544 -0.001182 -0.000092 0.001040 1868103680
A  EMS  3   3  0 -4.195 -1.156 10.483 -0.001674 -0.000440 0.000534 1868169216
A  EMS  4   3  0  0.498  4.583 16.109 -0.002215 0.000654 -0.000835 1868234752
A  EMS  5   3  0 -1.129  0.718 19.754 -0.001448 0.003213 -0.003711 1868300288
A  EMS  6   3  0  4.243 -5.935 21.798 -0.001978 0.000017 -0.000646 1868365824
A  EMS  7   3  0  2.654 -5.852 21.486 -0.003175 -0.001554 0.001948 1868431360
A  EMS  8   3  0  2.644 -12.147 19.614 -0.000376 -0.002168 0.002885 1868496896
A  EMS  1   4  0 -1.511 -2.483  9.598 -0.001612 -0.000638 0.002157 1868562432
A  EMS  2   4  0 -5.844 -6.184  5.817 -0.002003 -0.000153 0.000679 1868627968
A  EMS  3   4  0 -5.177  0.828  7.039 -0.002601 0.000079 0.000429 1868693504
A  EMS  4   4  0 -8.098  1.015 10.088 -0.002125 0.001871 -0.002945 1868759040
A  EMS  5   4  0 -4.992  0.720 15.957 -0.002973 0.003355 -0.002348 1868824576
A  EMS  6   4  0  1.203 -4.739 14.899 -0.001012 0.001297 -0.000666 1868890112
A  EMS  7   4  0  2.049 -3.979 18.271 -0.003091 0.001210 0.001763 1868955648
A  EMS  8   4  0 -0.971 -11.967 20.308 -0.003332 -0.000528 0.001788 1869021184
A  EMS  1   5  0 -12.058 -1.989  6.174 -0.001504 0.000249 0.001515 1869086720
A  EMS  2   5  0 -6.135 -5.136  1.161 -0.000747 0.000239 -0.000472 1869152256
A  EMS  3   5  0 -2.550  1.559  2.108 -0.001027 -0.000319 -0.000774 1869217792
A  EMS  4   5  0  1.287  2.344 -1.540 -0.001614 -0.001592 -0.001633 1869283328
A  EMS  5   5  0  5.971 -0.750  9.060 0.001718 0.002781 -0.002547 1869348864
A  EMS  6   5  0  1.804 -6.927  8.321 -0.002001 -0.000990 -0.000720 1869414400
A  EMS  7   5  0  1.814 -3.488 12.706 -0.004757 0.001215 0.002269 1869479936
A  EMS  8   5  0 -10.172 -10.336 14.981 -0.002340 -0.000068 0.003014 1869545472
A  EOL  1  -6  0 -5.275 -0.788  0.010 -0.000482 -0.000329 -0.000775 1880096768
A  EOL  2  -6  0 -8.158 -5.598  0.816 -0.003207 -0.000377 -0.000045 1880162304
A  EOL  3  -6  0 -0.912 -6.706 -1.084 0.001383 0.000113 -0.000173 1880227840
A  EOL  4  -6  0  7.595 -7.079  0.117 0.002281 -0.000147 0.000054 1880293376
A  EOL  5  -6  0  5.300 -1.543 -1.189 0.001274 -0.000064 -0.000466 1880358912
A  EOL  6  -6  0  6.718 -5.553  5.060 -0.004536 0.000710 -0.000808 1880424448
A  EOL  7  -6  0  5.016 -3.329  1.708 0.000159 0.000183 -0.001100 1880489984
A  EOL  8  -6  0 -2.981 -2.676  3.482 -0.004220 0.000656 -0.000124 1880555520
A  EOL  1  -5  0 -6.645  3.720 -0.103 -0.000910 0.000136 -0.001465 1880621056
A  EOL  2  -5  0  1.098 -5.940 -1.402 0.001164 -0.000282 -0.000708 1880686592
A  EOL  3  -5  0  1.106 -6.000 -2.043 0.001246 -0.000371 0.000205 1880752128
A  EOL  4  -5  0  3.406 -4.773 -1.117 0.002147 -0.000417 0.000448 1880817664
A  EOL  5  -5  0  4.852 -8.173  2.719 -0.003309 0.000885 -0.000473 1880883200
A  EOL  6  -5  0  8.136 -2.114  0.939 0.000137 -0.000405 -0.000087 1880948736
A  EOL  7  -5  0  3.020  4.533  1.508 0.000180 0.000043 -0.001016 1881014272
A  EOL  8  -5  0 -1.599  4.673 -1.719 0.000414 -0.000183 -0.000512 1881079808
A  EOL  1  -4  0 -4.164  2.776  0.652 0.000039 0.000541 -0.001111 1881145344
A  EOL  2  -4  0 -2.540 -4.649 -2.173 0.001944 -0.000293 -0.000156 1881210880
A  EOL  3  -4  0 -0.117 -5.798 -0.120 0.001227 0.000446 -0.000200 1881276416
A  EOL  4  -4  0  6.909 -8.044  3.350 -0.001826 0.000919 0.000235 1881341952
A  EOL  5  -4  0  6.454 -6.414 -0.448 0.000662 0.000882 -0.000730 1881407488
A  EOL  6  -4  0  9.865 -1.485  3.125 -0.001481 0.000375 0.000210 1881473024
A  EOL  7  -4  0  2.514  4.571  1.227 0.000257 -0.000580 -0.000710 1881538560
A  EOL  8  -4  0 -3.499  5.819  0.170 -0.000218 -0.000144 -0.000210 1881604096
A  EOL  1  -3  0 -5.228  0.795  0.277 -0.000248 0.000015 -0.000822 1881669632
A  EOL  2  -3  0  4.363 -2.439 -2.081 0.001214 0.000138 -0.000630 1881735168
A  EOL  3  -3  0  3.853 -7.835 -0.332 -0.000965 -0.000217 -0.002249 1881800704
A  EOL  4  -3  0  8.633 -4.737 -0.243 0.001598 0.000828 0.001411 1881866240
A  EOL  5  -3  0  6.419 -5.942 -1.020 -0.000944 0.000892 -0.001378 1881931776
A  EOL  6  -3  0  2.582 -0.684  0.869 -0.000177 -0.000540 -0.000194 1881997312
A  EOL  7  -3  0  4.975 -0.214  1.051 0.000963 -0.000742 -0.000069 1882062848
A  EOL  8  -3  0 -2.024  5.046 -2.359 0.001586 -0.000724 -0.000653 1882128384
A  EOL  1  -2  0 -4.076  1.339 -3.098 0.001246 -0.000299 -0.000595 1882193920
A  EOL  2  -2  0  4.725  0.754 -4.984 0.000553 0.000352 0.000590 1882259456
A  EOL  3  -2  0  1.785 -3.842 -2.263 0.001194 -0.000543 -0.000225 1882324992
A  EOL  4  -2  0  2.680 -5.505  1.813 -0.001391 0.000254 0.000097 1882390528
A  EOL  5  -2  0 10.540 -5.380 -2.861 0.000539 -0.001279 -0.000639 1882456064
A  EOL  6  -2  0  5.735  5.392  1.060 -0.000073 -0.000140 -0.001319 1882521600
A  EOL  7  -2  0 -0.341  4.539  1.734 -0.000214 0.000191 -0.000142 1882587136
A  EOL  8  -2  0 -0.904  1.020  2.958 -0.002515 -0.001710 -0.000421 1882652672
A  EOL  1  -1  0 -3.750 -0.613  2.174 -0.000475 0.000797 -0.000773 1882718208
A  EOL  2  -1  0 -0.141 -4.820 -2.705 0.001713 0.000267 0.000851 1882783744
A  EOL  3  -1  0  1.016 -4.573 -0.463 0.000031 0.000633 -0.000542 1882849280
A  EOL  4  -1  0  1.386 -7.540 -1.045 0.000612 0.000709 0.000168 1882914816
A  EOL  5  -1  0  6.236 -6.160 -2.718 0.001496 0.000264 0.000568 1882980352
A  EOL  6  -1  0 -0.722  4.515  0.972 0.001601 0.000054 0.000602 1883045888
A  EOL  7  -1  0  2.895  4.806 -0.933 0.001354 -0.000116 0.000781 1883111424
A  EOL  8  -1  0 -4.113  5.283  0.836 0.000157 -0.000844 -0.001184 1883176960
A  EOL  1   1  0  7.955 -0.282  0.422 0.000090 0.000103 0.002307 1883766784
A  EOL  2   1  0 -0.657 -2.587 -2.380 0.002795 0.002211 0.000644 1883832320
A  EOL  3   1  0 -4.618 -3.137 -3.361 0.002853 0.001500 -0.000075 1883897856
A  EOL  4   1  0  3.729 -4.236  2.348 -0.002055 0.000482 0.002720 1883963392
A  EOL  5   1  0 -5.149 -0.620  0.059 0.000082 0.000813 -0.001428 1884028928
A  EOL  6   1  0 -3.684  3.432  0.017 0.000402 -0.000243 -0.001799 1884094464
A  EOL  7   1  0 -3.731  6.474 -1.478 0.000375 0.000409 0.001026 1884160000
A  EOL  8   1  0 -1.135  6.259 -0.159 -0.000241 -0.000724 0.000073 1884225536
A  EOL  1   2  0  3.562 -0.108  3.666 -0.004309 0.000156 0.000389 1884291072
A  EOL  2   2  0  4.729 -4.488  4.823 -0.003498 0.000569 0.002181 1884356608
A  EOL  3   2  0 -0.130 -5.329  2.367 0.000454 -0.000572 0.001283 1884422144
A  EOL  4   2  0 -1.384 -3.538  2.699 -0.000749 0.000578 -0.001446 1884487680
A  EOL  5   2  0 -6.011  0.395  1.086 -0.000074 0.000558 -0.001710 1884553216
A  EOL  6   2  0 -4.286  2.130 -0.388 -0.001099 0.000813 0.000928 1884618752
A  EOL  7   2  0 -7.074  0.270  0.842 -0.001942 0.000974 -0.000758 1884684288
A  EOL  8   2  0 -2.136 -3.297 -2.338 0.000536 0.001755 0.002235 1884749824
A  EOL  1   3  0  1.744 -3.065  0.782 -0.002197 0.000368 0.000946 1884815360
A  EOL  2   3  0  9.741 -6.643  2.743 -0.005135 0.000628 0.002521 1884880896
A  EOL  3   3  0 -1.015 -8.178  2.531 -0.000902 -0.001618 0.000239 1884946432
A  EOL  4   3  0 -0.612 -2.833  0.883 0.000362 0.000163 -0.000527 1885011968
A  EOL  5   3  0 -4.230 -0.862  2.891 -0.002637 0.000170 -0.000550 1885077504
A  EOL  6   3  0 -4.123  3.650  0.447 -0.000493 -0.000082 -0.000240 1885143040
A  EOL  7   3  0 -4.634  0.825 -2.595 0.001791 0.001283 0.000373 1885208576
A  EOL  8   3  0  2.623  2.605  0.984 -0.004380 -0.000155 0.003726 1885274112
A  EOL  1   4  0  3.910  0.764  0.465 0.000476 0.000439 0.000353 1885339648
A  EOL  2   4  0  7.800 -5.254 -3.217 0.000773 0.000966 0.002475 1885405184
A  EOL  3   4  0  2.854 -5.015 -1.042 0.001717 0.000150 0.000280 1885470720
A  EOL  4   4  0  0.367 -4.219  0.482 0.000183 0.000031 -0.000069 1885536256
A  EOL  5   4  0 -2.650 -1.375 -0.872 0.001026 -0.000150 0.000003 1885601792
A  EOL  6   4  0 -3.208  3.536 -1.586 -0.000379 -0.000054 0.000024 1885667328
A  EOL  7   4  0 -1.657 -0.324 -0.844 0.000465 0.000825 0.000568 1885732864
A  EOL  8   4  0  2.971  5.495 -0.877 0.000051 0.000417 0.000867 1885798400
A  EOL  1   5  0  2.255  0.246  2.117 -0.001166 0.000197 0.000457 1885863936
A  EOL  2   5  0  8.646 -2.616  0.294 0.002530 -0.000792 0.002115 1885929472
A  EOL  3   5  0  2.199 -4.595  1.151 0.000626 -0.000378 0.000292 1885995008
A  EOL  4   5  0  0.442 -1.550  0.916 -0.000901 0.000082 0.000707 1886060544
A  EOL  5   5  0 -2.486 -2.388  1.723 -0.001608 -0.000467 0.000010 1886126080
A  EOL  6   5  0 -2.316  3.497 -2.159 0.000879 0.000077 -0.000413 1886191616
A  EOL  7   5  0  0.350  3.999 -0.077 0.000105 0.000139 -0.000088 1886257152
A  EOL  8   5  0 -2.287  0.472 -2.973 0.001244 0.000195 0.002099 1886322688
A  EOL  1   6  0  5.037  1.857  1.928 0.000067 0.000032 0.000127 1886388224
A  EOL  2   6  0 17.430 -5.980  3.907 0.000360 -0.000449 0.001960 1886453760
A  EOL  3   6  0  2.600 -4.910  0.637 0.000148 -0.000096 0.000115 1886519296
A  EOL  4   6  0  2.932 -5.203  2.188 -0.000309 -0.000618 0.000742 1886584832
A  EOL  5   6  0 -1.289 -2.842  0.851 -0.000246 -0.000178 -0.000339 1886650368
A  EOL  6   6  0 -1.445  3.999 -1.018 0.001542 -0.000643 -0.000193 1886715904
A  EOL  7   6  0 -3.203  0.485  1.693 -0.000428 -0.000095 0.000248 1886781440
A  EOL  8   6  0  0.570  6.469 -1.326 0.001539 0.000460 0.000022 1886846976
A  EOS  1  -6  0 -6.287 -0.066  1.132 0.000549 0.000398 0.000309 1896873984
A  EOS  2  -6  0 -0.581 -4.481  2.389 -0.000705 -0.000060 -0.000474 1896939520
A  EOS  3  -6  0  6.050 -1.305  2.424 -0.000076 0.000143 0.001604 1897005056
A  EOS  4  -6  0  4.732 -1.877  2.316 0.000095 -0.000117 -0.000507 1897070592
A  EOS  5  -6  0  0.856 -2.103  0.415 0.000836 -0.000046 -0.000175 1897136128
A  EOS  6  -6  0  0.552  2.666  2.838 -0.000453 0.000013 0.000612 1897201664
A  EOS  7  -6  0  4.341  4.969  2.671 0.000682 -0.000045 0.000610 1897267200
A  EOS  8  -6  0 -2.448 -0.350  0.277 0.000943 -0.000813 0.000079 1897332736
A  EOS  1  -5  0 -2.606  2.140 -0.068 0.001771 -0.000674 0.000842 1897398272
A  EOS  2  -5  0 -4.138 -6.015  0.394 0.001569 -0.000052 -0.000290 1897463808
A  EOS  3  -5  0  3.894 -3.536  0.746 0.000494 -0.000050 0.000368 1897529344
A  EOS  4  -5  0  5.982 -1.896  2.155 -0.000358 0.000314 0.000030 1897594880
A  EOS  5  -5  0  1.103 -1.451  1.070 0.000562 0.000009 0.000379 1897660416
A  EOS  6  -5  0  1.501  2.600  2.650 0.000881 -0.000125 0.000665 1897725952
A  EOS  7  -5  0  2.602  6.222  1.547 0.000940 -0.000556 0.000526 1897791488
A  EOS  8  -5  0 -2.207  2.243  0.833 -0.000278 -0.000376 0.000453 1897857024
A  EOS  1  -4  0 -2.291 -0.257  0.969 0.000074 -0.000315 0.000534 1897922560
A  EOS  2  -4  0 -2.156 -6.491  2.804 -0.000176 0.000088 -0.000457 1897988096
A  EOS  3  -4  0  2.644 -4.247  2.905 -0.001425 0.000189 0.000444 1898053632
A  EOS  4  -4  0  8.111 -1.551  2.293 0.000170 0.000486 0.000666 1898119168
A  EOS  5  -4  0  0.545 -1.266  0.663 0.000734 0.000348 -0.000053 1898184704
A  EOS  6  -4  0  1.507  5.000  2.319 0.000767 -0.000260 0.001402 1898250240
A  EOS  7  -4  0 -0.534  6.077  0.695 0.001022 0.000179 0.000348 1898315776
A  EOS  8  -4  0 -2.472  2.544  1.274 0.000095 0.000439 0.000382 1898381312
A  EOS  1  -3  0 -8.317  0.764  1.752 -0.000471 -0.000181 -0.000759 1898446848
A  EOS  2  -3  0 -0.436 -6.292  1.644 0.000052 -0.001136 -0.000808 1898512384
A  EOS  3  -3  0  4.885 -3.825  1.762 0.000083 -0.000263 0.000815 1898577920
A  EOS  4  -3  0  5.548 -3.460  1.056 0.000573 0.000744 -0.000809 1898643456
A  EOS  5  -3  0  2.677 -2.167  4.149 -0.003375 -0.001009 -0.000061 1898708992
A  EOS  6  -3  0  2.531  4.520  4.171 -0.001277 -0.001138 0.001258 1898774528
A  EOS  7  -3  0 -2.512  5.390  3.339 0.000318 0.000517 0.000355 1898840064
A  EOS  8  -3  0 -1.753  2.021  0.981 0.000288 -0.000429 0.001193 1898905600
A  EOS  1  -2  0 -6.143 -4.203  1.724 -0.000739 -0.000299 -0.000634 1898971136
A  EOS  2  -2  0 -0.128 -3.159 -0.404 0.002286 -0.001313 -0.001303 1899036672
A  EOS  3  -2  0  1.288 -4.092  1.133 -0.000091 -0.001003 -0.000019 1899102208
A  EOS  4  -2  0  4.695  1.059  1.027 0.000406 0.000355 -0.001087 1899167744
A  EOS  5  -2  0  2.021 -1.307  3.481 -0.000932 0.000812 0.000140 1899233280
A  EOS  6  -2  0  1.398  3.112  2.497 -0.001234 0.000559 0.000216 1899298816
A  EOS  7  -2  0  2.897  6.030  1.812 -0.000199 -0.000992 0.000418 1899364352
A  EOS  8  -2  0 -3.368  2.017  1.393 0.000297 0.000793 -0.000802 1899429888
A  EOS  1  -1  0 -7.751 -1.342  0.885 0.000669 -0.000288 -0.001913 1899495424
A  EOS  2  -1  0  0.283 -3.389  4.260 -0.003183 -0.000469 -0.002324 1899560960
A  EOS  3  -1  0  1.053 -4.777  1.406 -0.000574 -0.001050 0.001669 1899626496
A  EOS  4  -1  0  0.608 -1.052  0.977 0.000817 0.000494 -0.002583 1899692032
A  EOS  5  -1  0  3.398 -0.120  1.658 -0.000650 -0.000340 0.000243 1899757568
A  EOS  6  -1  0  1.134  3.198  2.653 -0.000189 0.000756 0.000234 1899823104
A  EOS  7  -1  0  1.938  6.019  2.300 -0.000175 -0.000534 0.000759 1899888640
A  EOS  8  -1  0 -3.388  2.235  1.727 -0.000552 -0.000178 -0.000055 1899954176
A  EOS  1   1  0  0.712  1.498  1.382 -0.001121 -0.001086 0.000559 1900544000
A  EOS  2   1  0  0.346 -2.672  1.062 -0.000136 -0.000821 0.000498 1900609536
A  EOS  3   1  0  0.391 -6.395  3.698 -0.001379 -0.000661 -0.000380 1900675072
A  EOS  4   1  0  0.722 -1.131 -1.148 0.000310 -0.000495 0.000521 1900740608
A  EOS  5   1  0 -0.154  1.522 -0.154 0.000088 -0.001652 0.001805 1900806144
A  EOS  6   1  0 -1.357  2.237  0.664 -0.000404 -0.000060 0.000307 1900871680
A  EOS  7   1  0  2.627  3.353 -0.147 0.000237 0.001371 0.001457 1900937216
A  EOS  8   1  0 -3.392  1.570  2.122 -0.000842 0.000075 -0.000186 1901002752
A  EOS  1   2  0 -2.713  2.600 -0.293 0.000615 0.000136 0.000382 1901068288
A  EOS  2   2  0 -2.506 -1.345  1.534 0.000538 0.000861 -0.000949 1901133824
A  EOS  3   2  0  2.740 -5.413  4.819 -0.001639 -0.001701 -0.000540 1901199360
A  EOS  4   2  0 -2.552 -1.195  1.997 -0.000608 -0.001612 -0.000199 1901264896
A  EOS  5   2  0 -5.218 -0.568  0.432 -0.000809 -0.001466 -0.001815 1901330432
A  EOS  6   2  0  2.044  5.501  1.097 -0.001274 0.000609 0.000350 1901395968
A  EOS  7   2  0  3.157  6.024  1.814 0.000455 -0.002361 -0.000644 1901461504
A  EOS  8   2  0 -4.323  2.366  1.514 -0.000342 0.000856 -0.000431 1901527040
A  EOS  1   3  0 -0.597  2.955 -0.706 0.001183 -0.000024 0.000166 1901592576
A  EOS  2   3  0  2.347 -4.019  3.787 -0.001352 -0.000147 -0.000614 1901658112
A  EOS  3   3  0  2.931 -4.120  3.172 -0.000702 -0.000747 0.000258 1901723648
A  EOS  4   3  0  1.546 -1.080 -0.564 0.000211 0.000430 -0.000008 1901789184
A  EOS  5   3  0 -5.192 -0.317 -1.806 0.001226 0.000300 -0.001444 1901854720
A  EOS  6   3  0  3.210  5.527 -0.224 0.000124 0.000784 0.000356 1901920256
A  EOS  7   3  0  5.945  5.556  1.809 -0.000706 -0.000400 -0.000447 1901985792
A  EOS  8   3  0  1.197  2.564  1.253 -0.000410 -0.000042 -0.000081 1902051328
A  EOS  1   4  0  0.319  2.787  3.907 -0.001338 -0.000814 0.000232 1902116864
A  EOS  2   4  0  0.436 -1.694  3.497 -0.000803 -0.000525 -0.001681 1902182400
A  EOS  3   4  0  4.462 -1.227  1.879 0.000710 -0.000343 0.000408 1902247936
A  EOS  4   4  0  1.996 -1.416  0.972 -0.000494 -0.000568 0.000283 1902313472
A  EOS  5   4  0 -2.574 -0.308  0.810 -0.000610 -0.000678 -0.000417 1902379008
A  EOS  6   4  0  4.294  5.167 -0.233 -0.000422 0.000392 0.000372 1902444544
A  EOS  7   4  0  7.053  6.123 -2.290 0.000730 0.000068 -0.000639 1902510080
A  EOS  8   4  0 -2.305  2.579  1.501 -0.000394 0.000210 -0.000263 1902575616
A  EOS  1   5  0 -0.872  2.496  1.562 0.000600 -0.000072 0.000313 1902641152
A  EOS  2   5  0  0.360 -2.920  3.384 -0.000946 -0.000551 -0.001669 1902706688
A  EOS  3   5  0  2.712 -2.542 -0.446 0.002473 -0.000081 0.000519 1902772224
A  EOS  4   5  0  3.077 -0.983  1.060 0.000683 -0.000248 0.000327 1902837760
A  EOS  5   5  0 -3.029  0.151 -0.632 -0.000247 -0.000233 -0.000338 1902903296
A  EOS  6   5  0  0.547  4.239  0.657 -0.000076 0.000364 0.000177 1902968832
A  EOS  7   5  0  0.671  6.045  0.292 -0.000583 -0.000636 -0.000154 1903034368
A  EOS  8   5  0  1.747  2.163  3.567 -0.001694 -0.000081 -0.000231 1903099904
A  EOS  1   6  0  1.299  2.679  1.502 0.000725 -0.000606 0.000128 1903165440
A  EOS  2   6  0  1.042 -6.186  2.049 0.000165 -0.000552 -0.001158 1903230976
A  EOS  3   6  0  0.929 -4.540  1.239 0.000997 0.000113 0.000653 1903296512
A  EOS  4   6  0  3.479 -1.211  1.961 -0.000897 -0.000902 0.000322 1903362048
A  EOS  5   6  0 -2.684  0.394 -2.949 0.001807 -0.000562 -0.000295 1903427584
A  EOS  6   6  0 -4.768  3.897  1.185 -0.000552 0.000472 0.000136 1903493120
A  EOS  7   6  0 -2.046  5.150  0.101 0.001156 -0.000613 -0.000801 1903558656
A  EOS  8   6  0 -0.553  2.945  1.891 0.001435 0.000358 -0.000040 1903624192
A  EIS  1  -2  0  1.137 -1.946 10.674 -0.000079 -0.002279 -0.000885 2049966080
A  EIS  2  -2  0  3.946 -3.300  4.903 0.005950 -0.005173 0.000522 2050031616
A  EIS  3  -2  0  3.716 -4.793 16.617 -0.007515 0.005621 -0.000374 2050097152
A  EIS  4  -2  0  8.179  0.305  8.468 -0.000471 0.001623 0.000049 2050162688
A  EIS  5  -2  0  9.796  2.486  8.931 -0.000523 -0.002999 0.000222 2050228224
A  EIS  6  -2  0  5.340  6.018  8.336 0.004827 -0.000787 -0.001849 2050293760
A  EIS  7  -2  0  3.375  3.340 12.851 0.000630 -0.002052 0.000732 2050359296
A  EIS  8  -2  0  0.191  0.521 21.719 -0.002911 0.006474 -0.000347 2050424832
A  EIS  1  -1  0 -0.610 -1.142 12.462 -0.000216 -0.001950 -0.000197 2050490368
A  EIS  2  -1  0  1.511 -3.559 12.263 -0.004603 0.003742 0.000702 2050555904
A  EIS  3  -1  0  4.348 -1.607  5.701 0.003412 -0.003628 0.000747 2050621440
A  EIS  4  -1  0  7.703 -1.117 10.171 -0.000699 0.001444 0.001688 2050686976
A  EIS  5  -1  0  3.816  0.947  7.678 -0.000267 0.000559 -0.001416 2050752512
A  EIS  6  -1  0  3.974  4.941 11.876 -0.000439 0.000962 0.000039 2050818048
A  EIS  7  -1  0  1.509  3.776 13.803 0.001920 -0.003417 0.000539 2050883584
A  EIS  8  -1  0 -0.018  0.143 14.964 -0.000825 -0.001157 0.000863 2050949120
A  EIS  1   1  0  8.419 -0.765 11.665 0.000755 0.000287 0.001263 2051538944
A  EIS  2   1  0  3.399 -3.088  8.097 0.001274 -0.000519 -0.001587 2051604480
A  EIS  3   1  0 -0.159 -4.280  4.059 0.000539 -0.001480 0.001320 2051670016
A  EIS  4   1  0 -6.785 -0.078  5.607 -0.000510 0.001741 -0.002931 2051735552
A  EIS  5   1  0 -5.806  3.068  8.558 0.000824 0.002117 -0.003634 2051801088
A  EIS  6   1  0  0.142  5.943 12.492 0.001464 0.000866 0.000165 2051866624
A  EIS  7   1  0  6.518  4.317 14.640 0.002582 0.001269 0.000010 2051932160
A  EIS  8   1  0  8.623  2.781 11.854 0.006120 -0.001655 0.000571 2051997696
A  EIS  1   2  0  8.935 -0.870 15.314 0.001343 -0.000483 0.000586 2052063232
A  EIS  2   2  0  5.101 -2.896  7.218 0.000675 0.000160 0.001778 2052128768
A  EIS  3   2  0  2.860 -6.042  6.572 -0.005697 -0.002667 -0.000133 2052194304
A  EIS  4   2  0 -1.038 -0.883  2.929 -0.001852 0.000378 -0.000584 2052259840
A  EIS  5   2  0 -3.622  4.655  8.031 0.001694 0.005330 -0.001860 2052325376
A  EIS  6   2  0  1.761  5.141 14.853 0.000197 0.001366 -0.001420 2052390912
A  EIS  7   2  0  6.007  5.560 19.862 -0.000552 -0.000548 -0.000494 2052456448
A  EIS  8   2  0  9.403  2.669 20.065 0.001884 -0.002019 -0.000334 2052521984
A  CSS  1  -1  0 -6.833  0.888  9.832 0.003116 -0.004254 -0.005423 2063597568
A  CSS  2  -1  0  5.058  2.194  4.671 0.006828 0.005488 -0.002018 2064646144
A  CSS  3  -1  0  1.992  3.234 20.590 -0.006579 -0.005338 0.000893 2065694720
A  CSS  4  -1  0  0.306  1.746 15.698 -0.005257 0.004504 -0.000768 2066743296
A  CSS  5  -1  0 -1.369  8.659  5.568 0.000850 -0.001493 -0.001242 2067791872
A  CSS  6  -1  0  5.565  4.210  7.391 0.001520 -0.001087 0.000525 2068840448
A  CSS  7  -1  0 -1.314  1.727 14.731 -0.001502 -0.000585 -0.003078 2069889024
A  CSS  8  -1  0 -5.669 -1.151 21.589 -0.011299 0.003050 -0.003185 2070937600
A  CSS  1   1  0  9.071 -2.478  8.908 -0.004776 0.000386 0.000751 2071986176
A  CSS  2   1  0 -0.024 -6.736 15.848 -0.005685 -0.000399 -0.003163 2073034752
A  CSS  3   1  0  1.111 -2.964  6.617 0.004925 -0.003791 0.002362 2074083328
A  CSS  4   1  0  0.853  0.513  7.007 0.003003 -0.000738 -0.000622 2075131904
A  CSS  5   1  0 -0.517  1.176 12.931 -0.003428 0.003495 -0.001927 2076180480
A  CSS  6   1  0  0.780  3.534 16.989 -0.000829 0.006924 -0.001064 2077229056
A  CSS  7   1  0  7.047  3.721 12.740 0.005368 -0.000157 0.000771 2078277632
A  CSS  8   1  0  6.841  1.237 16.637 -0.000926 -0.000607 0.000892 2079326208
A  CSL  1  -1  0 -3.464 -9.971 15.997 -0.002753 -0.000369 -0.000825 2080374784
A  CSL  2  -1  0 -1.563 -10.200 15.351 -0.001423 0.000818 -0.001784 2081423360
A  CSL  3  -1  0  0.326 -11.440  9.418 0.002935 -0.002630 0.000913 2082471936
A  CSL  4  -1  0 -2.565 -14.129 18.887 -0.010305 -0.001363 -0.002519 2083520512
A  CSL  5  -1  0  9.404 -6.157 10.003 0.000915 -0.000842 0.001036 2084569088
A  CSL  6  -1  0  2.301 -3.497  6.920 0.004878 -0.002201 -0.001494 2085617664
A  CSL  7  -1  0  3.142 -6.373 15.984 -0.003467 -0.000646 -0.000754 2086666240
A  CSL  8  -1  0  0.474 -7.196 18.560 -0.004942 -0.004726 -0.001462 2087714816
A  CSL  1   1  0  8.502 -6.756 10.299 0.006146 -0.003108 -0.000682 2088763392
A  CSL  2   1  0  1.135 -11.753 12.755 0.000148 -0.000811 -0.000945 2089811968
A  CSL  3   1  0 -3.178 -11.623  7.002 0.002003 0.003757 0.000665 2090860544
A  CSL  4   1  0 -6.294 -10.467  7.623 0.001351 0.000459 -0.000447 2091909120
A  CSL  5   1  0 -6.874 -5.758  3.136 0.006893 0.003352 -0.002277 2092957696
A  CSL  6   1  0 -7.192 -5.179 12.653 -0.001368 0.001193 0.000907 2094006272
A  CSL  7   1  0 -1.082 -3.397 12.265 0.002236 0.001270 -0.002237 2095054848
A  CSL  8   1  0  6.645 -4.873 17.951 -0.000068 0.002233 -0.000720 2096103424
A  BIM  6  -5  0  0.446  0.599 -5.544 0.001188 -0.000308 0.003326 2099052544
A  BIM  8  -5  0 -0.096 -3.429 -7.452 0.000596 0.001336 0.000714 2099183616
A  BIM  6  -4  0 -0.571  1.066 -4.351 0.001135 0.000774 0.002987 2099576832
A  BIM  8  -4  0 -1.325 -1.317 -6.688 -0.000046 0.000236 -0.001998 2099707904
A  BIM  6  -3  0 -1.867 -0.781 -3.185 -0.002865 -0.000973 0.001503 2100101120
A  BIM  8  -3  0 -1.864 -0.882 -7.444 0.002338 0.000323 -0.002615 2100232192
A  BIM  6  -2  0 -2.447  2.594 -7.013 0.003258 -0.000308 0.002177 2100625408
A  BIM  8  -2  0  0.143  0.030 -6.613 0.001742 -0.000850 -0.001185 2100756480
A  BIM  6  -1  0 -4.732  4.939 -3.699 -0.001699 0.001390 -0.001222 2101149696
A  BIM  8  -1  0  0.268 -1.772 -4.153 -0.003059 -0.000882 -0.000746 2101280768
A  BIM  6   1  0  3.093 -10.392 -3.719 0.000771 0.000892 0.000788 2102198272
A  BIM  8   1  0  0.906 -10.506 -10.044 0.005449 -0.000801 -0.000944 2102329344
A  BIM  6   2  0  1.736 -10.675 -2.699 -0.000281 -0.000060 0.000111 2102722560
A  BIM  8   2  0  0.030 -12.377 -5.404 -0.000736 -0.000384 -0.002125 2102853632
A  BIM  6   3  0  0.537 -10.599 -1.822 -0.001051 0.002220 -0.000072 2103246848
A  BIM  8   3  0  0.994 -10.786 -7.111 0.000862 -0.001349 -0.000399 2103377920
A  BIM  6   4  0 -2.364 -9.331 -4.779 0.001052 0.001870 -0.000520 2103771136
A  BIM  8   4  0 -0.730 -11.363 -4.836 -0.001058 -0.002426 -0.002247 2103902208
A  BIM  6   5  0 -0.649 -13.406 -4.785 0.003710 0.000448 0.000183 2104295424
A  BIM  8   5  0 -0.268 -15.051 -5.080 0.000486 -0.001287 -0.001825 2104426496
A  BIS  1   8  0 0. 0. 0. 0. 0. 0. 1635778560
A  BIS  2   8  0 0. 0. 0. 0. 0. 0. 1635844096
A  BIS  3   8  0 0. 0. 0. 0. 0. 0. 1635909632
A  BIS  4   8  0 0. 0. 0. 0. 0. 0. 1635975168
A  BIS  5   8  0 0. 0. 0. 0. 0. 0. 1636040704
A  BIS  6   8  0 0. 0. 0. 0. 0. 0. 1636106240
A  BIS  7   8  0 0. 0. 0. 0. 0. 0. 1636171776
A  BIS  8   8  0 0. 0. 0. 0. 0. 0. 1636237312
A  BIS  1  -8  0 0. 0. 0. 0. 0. 0. 1627389952
A  BIS  2  -8  0 0. 0. 0. 0. 0. 0. 1627455488
A  BIS  3  -8  0 0. 0. 0. 0. 0. 0. 1627521024
A  BIS  4  -8  0 0. 0. 0. 0. 0. 0. 1627586560
A  BIS  5  -8  0 0. 0. 0. 0. 0. 0. 1627652096
A  BIS  6  -8  0 0. 0. 0. 0. 0. 0. 1627717632
A  BIS  7  -8  0 0. 0. 0. 0. 0. 0. 1627783168
A  BIS  8  -8  0 0. 0. 0. 0. 0. 0. 1627848704
 
