1 402
2 298
3 337
4 427
5 297
6 336
7 245
8 400
9 296
10 335
11 257
12 269
13 256
14 243
15 373
16 428
17 272
18 376
19 259
20 401
21 375
22 258
23 426
24 270
25 374
26 244
27 425
28 399
29 334
30 295
31 308
32 441
33 350
34 363
35 246
36 323
37 388
38 284
39 413
40 361
41 309
42 438
43 347
44 360
45 282
46 186
47 160
48 415
49 324
50 311
51 285
52 362
53 310
54 439
55 322
56 387
57 283
58 412
59 321
60 386
61 212
62 108
63 43
64 389
65 396
66 292
67 331
68 240
69 267
70 371
71 254
72 424
73 294
74 372
75 255
76 242
77 82
78 134
79 17
80 422
81 266
82 370
83 253
84 423
85 293
86 332
87 241
88 398
89 268
90 333
91 385
92 199
93 173
94 69
95 147
96 30
97 435
98 344
99 357
100 305
101 436
102 345
103 306
104 280
105 437
106 320
107 281
108 122
109 70
110 95
111 121
112 56
113 123
114 409
115 318
116 383
117 279
118 410
119 319
120 384
121 411
122 346
123 307
124 57
125 148
126 174
127 200
128 84
129 136
130 188
131 421
132 291
133 330
134 239
135 303
136 329
137 355
138 238
139 359
140 31
141 109
142 96
143 213
144 58
145 162
146 97
147 214
148 395
149 369
150 252
151 433
152 407
153 381
154 264
155 44
156 18
157 161
158 83
159 187
160 19
161 110
162 71
163 45
164 175
165 265
166 343
167 356
168 420
169 316
170 368
171 277
172 139
173 126
174 135
175 217
176 86
177 138
178 32
179 149
180 201
181 85
182 124
183 434
184 317
185 304
186 394
187 290
188 342
189 251
190 165
191 100
192 191
193 60
194 164
195 99
196 190
197 59
198 163
199 98
200 189
201 408
202 382
203 278
204 289
205 419
206 61
207 87
208 152
209 178
210 204
211 34
212 112
213 125
214 216
215 33
216 137
217 150
218 215
219 250
220 276
221 341
222 393
223 218
224 141
225 35
226 74
227 48
228 21
229 151
230 73
231 47
232 203
233 111
234 46
235 176
236 202
237 237
238 367
239 315
240 140
241 192
242 22
243 113
244 128
245 219
246 90
247 103
248 194
249 177
250 20
251 72
252 275
253 379
254 353
255 354
256 380
257 432
258 88
259 101
260 63
261 89
262 102
263 193
264 64
265 168
266 129
267 65
268 169
269 104
270 130
271 301
272 340
273 405
274 263
275 328
276 62
277 166
278 127
279 37
280 167
281 76
282 206
283 116
284 142
285 220
286 91
287 143
288 195
289 221
290 314
291 262
292 431
293 302
294 23
295 114
296 75
297 179
298 24
299 154
300 180
301 38
302 77
303 181
304 26
305 117
306 78
307 182
308 236
309 327
310 392
311 418
312 406
313 153
314 36
315 49
316 205
317 115
318 50
319 25
320 155
321 51
322 207
323 39
324 156
325 52
326 208
327 249
328 288
329 366
