369 365
389 235
390 248
391 404
409 222
410 339
411 300
412 417
429 352
430 326
431 313
449 274
450 261
451 287
452 378
453 391
470 340
471 288
472 396
473 357
474 279
491 418
492 314
493 366
494 318
495 409
496 344
497 266
512 327
513 392
514 301
515 262
516 305
517 331
518 240
519 253
533 379
534 249
535 275
536 236
537 435
538 292
539 383
540 370
541 372
554 361
555 348
556 405
557 353
558 223
559 422
560 424
561 333
562 346
563 294
564 242
576 439
577 400
578 335
579 386
580 321
581 373
582 269
583 385
584 307
585 281
586 358
587 319
598 426
599 387
600 413
601 412
602 334
603 347
604 295
605 411
606 359
607 255
608 384
609 306
610 332
611 254
620 322
621 283
622 296
623 244
624 425
625 308
626 360
627 256
628 268
629 398
630 436
631 371
632 293
633 267
634 280
642 270
643 374
644 309
645 257
646 438
647 282
648 399
649 243
650 437
651 320
652 423
653 345
654 410
655 397
656 241
664 427
665 323
666 388
667 284
668 389
669 298
670 376
687 401
688 349
689 362
690 310
691 415
692 324
693 350
694 272
710 297
711 414
712 336
713 245
714 441
715 311
716 402
717 285
718 246
734 440
735 271
736 375
737 258
738 428
739 337
740 363
741 259
1394 125
1395 189
1396 85
1410 121
1421 216
1422 138
1423 86
1424 176
1425 137
1426 46
1427 175
1428 97
1429 123
1430 58
1431 109
1432 161
1433 122
1434 44
1436 160
1437 82
1438 43
1448 190
1449 112
1450 164
1451 60
1452 111
1453 163
1454 59
1455 201
1456 84
1457 149
1458 45
1459 187
1460 83
1461 135
1462 57
1463 186
1464 108
1465 134
1466 56
1467 133
1468 159
1469 81
1470 29
1475 177
1476 47
1477 99
1478 21
1479 215
1480 72
1481 124
1482 33
1483 214
1484 71
1485 136
1486 32
1487 213
1488 96
1489 148
1490 18
1491 199
1492 173
1493 30
1494 146
1495 68
1496 55
1497 107
1498 16
1502 203
1503 73
1504 151
1505 49
1506 34
1507 202
1508 98
1509 150
1510 20
1511 188
1512 110
1513 162
1514 19
1515 200
1516 70
1517 174
1518 31
1519 212
1520 95
1521 17
1522 120
1523 211
1524 198
1525 172
1526 42
1527 276
1529 178
1530 48
1531 126
1532 205
1533 88
1534 140
1535 166
1536 180
1537 206
1538 128
1539 63
1540 194
1541 220
1542 168
1543 90
1544 169
1545 195
1546 130
1547 52
1548 69
1549 147
1550 327
1551 340
1552 262
1553 185
1554 94
1555 328
1556 250
1557 100
1558 204
1559 87
1560 152
1561 61
1562 179
1563 114
1564 62
1565 102
1566 89
1567 154
1568 50
1569 142
1570 116
1571 181
1572 64
1573 117
1574 91
1575 143
1576 65
1577 405
1578 379
1579 301
1580 353
1581 275
1582 380
1583 302
1584 315
1585 237
1586 113
1587 74
1588 217
1589 139
1590 218
1591 192
1592 153
1593 36
1594 219
1595 76
1596 167
1597 37
1598 207
1599 51
1600 129
1601 38
1602 221
1603 78
1604 182
1605 39
1606 418
1607 288
1608 392
1609 249
1610 432
1611 354
1612 406
1613 289
1614 393
1615 191
1616 22
1617 165
1618 35
1619 75
1620 101
1621 127
1622 23
1623 193
1624 115
1625 141
1626 24
1627 155
1628 77
1629 103
1630 25
1631 208
1632 104
1633 156
1634 26
1635 431
1636 314
1637 366
1638 236
1639 419
1640 341
1641 367
1642 263
