330 268
331 242
332 294
333 437
334 243
335 399
336 295
337 438
338 270
339 374
340 296
341 439
342 323
343 297
344 271
345 259
346 298
347 285
348 272
349 372
350 411
351 424
352 320
353 373
354 269
355 321
356 425
357 244
358 348
359 322
360 426
361 245
362 349
363 401
364 427
365 246
366 324
367 350
368 376
370 255
371 281
372 282
373 256
374 347
375 386
376 412
377 257
378 361
379 335
380 413
381 258
382 388
383 336
384 414
385 311
386 402
387 389
388 428
392 359
393 346
394 333
395 360
396 308
397 334
398 283
399 309
400 400
401 284
402 310
403 375
404 440
405 362
406 337
407 363
408 441
413 307
414 436
415 357
416 266
417 387
418 318
419 422
420 239
421 343
422 317
423 421
424 238
425 368
426 316
427 290
428 415
432 385
433 398
434 267
435 423
436 371
437 410
438 370
439 292
440 435
441 265
442 369
443 291
444 434
445 264
446 394
447 433
448 407
454 293
455 397
456 319
457 253
458 240
459 344
460 331
461 409
462 278
463 356
464 330
465 395
466 277
467 355
468 303
469 381
475 241
476 345
477 254
478 332
479 306
480 279
481 305
482 396
483 252
484 382
485 304
486 408
487 251
488 342
489 329
490 420
498 280
499 358
500 383
501 26
502 78
503 195
504 366
505 418
506 288
507 405
508 263
509 393
510 289
511 432
520 384
521 52
522 208
523 104
524 221
525 236
526 262
527 314
528 431
529 237
530 354
531 315
532 406
542 143
543 39
544 65
545 182
546 249
547 353
548 327
549 392
550 276
551 341
552 328
553 419
565 156
566 130
567 117
568 275
569 340
570 301
571 379
572 250
573 367
574 302
575 380
588 91
589 169
590 25
591 181
592 103
593 220
594 63
595 180
596 128
597 219
612 51
613 155
614 142
615 194
616 24
617 154
618 76
619 206
635 64
636 90
637 207
638 50
639 115
640 102
641 193
657 38
658 116
659 168
660 37
661 141
662 89
663 167
671 27
672 157
673 183
674 197
675 106
676 119
677 80
678 146
679 81
680 107
681 129
682 77
683 205
684 114
685 166
686 88
695 131
696 92
697 209
698 171
699 93
700 145
701 41
702 120
703 68
704 29
705 94
706 218
707 140
708 153
709 49
719 118
720 170
721 184
722 67
723 132
724 15
725 185
726 159
727 172
728 42
729 16
730 62
731 127
732 36
733 178
742 144
743 105
744 210
745 54
746 158
747 28
748 198
749 133
750 109
751 211
752 55
753 179
754 75
755 23
756 191
757 204
758 126
759 113
760 177
761 99
762 151
763 60
764 163
765 124
766 33
767 175
768 84
769 149
770 32
771 200
772 122
773 57
774 173
775 160
776 69
777 192
778 101
779 165
780 152
781 217
782 35
783 203
784 112
785 125
786 73
787 176
788 98
789 150
790 59
791 162
792 123
793 58
794 174
795 83
796 135
797 31
798 95
799 121
800 56
801 30
802 134
803 139
804 48
805 87
806 22
807 190
808 86
809 138
810 21
811 215
812 111
813 85
814 46
815 214
816 97
817 136
818 19
819 187
820 96
821 148
822 18
823 212
824 108
825 147
826 17
827 100
828 61
829 74
830 216
831 47
832 164
833 34
834 202
835 72
836 189
837 137
838 20
839 71
840 188
841 45
842 213
843 70
844 161
845 44
846 186
847 199
848 82
849 43
