 -22020000        48   119.169963       0.000000     0.000000  -495.000000
 -22220000        48   119.169963       0.000000     0.000000  -580.000000
 -22420000        48   119.169963       0.000000     0.000000  -650.000000
   1010000       286    50.456659       0.000000     0.000000     0.000000
   1110000       494    88.456644       0.000000     0.000000     0.000000
   1210000       676   122.456685       0.000000     0.000000     0.000000
  22020000        48   119.169963       0.000000     0.000000   495.000000
  22220000        48   119.169963       0.000000     0.000000   580.000000
  22420000        48   119.169963       0.000000     0.000000   650.000000
 -24020000        92   454.629671       0.000000     0.000000  -852.325949
 -24220000       132   409.151012       0.000000     0.000000  -927.608426
 -24420000       132   409.151012       0.000000     0.000000 -1086.073453
 -24620000       132   409.151012       0.000000     0.000000 -1293.508390
 -24820000       132   409.151012       0.000000     0.000000 -1394.273404
 -25020000       132   409.151012       0.000000     0.000000 -1765.008390
 -25220000        92   454.629671       0.000000     0.000000 -2113.726095
 -25420000        92   468.808849       0.000000     0.000000 -2502.561056
 -25620000        52   499.382775       0.000000     0.000000 -2735.682617
   2010000       384   299.066182       0.000000     0.000000    -1.836751
   2110000       480   371.436230       0.000000     0.000000    -1.836751
   2210000       576   442.564236       0.000000     0.000000    -1.836751
   2310000       672   514.436198       0.000000     0.000000    -1.836751
  24020000        92   454.629671       0.000000     0.000000   852.325949
  24220000       132   409.151012       0.000000     0.000000   927.608426
  24420000       132   409.151012       0.000000     0.000000  1086.073453
  24620000       132   409.151012       0.000000     0.000000  1293.508390
  24820000       132   409.151012       0.000000     0.000000  1394.273404
  25020000       132   409.151012       0.000000     0.000000  1765.008390
  25220000        92   454.629671       0.000000     0.000000  2113.726095
  25420000        92   468.808849       0.000000     0.000000  2502.561056
  25620000        52   499.382775       0.000000     0.000000  2735.682617
