1
AG
5p

1228.16
665661
1.28066
14083.8
1.66878
0.173061
0
0
1.01106

1228.16
665661
1.28066
14083.8
1.66878
0.173061
0
0
1.01106

1173.96
929508
1.3533
11570
1.59514
0.140304
0
0
1.08055

1139.53
76054
1.60031
4627.31
1.54837
0.127708
0
0
1.05757

1139.53
76054
1.60031
4627.31
1.54837
0.127708
0
0
1.05757

1260.73
84641
1.44572
11375.9
1.71304
0.175458
0
0
1.03269

1260.73
84641
1.44572
11375.9
1.71304
0.175458
0
0
1.03269

1238.94
247568
1.39044
12225.1
1.68344
0.141737
0
0
1.1063

1234.08
388963
1.36826
12243.6
1.67683
0.12702
0
0
1.13101

1234.08
388963
1.36826
12243.6
1.67683
0.12702
0
0
1.13101
