1
CB
5p
 
1468.31
68766.3
1.23528
20640.3
1.9951
0.170564
1.34502
7.29417
1

1468.31
68766.3
1.23528
20640.3
1.9951
0.170564
1.34502
7.29417
1

1400.99
1.42481e+06
1.11148
24897.9
1.90363
0.134277
1.10046
144.662
1

1369.34
911576
1.17243
21138.8
1.86063
0.118908
1.07615
143.459
1

1369.34
911576
1.17243
21138.8
1.86063
0.118908
1.07615
143.459
1
 
1490.83
-69958
1.19594
21779.9
2.02569
0.171146
1.17494
34.9749
1

1490.83
-69958
1.19594
21779.9
2.02569
0.171146
1.17494
34.9749
1

1337.42
256203
1.28592
16874.9
1.81725
0.134087
1.10368
145.41
1
 
1373.7
70839.6
1.34892
14677.6
1.86654
0.123605
1.12212
144.813
1

1373.7
70839.6
1.34892
14677.6
1.86654
0.123605
1.12212
144.813
1
 
 
 
 
 
 
 
