1
CB
5p

1309.44
189663
1.39119
15287.1
1.78103
0.164861
1.39329
149.102
1

1309.44
189663
1.39119
15287.1
1.78103
0.164861
1.39329
149.102
1

1269.89
1.39404e+06
1.29577
17889.7
1.7587
0.135199
1.26673
148.423
1

1264.56
4.21486e+06
1.24833
18787.8
1.71834
0.123331
1.24206
148.378
1

1264.56
4.21486e+06
1.24833
18787.8
1.71834
0.123331
1.24206
148.378
1

1271.01
27161.9
1.59827
9196.64
1.72702
0.172028
1.46259
12.6051
1

1271.01
27161.9
1.59827
9196.64
1.72702
0.172028
1.46259
12.6051
1

1261.91
57406.1
1.57364
9969.47
1.71464
0.140585
1.30778
148.076
1

1263.65
154020
1.48409
11673.7
1.71971
0.130813
1.27055
147.91
1

1263.65
154020
1.48409
11673.7
1.71971
0.130813
1.27055
147.91
1

