0 0 1.0521 1.0141 1.0329 1.0169 1.0044 1.0033
0 1 1.0521 1.0141 1.0329 1.0169 1.0044 1.0033
0 2 1.0521 1.0141 1.0329 1.0169 1.0044 1.0033
0 3 1.0521 1.0141 1.0329 1.0169 1.0044 1.0033
1 0 1.0521 1.0141 1.0329 1.0169 1.0044 1.0033
1 1 1.0521 1.0141 1.0329 1.0169 1.0044 1.0033
1 2 1.0521 1.0141 1.0329 1.0169 1.0044 1.0033
1 3 1.0521 1.0141 1.0329 1.0169 1.0044 1.0033
2 0 1.0521 1.0141 1.0329 1.0169 1.0044 1.0033
2 1 1.0521 1.0141 1.0329 1.0169 1.0044 1.0033
2 2 1.0521 1.0141 1.0329 1.0169 1.0044 1.0033
2 3 1.0521 1.0141 1.0329 1.0169 1.0044 1.0033
3 0 1.0521 1.0141 1.0329 1.0169 1.0044 1.0033
3 1 1.0521 1.0141 1.0329 1.0169 1.0044 1.0033
3 2 1.0521 1.0141 1.0329 1.0169 1.0044 1.0033
3 3 1.0521 1.0141 1.0329 1.0169 1.0044 1.0033
4 0 1.0521 1.0141 1.0329 1.0169 1.0044 1.0033
4 1 1.0521 1.0141 1.0329 1.0169 1.0044 1.0033
4 2 1.0521 1.0141 1.0329 1.0169 1.0044 1.0033
4 3 1.0521 1.0141 1.0329 1.0169 1.0044 1.0033
5 0 1.0521 1.0141 1.0329 1.0169 1.0044 1.0033
5 1 1.0521 1.0141 1.0329 1.0169 1.0044 1.0033
5 2 1.0521 1.0141 1.0329 1.0169 1.0044 1.0033
5 3 1.0521 1.0141 1.0329 1.0169 1.0044 1.0033
6 0 1.0521 1.0141 1.0329 1.0169 1.0044 1.0033
6 1 1.0521 1.0141 1.0329 1.0169 1.0044 1.0033
6 2 1.0521 1.0141 1.0329 1.0169 1.0044 1.0033
6 3 1.0521 1.0141 1.0329 1.0169 1.0044 1.0033
7 0 1.0521 1.0141 1.0329 1.0169 1.0044 1.0033
7 1 1.0521 1.0141 1.0329 1.0169 1.0044 1.0033
7 2 1.0521 1.0141 1.0329 1.0169 1.0044 1.0033
7 3 1.0521 1.0141 1.0329 1.0169 1.0044 1.0033
8 0 1.0521 1.0141 1.0329 1.0169 1.0044 1.0033
8 1 1.0521 1.0141 1.0329 1.0169 1.0044 1.0033
8 2 1.0521 1.0141 1.0329 1.0169 1.0044 1.0033
8 3 1.0521 1.0141 1.0329 1.0169 1.0044 1.0033
9 0 1.0521 1.0141 1.0329 1.0169 1.0044 1.0033
9 1 1.0521 1.0141 1.0329 1.0169 1.0044 1.0033
9 2 1.0521 1.0141 1.0329 1.0169 1.0044 1.0033
9 3 1.0521 1.0141 1.0329 1.0169 1.0044 1.0033
10 0 1.0521 1.0141 1.0329 1.0169 1.0044 1.0033
10 1 1.0521 1.0141 1.0329 1.0169 1.0044 1.0033
10 2 1.0521 1.0141 1.0329 1.0169 1.0044 1.0033
10 3 1.0521 1.0141 1.0329 1.0169 1.0044 1.0033
11 0 1.0521 1.0141 1.0329 1.0169 1.0044 1.0033
11 1 1.0521 1.0141 1.0329 1.0169 1.0044 1.0033
11 2 1.0521 1.0141 1.0329 1.0169 1.0044 1.0033
11 3 1.0521 1.0141 1.0329 1.0169 1.0044 1.0033
12 0 1.0521 1.0141 1.0329 1.0169 1.0044 1.0033
12 1 1.0521 1.0141 1.0329 1.0169 1.0044 1.0033
12 2 1.0521 1.0141 1.0329 1.0169 1.0044 1.0033
12 3 1.0521 1.0141 1.0329 1.0169 1.0044 1.0033
13 0 1.0521 1.0141 1.0329 1.0169 1.0044 1.0033
13 1 1.0521 1.0141 1.0329 1.0169 1.0044 1.0033
13 2 1.0521 1.0141 1.0329 1.0169 1.0044 1.0033
13 3 1.0521 1.0141 1.0329 1.0169 1.0044 1.0033
14 0 1.0521 1.0141 1.0329 1.0169 1.0044 1.0033
14 1 1.0521 1.0141 1.0329 1.0169 1.0044 1.0033
14 2 1.0521 1.0141 1.0329 1.0169 1.0044 1.0033
14 3 1.0521 1.0141 1.0329 1.0169 1.0044 1.0033
15 0 1.0521 1.0141 1.0329 1.0169 1.0044 1.0033
15 1 1.0521 1.0141 1.0329 1.0169 1.0044 1.0033
15 2 1.0521 1.0141 1.0329 1.0169 1.0044 1.0033
15 3 1.0521 1.0141 1.0329 1.0169 1.0044 1.0033
16 0 1.0521 1.0141 1.0329 1.0169 1.0044 1.0033
16 1 1.0521 1.0141 1.0329 1.0169 1.0044 1.0033
16 2 1.0521 1.0141 1.0329 1.0169 1.0044 1.0033
16 3 1.0521 1.0141 1.0329 1.0169 1.0044 1.0033
17 0 1.0521 1.0141 1.0329 1.0169 1.0044 1.0033
17 1 1.0521 1.0141 1.0329 1.0169 1.0044 1.0033
17 2 1.0521 1.0141 1.0329 1.0169 1.0044 1.0033
17 3 1.0521 1.0141 1.0329 1.0169 1.0044 1.0033
18 0 1.0521 1.0141 1.0329 1.0169 1.0044 1.0033
18 1 1.0521 1.0141 1.0329 1.0169 1.0044 1.0033
18 2 1.0521 1.0141 1.0329 1.0169 1.0044 1.0033
18 3 1.0521 1.0141 1.0329 1.0169 1.0044 1.0033
19 0 1.0521 1.0141 1.0329 1.0169 1.0044 1.0033
19 1 1.0521 1.0141 1.0329 1.0169 1.0044 1.0033
19 2 1.0521 1.0141 1.0329 1.0169 1.0044 1.0033
19 3 1.0521 1.0141 1.0329 1.0169 1.0044 1.0033
20 0 1.0521 1.0141 1.0329 1.0169 1.0044 1.0033
20 1 1.0521 1.0141 1.0329 1.0169 1.0044 1.0033
20 2 1.0521 1.0141 1.0329 1.0169 1.0044 1.0033
20 3 1.0521 1.0141 1.0329 1.0169 1.0044 1.0033
21 0 1.0521 1.0141 1.0329 1.0169 1.0044 1.0033
21 1 1.0521 1.0141 1.0329 1.0169 1.0044 1.0033
21 2 1.0521 1.0141 1.0329 1.0169 1.0044 1.0033
21 3 1.0521 1.0141 1.0329 1.0169 1.0044 1.0033
22 0 1.0521 1.0141 1.0329 1.0169 1.0044 1.0033
22 1 1.0521 1.0141 1.0329 1.0169 1.0044 1.0033
22 2 1.0521 1.0141 1.0329 1.0169 1.0044 1.0033
22 3 1.0521 1.0141 1.0329 1.0169 1.0044 1.0033
23 0 1.0521 1.0141 1.0329 1.0169 1.0044 1.0033
23 1 1.0521 1.0141 1.0329 1.0169 1.0044 1.0033
23 2 1.0521 1.0141 1.0329 1.0169 1.0044 1.0033
23 3 1.0521 1.0141 1.0329 1.0169 1.0044 1.0033
24 0 1.0521 1.0141 1.0329 1.0169 1.0044 1.0033
24 1 1.0521 1.0141 1.0329 1.0169 1.0044 1.0033
24 2 1.0521 1.0141 1.0329 1.0169 1.0044 1.0033
24 3 1.0521 1.0141 1.0329 1.0169 1.0044 1.0033
25 0 1.0521 1.0141 1.0329 1.0169 1.0044 1.0033
25 1 1.0521 1.0141 1.0329 1.0169 1.0044 1.0033
25 2 1.0521 1.0141 1.0329 1.0169 1.0044 1.0033
25 3 1.0521 1.0141 1.0329 1.0169 1.0044 1.0033
26 0 1.0521 1.0141 1.0329 1.0169 1.0044 1.0033
26 1 1.0521 1.0141 1.0329 1.0169 1.0044 1.0033
26 2 1.0521 1.0141 1.0329 1.0169 1.0044 1.0033
26 3 1.0521 1.0141 1.0329 1.0169 1.0044 1.0033
27 0 1.0521 1.0141 1.0329 1.0169 1.0044 1.0033
27 1 1.0521 1.0141 1.0329 1.0169 1.0044 1.0033
27 2 1.0521 1.0141 1.0329 1.0169 1.0044 1.0033
27 3 1.0521 1.0141 1.0329 1.0169 1.0044 1.0033
28 0 1.0521 1.0141 1.0329 1.0169 1.0044 1.0033
28 1 1.0521 1.0141 1.0329 1.0169 1.0044 1.0033
28 2 1.0521 1.0141 1.0329 1.0169 1.0044 1.0033
28 3 1.0521 1.0141 1.0329 1.0169 1.0044 1.0033
29 0 1.0521 1.0141 1.0329 1.0169 1.0044 1.0033
29 1 1.0521 1.0141 1.0329 1.0169 1.0044 1.0033
29 2 1.0521 1.0141 1.0329 1.0169 1.0044 1.0033
29 3 1.0521 1.0141 1.0329 1.0169 1.0044 1.0033
30 0 1.0521 1.0141 1.0329 1.0169 1.0044 1.0033
30 1 1.0521 1.0141 1.0329 1.0169 1.0044 1.0033
30 2 1.0521 1.0141 1.0329 1.0169 1.0044 1.0033
30 3 1.0521 1.0141 1.0329 1.0169 1.0044 1.0033
31 0 1.0521 1.0141 1.0329 1.0169 1.0044 1.0033
31 1 1.0521 1.0141 1.0329 1.0169 1.0044 1.0033
31 2 1.0521 1.0141 1.0329 1.0169 1.0044 1.0033
31 3 1.0521 1.0141 1.0329 1.0169 1.0044 1.0033
