  -100      0.2000210841      0.2000079038      0.2000079038      0.2000079038      0.2000079038   -6.00470011e-05    7.34756617e-06
   -99      0.2000105936      0.2000105936      0.2000105936      0.2000105936      0.2000105936  -6.131928559e-05   8.351131486e-06
   -98      0.2000082415      0.2000082415      0.2000082415      0.2000082415      0.2000082415  -4.868872203e-05   7.481444907e-06
   -97       0.200006579       0.200006579       0.200006579       0.200006579       0.200006579  -3.972844049e-05   6.833547736e-06
   -96      0.2000051802      0.2000051802      0.2000051802      0.2000051802      0.2000051802  -3.212956956e-05   6.228609666e-06
   -95      0.2000041116      0.2000041116      0.2000041116      0.2000041116      0.2000041116  -2.628412347e-05   5.726309885e-06
   -94      0.2000032601      0.2000032601      0.2000032601      0.2000032601      0.2000032601  -2.159445647e-05   5.293716203e-06
   -93      0.2005479883      0.2005479883      0.2005479883      0.2005479883      0.1991738952   -0.001528713025   0.0001628646612
   -92      0.2010999737      0.2010999737      0.2010999737      0.2010999737      0.1983127211    -0.00303639419   0.0003237781695
   -91      0.2024366962      0.2024366962      0.2024366962      0.2024366962      0.1961407471   -0.006643384291   0.0007558523326
   -90      0.2034153633      0.2034153633      0.2034153633      0.2034153633      0.1944720354   -0.009214779193    0.001081290526
   -89      0.2040911142      0.2040911142      0.2040911142      0.2040911142      0.1932804808    -0.01096837189    0.001323434177
   -88      0.2045812759      0.2045812759      0.2045812759      0.2045812759      0.1923952914    -0.01223915236    0.001518757327
   -87      0.2048987485      0.2048987485      0.2048987485      0.2048987485      0.1918128059    -0.01305532083    0.001647520853
   -86      0.2051429665      0.2051429665      0.2051429665      0.2051429665      0.1913583005    -0.01369890824    0.001768741693
   -85      0.2053076111      0.2053076111      0.2053076111      0.2053076111      0.1910498637    -0.01412487146    0.001844563439
   -84      0.2054541297      0.2054541297      0.2054541297      0.2054541297      0.1907718256    -0.01452506545    0.001936721175
   -83       0.205561355       0.205561355       0.205561355       0.205561355      0.1905681662    -0.01480713014    0.001993543809
   -82      0.2056498041      0.2056498041      0.2056498041      0.2056498041      0.1903987683    -0.01504765526    0.002049670682
   -81      0.2057456123      0.2057456123      0.2057456123      0.2057456123      0.1902131158    -0.01532437526     0.00212881039
   -80      0.2058913008      0.2058913008      0.2058913008      0.2058913008       0.189930012      -0.015738517    0.002243301754
   -79      0.2061404461      0.2061404461      0.2061404461      0.2061404461       0.189437269    -0.01649033796    0.002491284562
   -78      0.2064999567      0.2064999567      0.2064999567      0.2064999567      0.1887168982    -0.01756467237    0.002847947311
   -77      0.2069793923      0.2069793923      0.2069793923      0.2069793923      0.1877282241    -0.01906733913    0.003421545731
   -76       0.207486111       0.207486111       0.207486111       0.207486111      0.1866601357    -0.02062945957    0.004024879964
   -75      0.2081118621      0.2081118621      0.2081118621      0.2081118621      0.1852858427    -0.02267223949    0.004938948334
   -74        0.20873182        0.20873182        0.20873182        0.20873182      0.1838875194    -0.02463706908    0.005822269531
   -73       0.209480582       0.209480582       0.209480582       0.209480582      0.1821139096    -0.02712785084    0.007091613239
   -72      0.2102090408      0.2102090408      0.2102090408      0.2102090408      0.1803179608    -0.02953637607    0.008382251925
   -71      0.2110177653      0.2110177653      0.2110177653      0.2110177653      0.1782203771    -0.03226866519    0.009977226813
   -70      0.2118292379      0.2118292379      0.2118292379      0.2118292379      0.1759993623    -0.03505325345     0.01173693979
   -69      0.2126972288      0.2126972288      0.2126972288      0.2126972288       0.173503425    -0.03800932988     0.01371698972
   -68      0.2136327517      0.2136327517      0.2136327517       0.213509718      0.1707589782    -0.04133837686     0.01617142558
   -67      0.2146367972      0.2146367972      0.2146367972      0.2143395119      0.1677237808    -0.04476283104      0.0187891468
   -66       0.215767244       0.215767244       0.215767244      0.2150391178      0.1642371299    -0.04886550989     0.02228753007
   -65      0.2169680165      0.2169680165      0.2169680165      0.2157843381      0.1603821242       -0.05284449     0.02577397827
   -64       0.218198952       0.218198952       0.218198952      0.2165494012      0.1559706904    -0.05702065235     0.02990370493
   -63        0.21948246        0.21948246        0.21948246      0.2173466465      0.1511472033    -0.06099075229      0.0340495224
   -62       0.220836462       0.220836462       0.220836462      0.2181685598      0.1456037342    -0.06503674269     0.03875506274
   -61      0.2222264491      0.2222264491      0.2222264491      0.2189947966      0.1395425045    -0.06883711514     0.04362046679
   -60      0.2237255417      0.2237255417      0.2237255417      0.2198490847      0.1326504237    -0.07248295716     0.04880682378
   -59      0.2252559587      0.2252559587      0.2252559587      0.2206810402      0.1250652931    -0.07580240651     0.05428819717
   -58      0.2269257663      0.2269257663      0.2269257663      0.2215501135      0.1166369988    -0.07865888087     0.05969446976
   -57      0.2286014251      0.2286014251      0.2286014251      0.2223546523      0.1074260108    -0.08101006441     0.06542512598
   -56       0.230430112       0.230430112       0.230430112      0.2232203212     0.09749347915    -0.08258887687     0.07058474048
   -55      0.2321326639      0.2321326639      0.2321326639      0.2238730561     0.08750906328    -0.08347680942     0.07569669832
   -54      0.2339016865      0.2339016865      0.2339016865      0.2244530826      0.0774256495    -0.08361715357     0.08003336201
   -53      0.2354319458      0.2354319458      0.2354319458      0.2246819661     0.06828804736    -0.08330256034     0.08403670943
   -52      0.2368512533      0.2368512533      0.2368512533      0.2246903111     0.05982573132    -0.08261743208     0.08754762964
   -51      0.2381900657      0.2381900657      0.2381900657      0.2244580606     0.05157501744    -0.08161606071     0.09101278574
   -50      0.2394015928      0.2394015928      0.2394015928      0.2239771833     0.04371617509      -0.080371238     0.09447310135
   -49       0.240634056       0.240634056       0.240634056      0.2233252433      0.0359703589    -0.07884390912     0.09764613874
   -48      0.2415386207      0.2415386207      0.2415386207      0.2223904611     0.02961773704    -0.07749528764      0.1008712273
   -47      0.2425023754      0.2425023754      0.2425023754      0.2213191404     0.02287609188    -0.07577796665      0.1040756082
   -46      0.2432843273      0.2432843273      0.2432843273      0.2199888231     0.01654460934    -0.07399003754      0.1076036233
   -45      0.2440664987      0.2440664987      0.2440664987      0.2185419823     0.01013279091    -0.07190237334      0.1110281039
   -44      0.2447096594      0.2447096594      0.2447096594      0.2168252324     0.00397490685    -0.06970300364      0.1147738862
   -43      0.2453061607      0.2453061607      0.2452723182      0.2149398908   -0.002484565535     -0.0670598117      0.1187198469
   -42      0.2458551348      0.2458551348      0.2457602652      0.2127165159   -0.008907026651    -0.06422202103      0.1229419969
   -41      0.2462853177      0.2462853177      0.2460701529      0.2102048011    -0.01590141734    -0.06063695824      0.1276927861
   -40      0.2467670628      0.2467670628      0.2463890337      0.2072240066     -0.0228615903    -0.05685308186      0.1325675062
   -39      0.2470654984      0.2470654984      0.2465118852      0.2039406673    -0.03000900546    -0.05234750045      0.1377729566
   -38       0.247413088       0.247413088      0.2466466872      0.2001069751    -0.03717453272    -0.04748492445      0.1430796189
   -37      0.2476167771      0.2476167771      0.2465909832      0.1957382923    -0.04446736535     -0.0418780189      0.1487825544
   -36      0.2478582427      0.2478582427      0.2465336688      0.1907087289    -0.05184820398    -0.03564976508      0.1545390859
   -35      0.2480391222      0.2480391222       0.246326672       0.184799844    -0.05922541853     -0.0287035435      0.1607242017
   -34      0.2482405203      0.2482405203      0.2460860399      0.1780056505    -0.06664106799    -0.02088004885      0.1669483857
   -33      0.2485411973      0.2485411973      0.2458035224      0.1699559072    -0.07379718632    -0.01250440321      0.1734597654
   -32      0.2488103853      0.2488103853      0.2453951266      0.1607543928    -0.08073646995   -0.003056102002      0.1800222818
   -31      0.2493877261      0.2493877261      0.2451419075      0.1500058769     -0.0869711733     0.00651145677      0.1865364798
   -30       0.249903829       0.249903829      0.2447138031      0.1385358505    -0.09232258382     0.01659052783      0.1926747445
   -29      0.2507531886      0.2507531886      0.2444639284      0.1260788715    -0.09653670831      0.0261536593      0.1983338718
   -28      0.2514847736      0.2514847736      0.2439907819      0.1140976781    -0.09951073252     0.03522376783      0.2032289574
   -27      0.2523539901      0.2523539901      0.2435525549      0.1022394528       -0.10149546     0.04359301182      0.2074024604
   -26      0.2531145524      0.2531145524      0.2428218908     0.09062768562     -0.1025471858     0.05162763836      0.2112408662
   -25      0.2539030304      0.2539030304      0.2420256385     0.07914542265     -0.1028829127     0.05939218777      0.2145136029
   -24      0.2547178795      0.2547178795      0.2409982769     0.06793924434     -0.1024509146     0.06649871801      0.2175789165
   -23      0.2552934926      0.2552934926      0.2398338454     0.05823449401     -0.1016199246     0.07302833791      0.2199362621
   -22      0.2559040094      0.2559040094      0.2384479263     0.04830187445     -0.1001929674     0.07937331718      0.2222618307
   -21      0.2563064942      0.2563064942      0.2368186028     0.03902884634    -0.09838600499     0.08565660464      0.2242689629
   -20      0.2567335272      0.2567335272      0.2350639864     0.02981691072    -0.09609014003     0.09159888838         0.2261433
   -19       0.256964861       0.256964861      0.2330233922     0.02121905042     -0.0935015689       0.097511241      0.2278181633
   -18      0.2571543724      0.2571486573      0.2308128706      0.0123970769    -0.09033095851       0.103448757      0.2293692244
   -17      0.2572373344      0.2572032367      0.2282512332    0.004028365101     -0.0869036594      0.1093358881      0.2308476019
   -16      0.2571870445      0.2571171346      0.2254171405    -0.00487383823    -0.08262805637      0.1156141581      0.2321664168
   -15      0.2571654949      0.2570058642      0.2221313426    -0.01336288743    -0.07818701673      0.1217475767      0.2334996257
   -14      0.2569408322      0.2566714667      0.2186125858    -0.02192842108    -0.07297221724      0.1280595722      0.2346161814
   -13      0.2567572702      0.2563360951      0.2145805085    -0.03025651306    -0.06746092106      0.1342935492      0.2357500111
   -12      0.2563975175        0.25577785      0.2101303247    -0.03852979457    -0.06123762097      0.1407372424       0.236724481
   -11      0.2560649672      0.2552104384      0.2050826374    -0.04675202999    -0.05444141044      0.1471134013      0.2377219961
   -10      0.2556381444      0.2544686904      0.1993368819    -0.05475792239    -0.04705838669      0.1537245013      0.2386480911
    -9      0.2551899153      0.2536624982      0.1927844622    -0.06275648892    -0.03879650384      0.1602919758      0.2396241413
    -8      0.2548176933      0.2528098106      0.1852534427    -0.07029404575    -0.03021758194      0.1669538378      0.2406768433
    -7      0.2543244483      0.2517580119      0.1766816103    -0.07763594762    -0.02051379647      0.1736081114      0.2417775623
    -6      0.2541209501      0.2508731855      0.1668594478    -0.08417726397    -0.01092199094      0.1800808065       0.243164865
    -5      0.2537809745       0.249761299       0.156328836    -0.08991123165  -0.0006977153492      0.1861797846      0.2445580529
    -4      0.2537703453      0.2488560256      0.1447317009    -0.09457992642     0.00908055007      0.1918498944      0.2462914101
    -3      0.2536665241      0.2477753268      0.1333856876    -0.09803788301     0.01851691996        0.19680919      0.2478842345
    -2      0.2537433745      0.2468044735      0.1218972046     -0.1004941516     0.02735221692      0.2011149112      0.2495819708
    -1      0.2537402747      0.2455641855      0.1103805516     -0.1020457344     0.03608299382      0.2051192776      0.2511584512
     0      0.2538002335      0.2443406016     0.09884140601     -0.1028021989     0.04455185536      0.2085465261      0.2527215763
     1      0.2539298257      0.2428796455     0.08719363356     -0.1027379115      0.0526269488      0.2118105691      0.2542972889
     2      0.2539394046      0.2414269319      0.0768939974     -0.1020982595     0.05997311548      0.2143591372      0.2555056729
     3      0.2539875708      0.2396849278     0.06601837784     -0.1007645481     0.06741492737      0.2168881092      0.2567706351
     4      0.2538992117      0.2377606942     0.05569656048    -0.09892812116     0.07475148302       0.219069249      0.2577509227
     5      0.2538638237      0.2356533489      0.0451613577    -0.09643063105     0.08189630637      0.2211189376      0.2587368568
     6      0.2536912877      0.2332453373     0.03508953928    -0.09348249648     0.08904014354      0.2229484996      0.2594676891
     7      0.2535239851      0.2306078878      0.0246428401      -0.089793756     0.09625825441      0.2246493718      0.2601114167
     8      0.2532651083      0.2275966643     0.01474571416    -0.08574510787      0.1033299634      0.2262189627      0.2605886951
     9       0.252943753      0.2243057422    0.004366007724    -0.08080613939      0.1107041297      0.2276303724      0.2608561345
    10      0.2526004329      0.2205835362   -0.005282278902    -0.07570762166      0.1177177623      0.2289804509      0.2611077183
    11      0.2521192151      0.2166525634    -0.01494368354    -0.06987473607      0.1248261246      0.2301589531      0.2610615634
    12      0.2516363427      0.2122394694    -0.02406500269    -0.06380349487      0.1316584145      0.2313022832      0.2610319877
    13       0.250994646      0.2074260907     -0.0330369913    -0.05708033547      0.1386143671      0.2323214801      0.2607607429
    14      0.2503623857       0.202062247    -0.04173052964    -0.04988438993      0.1453526611      0.2333490347      0.2604885911
    15      0.2496020517      0.1960518991    -0.05006623311    -0.04220657935      0.1522141876      0.2343254096      0.2600792644
    16      0.2488089928      0.1892956042    -0.05824242551      -0.033770512      0.1589296555       0.235360655      0.2596180301
    17      0.2479988776      0.1816851161    -0.06578935764    -0.02517646382      0.1656014428      0.2364707583      0.2592096267
    18      0.2470246972      0.1731006231    -0.07306458175    -0.01557142507      0.1722100457      0.2376458344      0.2586548063
    19      0.2462275446      0.1634825605    -0.07939408536    -0.00627239477      0.1784958643      0.2390740766      0.2583864341
    20      0.2452195621      0.1532090982    -0.08492327093    0.003602826051      0.1844055646      0.2405116359       0.257974584
    21      0.2444009044      0.1419537777    -0.08938728988     0.01300551576      0.1898673873      0.2422577377       0.257901967
    22      0.2434066805      0.1309431716    -0.09269319012     0.02208751508      0.1946523624      0.2438645974      0.2577388631
    23      0.2425039757      0.1197746513    -0.09503663112     0.03061537014      0.1988131046      0.2455656337      0.2577638956
    24      0.2413386462      0.1085752602    -0.09650801416     0.03904496013      0.2026920138      0.2471487791      0.2577083547
    25      0.2401803655     0.09734310659    -0.09721328884     0.04723639226      0.2060175793      0.2487179131       0.257717932
    26      0.2387834454     0.08598575463    -0.09711736264     0.05506071309      0.2091926346         0.2502942      0.2578006149
    27      0.2373843027     0.07591070406    -0.09647674205      0.0622131004      0.2116869195      0.2515189139      0.2577628016
    28      0.2356970593      0.0652544025    -0.09514839273     0.06946892474      0.2141680587      0.2527966482      0.2577632992
    29      0.2338293065     0.05512626569    -0.09333777069     0.07663381284      0.2163218826      0.2538053225      0.2576211806
    30      0.2317691797     0.04476707458    -0.09086748715     0.08363077194      0.2183515431       0.254815176      0.2575337417
    31      0.2294069377     0.03483122153    -0.08795399265     0.09064837513       0.220181032      0.2555839938      0.2573024325
    32      0.2268533768     0.02466999053    -0.08436705903     0.09764570156      0.2218675555      0.2562616239      0.2570688107
    33      0.2239044741     0.01497994234     -0.0803955781      0.1045499167      0.2234365682      0.2567739289      0.2567507479
    34      0.2207831697    0.005083458652    -0.07570361519      0.1115670342      0.2248282873      0.2570895954      0.2563520699
    35      0.2177952414   -0.002786082205    -0.07160581194      0.1173025728      0.2259829082      0.2573633238      0.2559478479
    36      0.2150064396    -0.01000684148    -0.06727133936      0.1226658761      0.2268483919      0.2573041881      0.2554532851
    37      0.2110511807    -0.01835602961    -0.06174264287      0.1289411217      0.2278393849      0.2572167415      0.2550502437
    38      0.2067718242    -0.02658899929    -0.05560607971      0.1353392875      0.2286898212      0.2568801755      0.2545139706
    39      0.2020300561    -0.03457429458    -0.04904808574      0.1415274359      0.2295273628      0.2565262607      0.2540112647
    40      0.1967431809    -0.04223651394    -0.04204079448      0.1478335979      0.2302725258      0.2560056061      0.2534223977
    41      0.1908532122    -0.04978036208    -0.03435300704      0.1539880902      0.2310474677      0.2554172261      0.2528273729
    42      0.1842255547    -0.05674939016    -0.02650920129      0.1601083464      0.2318253787      0.2548208815      0.2522784301
    43      0.1767935102    -0.06353966979    -0.01771017624      0.1661730937      0.2326242249      0.2540505323      0.2516084849
    44      0.1684774061    -0.06946953193   -0.009210721197      0.1719384014      0.2335918825      0.2534933068      0.2511792563
    45      0.1596884311    -0.07470545183   -0.000191702849      0.1773329499      0.2345218829      0.2527638606      0.2505900302
    46      0.1501806907    -0.07892991489    0.008255944301      0.1822419101      0.2356756292      0.2523077884      0.2502679521
    47      0.1411222912    -0.08207892186      0.0162756493      0.1864531339      0.2366572329      0.2517445599      0.2498260546
    48      0.1322177227    -0.08434887385     0.02354406221      0.1900104039      0.2376882586      0.2513496626      0.2495387639
    49      0.1234618142    -0.08589092538     0.03070224864      0.1932600532      0.2385527487       0.250810709      0.2491033516
    50      0.1151240866    -0.08685326132     0.03733016714      0.1959300481      0.2393762196      0.2503525179       0.248740222
    51      0.1067409169    -0.08715430704     0.04368340531      0.1984183695      0.2401441431        0.24984489      0.2483225822
    52     0.09993684179    -0.08708117235     0.04899842864      0.2002656607      0.2406495098      0.2493387591      0.2478919724
    53     0.09270607985    -0.08654843262     0.05447326712      0.2020619691      0.2411666084      0.2487567765      0.2473837316
    54     0.08633052489    -0.08580683382      0.0595933613      0.2035312372      0.2414740625      0.2480899603      0.2467876877
    55     0.07990461225    -0.08467422769     0.06448313324      0.2048609867      0.2418085244       0.247428235      0.2461887361
    56     0.07411154051    -0.08337178408     0.06922582935      0.2059589479      0.2419744312      0.2466420319      0.2454590032
    57       0.068372666    -0.08179497091     0.07374911238      0.2069200996      0.2421397402      0.2458767792      0.2447365736
    58      0.0631939451    -0.08007319451     0.07813830578      0.2076819679      0.2421497485      0.2450254149      0.2438838123
    59     0.05819400783      -0.078223914     0.08229543954      0.2083065778      0.2421109341      0.2442497989      0.2430671558
    60     0.05536325949    -0.07722761592     0.08530073305      0.2087683853      0.2421734995       0.243175541      0.2424461976
    61     0.05376141615    -0.07684417187      0.0875432987       0.209156065      0.2423307134      0.2420263393      0.2420263393
    62     0.05088703291    -0.07549105694     0.09072604819      0.2093369895      0.2421224507      0.2412092678      0.2412092678
    63     0.04854503738    -0.07435917542     0.09363972101      0.2093724208      0.2419072977      0.2404473493      0.2404473493
    64      0.0465424552    -0.07336488595     0.09636342556      0.2093092695      0.2416887859      0.2397304749      0.2397304749
    65     0.04513837767    -0.07273633918     0.09898389702       0.209015716      0.2414650134      0.2390666676      0.2390666676
    66     0.04398541158    -0.07228939221      0.1013715348      0.2086547592      0.2412857586       0.238495964       0.238495964
    67     0.04348447841    -0.07240119251      0.1037964324      0.2079446522      0.2411129001      0.2380313647      0.2380313647
    68     0.04324339533    -0.07279877126      0.1060516162      0.2070983351      0.2410307959      0.2376873144      0.2376873144
    69     0.04364119234    -0.07391107536      0.1084774917      0.2058188895      0.2409391133      0.2375171943      0.2375171943
    70     0.04418288556    -0.07529001644      0.1109153618       0.204352381      0.2409384055      0.2374504913      0.2374504913
    71     0.04480969636    -0.07681603021      0.1137768847      0.2026999122      0.2408390651       0.237345236       0.237345236
    72     0.04530626566    -0.07826222529      0.1168347588       0.201031092      0.2407049855      0.2371925617      0.2371925617
    73     0.04543269518    -0.07932588959      0.1204808685      0.1994281708      0.2403584094      0.2368128729      0.2368128729
    74     0.04563416753    -0.08040560223       0.123922657      0.1979396138      0.2400467732      0.2364311954      0.2364311954
    75     0.04557267963    -0.08126770958      0.1277322249      0.1964675865      0.2396399584      0.2359276301      0.2359276301
    76     0.04549979362    -0.08187555814      0.1313744881      0.1953794595      0.2391164295      0.2352526938      0.2352526938
    77     0.04466332202    -0.08147978331      0.1356754157      0.1946191342      0.2381807428      0.2341705843      0.2341705843
    78     0.04388186918    -0.08087245491      0.1396087317      0.1943416606      0.2371772942      0.2329314496      0.2329314496
    79     0.04284055661    -0.07984797797      0.1434752713      0.1943701878      0.2360635549      0.2315492037      0.2315492037
    80     0.04160564226    -0.07817953799       0.147207801      0.1950128291      0.2346855497       0.229833858       0.229833858
    81     0.04017330433    -0.07598571159      0.1504683029      0.1962011123      0.2332269378      0.2279580271      0.2279580271
    82     0.03841741869    -0.07294053113      0.1536620329      0.1978948883      0.2315356433      0.2257152739      0.2257152739
    83     0.03672390878    -0.06962902634      0.1560226841      0.1996781717      0.2302683963      0.2234679327      0.2234679327
    84     0.03462166513    -0.06535971259      0.1583054858      0.2015002724      0.2291104402      0.2209109245      0.2209109245
    85     0.03518457343    -0.06705077441      0.1601196112      0.2042857911      0.2262389526       0.220610923       0.220610923
    86     0.03693956309    -0.07185908057      0.1621142555      0.2083180883      0.2214957246      0.2214957246      0.2214957246
    87     0.03689868948    -0.07178380101      0.1628142344      0.2105228965      0.2205159935      0.2205159935      0.2205159935
    88     0.03701577926    -0.07216400968      0.1628231466       0.213063601      0.2197538276      0.2197538276      0.2197538276
    89      0.0377761399    -0.07398282394      0.1621304343       0.215655459      0.2194735969      0.2194735969      0.2194735969
    90     0.03901718193    -0.07715913969      0.1600511064      0.2187150815      0.2197919233      0.2197919233      0.2197919233
    91     0.04084553192     -0.0817914113      0.1569688639      0.2221327931      0.2206147408      0.2206147408      0.2206147408
    92     0.04356163538     -0.0889617053      0.1511204848      0.2262954079      0.2226613924      0.2226613924      0.2226613924
    93     0.04684560095    -0.09760978739      0.1429337003      0.2313569848      0.2254911671      0.2254911671      0.2254911671
    94     0.05123763211     -0.1093441213      0.1295289472      0.2374228183      0.2303849079      0.2303849079      0.2303849079
    95      0.0558374299     -0.1213272126      0.1116042328      0.2446973786      0.2363960571      0.2363960571      0.2363960571
    96     0.06057628866     -0.1331607561       0.087849551      0.2531982023      0.2438455714      0.2438455714      0.2438455714
    97     0.06454165138     -0.1421652679     0.05984286481      0.2624184903      0.2517874205      0.2517874205      0.2517874205
    98     0.06786106363     -0.1478280482     0.02535028948      0.2730248781      0.2605306056      0.2605306056      0.2605306056
    99     0.06969582538     -0.1486255808    -0.01066886923      0.2835025566      0.2686986894      0.2686986894      0.2686986894
   100     0.05020027395     -0.1055331287    -0.02628096082      0.2677342346      0.2524610356      0.2524610356      0.3089575099
