** Shaping function DigitShapeT of Tile Digit signal in 1 ns bins **
 209   N_DigitShapeT (Total number of bins in DigitShapeT)
 100   M0_DigitShapeT (Index of in-time bin)
  25   N_TperX (Number bins per beam crossing)
    0    0.0000  0.0000  0.0000  0.0000  0.0000  0.0000  0.0000  0.0000
    8    0.0000  0.0000  0.0000  0.0000  0.0000  0.0000  0.0070 -0.0007
   16    0.0003 -0.0001 -0.0008 -0.0011 -0.0021 -0.0020 -0.0017  0.0008
   24    0.0041  0.0056  0.0026  0.0003  0.0011  0.0009 -0.0000 -0.0006
   32   -0.0019 -0.0020 -0.0032 -0.0020 -0.0017 -0.0013  0.0017  0.0010
   40    0.0032  0.0036  0.0036  0.0046  0.0021  0.0022  0.0042  0.0022
   48    0.0027  0.0045  0.0053  0.0073  0.0089  0.0097  0.0110  0.0160
   56    0.0215  0.0276  0.0329  0.0419  0.0501  0.0597  0.0728  0.0872
   64    0.1055  0.1216  0.1406  0.1613  0.1800  0.2049  0.2323  0.2583
   72    0.2870  0.3218  0.3532  0.3904  0.4230  0.4557  0.4922  0.5265
   80    0.5608  0.5998  0.6314  0.6666  0.7033  0.7338  0.7653  0.7951
   88    0.8244  0.8561  0.8827  0.9031  0.9257  0.9424  0.9570  0.9716
   96    0.9823  0.9886  0.9968  0.9993  1.0000  0.9963  0.9940  0.9851
  104    0.9763  0.9673  0.9518  0.9367  0.9198  0.8995  0.8803  0.8575
  112    0.8336  0.8120  0.7912  0.7698  0.7447  0.7186  0.6913  0.6624
  120    0.6366  0.6096  0.5800  0.5526  0.5189  0.4945  0.4657  0.4391
  128    0.4160  0.3930  0.3668  0.3458  0.3239  0.3045  0.2835  0.2658
  136    0.2472  0.2298  0.2120  0.1964  0.1802  0.1667  0.1557  0.1454
  144    0.1339  0.1241  0.1158  0.1068  0.0989  0.0943  0.0872  0.0795
  152    0.0762  0.0715  0.0692  0.0646  0.0602  0.0575  0.0541  0.0512
  160    0.0493  0.0463  0.0440  0.0428  0.0395  0.0382  0.0371  0.0352
  168    0.0325  0.0311  0.0290  0.0275  0.0262  0.0232  0.0210  0.0191
  176    0.0182  0.0158  0.0127  0.0123  0.0101  0.0098  0.0077  0.0066
  184    0.0060  0.0029  0.0022  0.0012 -0.0005 -0.0021 -0.0037 -0.0047
  192   -0.0057 -0.0081 -0.0080 -0.0087 -0.0092 -0.0101 -0.0113 -0.0118
  200   -0.0120 -0.0122 -0.0126 -0.0118 -0.0116 -0.0134 -0.0124 -0.0121
  208   -0.0129