# WienerFilter General Weights for luminosity <mu>=90
# partition channel w0 w1 w2 w3 w4 w5 w6 bias
0 0 -0.239256 -0.420402 0.0754974 0.952088 0.125168 -0.276114 -0.196736 -0.867826
0 1 -0.072312 -0.127604 -0.58689 1.60443 -0.611107 0.0883131 -0.147561 -7.08055
0 2 -0.067421 -0.2886 -0.38354 1.41206 -0.381753 -0.0930146 -0.117202 -3.80942
0 3 -0.0679086 -0.277294 -0.395237 1.42979 -0.409478 -0.0704985 -0.126005 -3.76843
0 4 -0.0638546 -0.120994 -0.589007 1.6049 -0.611197 0.0899741 -0.143028 -7.9293
0 5 -0.0610611 -0.133535 -0.585896 1.61369 -0.632089 0.104739 -0.152904 -7.52382
0 6 -0.0535911 -0.275258 -0.415298 1.44197 -0.417125 -0.0643949 -0.120399 -4.3493
0 7 -0.0652904 -0.277515 -0.421597 1.44965 -0.429607 -0.0456747 -0.132478 -3.52104
0 8 -0.0903856 -0.106815 -0.621895 1.64582 -0.665506 0.128376 -0.17669 -5.59143
0 9 -0.0732806 -0.102964 -0.633167 1.65615 -0.678658 0.138517 -0.163176 -7.13773
0 10 -0.0856031 -0.0805633 -0.658979 1.67273 -0.689639 0.145356 -0.166728 -6.79365
0 11 -0.0749503 -0.248305 -0.452998 1.47983 -0.461104 -0.0330558 -0.146359 -2.85504
0 12 -0.0688187 -0.248152 -0.448984 1.48042 -0.469578 -0.0179793 -0.145001 -3.77974
0 13 -0.245742 -0.404116 0.0173147 0.974763 0.125657 -0.254371 -0.200311 -0.603058
0 14 -0.24045 -0.395468 0.0349481 0.961455 0.135071 -0.250533 -0.216401 -1.29023
0 15 -0.0866621 -0.0768629 -0.650548 1.66275 -0.678614 0.146198 -0.170818 -7.24686
0 16 -0.0810295 -0.255537 -0.431034 1.47121 -0.466765 -0.0190879 -0.149088 -3.23821
0 17 -0.070435 -0.256329 -0.429337 1.47074 -0.470028 -0.00994086 -0.14551 -4.14572
0 18 -0.07936 -0.0864647 -0.635227 1.64863 -0.66421 0.139268 -0.164941 -7.77555
0 19 -0.0838089 -0.083961 -0.652833 1.66259 -0.675913 0.142699 -0.165137 -7.25799
0 20 -0.0726403 -0.106547 -0.621562 1.63847 -0.652657 0.121792 -0.156354 -7.5567
0 21 -0.0675252 -0.256902 -0.428148 1.46337 -0.455785 -0.0209357 -0.134236 -4.46786
0 22 -0.0681783 -0.258312 -0.426412 1.45631 -0.439024 -0.043229 -0.129708 -4.22302
0 23 -0.0745921 -0.0799583 -0.662549 1.6695 -0.683357 0.15431 -0.168388 -7.20891
0 24 -0.225919 -0.401147 0.0322546 0.952451 0.160189 -0.273022 -0.227848 -0.786356
0 25 -0.23085 -0.413648 0.0345644 0.951827 0.158389 -0.272426 -0.21067 -0.778222
0 26 -0.0713284 -0.0944915 -0.641585 1.64915 -0.657094 0.1281 -0.161459 -7.37747
0 27 -0.0445621 -0.309881 -0.38738 1.43584 -0.42854 -0.058445 -0.129142 -3.57949
0 28 -0.0328407 -0.301894 -0.397081 1.44062 -0.432003 -0.0506981 -0.122741 -4.93695
0 29 -0.0801917 -0.102615 -0.643163 1.66317 -0.684166 0.145089 -0.174129 -6.31822
0 30 -0.368807 -0.36 0.153649 0.820663 0.285649 -0.209751 -0.320076 -0.0581903
0 31 -0.363643 -0.363502 0.153243 0.822837 0.282747 -0.212193 -0.318424 -0.0471713
0 32 -0.066992 -0.0939153 -0.635341 1.65355 -0.677098 0.155851 -0.165311 -8.58694
0 33 -0.0536252 -0.259599 -0.444126 1.48051 -0.475253 -0.0133808 -0.135473 -4.39649
0 34 -0.0668674 -0.267972 -0.433946 1.4605 -0.439624 -0.0431161 -0.137283 -3.33435
0 35 -0.0702362 -0.0605686 -0.673043 1.68783 -0.715247 0.181871 -0.171464 -8.85636
0 36 -0.101356 -0.0135847 -0.734815 1.74289 -0.774171 0.221666 -0.190035 -7.72824
0 37 -0.115933 0.010348 -0.771462 1.77474 -0.806066 0.241977 -0.206762 -6.45974
0 38 -0.100968 -0.0395761 -0.709684 1.71748 -0.74049 0.193564 -0.192279 -6.33745
0 39 -0.0687582 -0.235326 -0.480254 1.50751 -0.500272 0.00752878 -0.138119 -4.39476
0 40 -0.0822917 -0.210023 -0.508268 1.53494 -0.532656 0.0317866 -0.15191 -3.87972
0 41 -0.146572 -0.402851 -0.132263 1.16266 -0.104021 -0.212519 -0.133815 -1.43727
0 42 -0.0758046 -0.304325 -0.369432 1.39658 -0.365406 -0.0903464 -0.12197 -3.29249
0 43 -0.360033 -0.364318 0.15141 0.824337 0.281593 -0.211433 -0.321299 -0.00940394
0 44 -0.154891 -0.414303 -0.111662 1.14945 -0.0964656 -0.215709 -0.126684 -1.39529
0 45 0.00457839 -0.281576 -0.427656 1.46656 -0.463023 -0.03058 -0.0855757 -8.45699
0 46 -0.075435 -0.111486 -0.626509 1.65408 -0.681376 0.144259 -0.169841 -6.33248
0 47 -0.0261134 -0.419533 -0.231041 1.27287 -0.226683 -0.206325 -0.0690193 -4.38451
1 0 -0.244977 -0.409081 0.0805494 0.947794 0.129478 -0.277003 -0.208353 -0.794705
1 1 -0.0720588 -0.135941 -0.591332 1.61133 -0.620423 0.0934171 -0.154285 -6.45377
1 2 -0.0524304 -0.283533 -0.385583 1.41757 -0.394807 -0.0747182 -0.118979 -4.89474
1 3 -0.0724655 -0.281888 -0.39295 1.42375 -0.397294 -0.0824006 -0.126065 -3.33879
1 4 -0.068427 -0.133995 -0.591905 1.60971 -0.616155 0.0890551 -0.151472 -6.81861
1 5 -0.0720257 -0.0980044 -0.628897 1.63918 -0.647183 0.118424 -0.157954 -7.57027
1 6 -0.0652119 -0.271905 -0.433109 1.45317 -0.426935 -0.0447556 -0.133298 -3.52652
1 7 -0.0710321 -0.251719 -0.454044 1.47357 -0.448876 -0.0370444 -0.135582 -3.50592
1 8 -0.0709212 -0.0962412 -0.637124 1.64906 -0.66043 0.127927 -0.161994 -7.21119
1 9 -0.0851791 -0.0751215 -0.660331 1.67354 -0.69195 0.155177 -0.177133 -7.01841
1 10 -0.111288 -0.0110634 -0.74011 1.74039 -0.760368 0.203616 -0.193815 -6.57234
1 11 -0.0789747 -0.22984 -0.456267 1.47767 -0.460099 -0.0181119 -0.135498 -4.83183
1 12 -0.0973713 -0.214573 -0.466588 1.4852 -0.461931 -0.0294548 -0.144477 -3.21232
1 13 -0.222005 -0.413494 0.0266355 0.974534 0.121555 -0.263055 -0.205513 -0.841034
1 14 -0.230043 -0.417028 0.0364622 0.970083 0.121167 -0.261196 -0.205308 -0.665738
1 15 -0.0889815 -0.0539175 -0.673276 1.67492 -0.684671 0.153835 -0.172635 -7.71009
1 16 -0.0789933 -0.246712 -0.440498 1.469 -0.453552 -0.0303322 -0.135895 -3.79322
1 17 -0.0793362 -0.242168 -0.439269 1.46557 -0.448514 -0.03139 -0.13408 -4.35983
1 18 -0.0734333 -0.106001 -0.611105 1.62475 -0.634117 0.113044 -0.158216 -7.33924
1 19 -0.0711645 -0.0952164 -0.62915 1.64239 -0.654792 0.125571 -0.156386 -8.05178
1 20 -0.0580131 -0.188957 -0.568476 1.59337 -0.591361 0.0378308 -0.146571 -3.93849
1 21 -0.0711657 -0.260196 -0.430354 1.4581 -0.438065 -0.0448387 -0.136444 -3.82538
1 22 -0.0758281 -0.255698 -0.427084 1.45189 -0.42743 -0.0538985 -0.13545 -3.81133
1 23 -0.0726797 -0.120544 -0.593882 1.6129 -0.62487 0.10792 -0.162286 -7.57388
1 24 -0.21906 -0.425255 0.0160018 0.956132 0.164574 -0.267524 -0.208846 -0.729078
1 25 -0.21772 -0.425192 0.0372261 0.953174 0.153933 -0.270634 -0.213545 -0.761683
1 26 -0.0568909 -0.151895 -0.560994 1.58858 -0.60128 0.0806234 -0.145591 -7.53458
1 27 -0.065179 -0.28331 -0.394881 1.44273 -0.434982 -0.0601588 -0.129849 -3.38949
1 28 -0.058988 -0.292403 -0.395234 1.43515 -0.418988 -0.0703624 -0.120809 -3.73359
1 29 -0.064478 -0.104361 -0.622636 1.64745 -0.672722 0.140761 -0.158482 -8.48043
1 30 -0.359401 -0.365052 0.15308 0.823744 0.28184 -0.213989 -0.319175 -0.0463472
1 31 -0.369688 -0.360713 0.15646 0.818266 0.287086 -0.206673 -0.323253 -0.0639692
1 32 -0.0821669 -0.090678 -0.644888 1.6574 -0.671281 0.137245 -0.168376 -6.85358
1 33 -0.0790854 -0.260984 -0.422036 1.45389 -0.438596 -0.0398363 -0.135696 -3.61529
1 34 -0.0683474 -0.266201 -0.410754 1.44654 -0.434716 -0.0411533 -0.129012 -4.44187
1 35 -0.0818785 -0.0771259 -0.649969 1.6636 -0.684817 0.163077 -0.177321 -8.13216
1 36 -0.0970858 -0.0156478 -0.730042 1.7349 -0.762612 0.217942 -0.190772 -8.15962
1 37 -0.118804 0.00561132 -0.770937 1.77005 -0.796565 0.238108 -0.213673 -5.87472
1 38 -0.0885015 -0.0343533 -0.709817 1.71588 -0.739114 0.195927 -0.183879 -8.0152
1 39 -0.116829 -0.219146 -0.510195 1.52529 -0.501851 -0.00903647 -0.16532 -0.227769
1 40 -0.0923352 -0.192498 -0.511538 1.52116 -0.500746 0.0101627 -0.14731 -4.11487
1 41 -0.145756 -0.396974 -0.122669 1.15732 -0.101906 -0.212237 -0.141739 -1.69969
1 42 -0.0871916 -0.292038 -0.371219 1.39857 -0.370066 -0.0781391 -0.135839 -3.09489
1 43 -0.364317 -0.362562 0.153956 0.821129 0.284803 -0.209688 -0.322297 -0.0452887
1 44 -0.14334 -0.405871 -0.104649 1.15197 -0.109325 -0.204778 -0.131696 -2.37815
1 45 -0.00507292 -0.252901 -0.46107 1.49509 -0.492423 -0.00883668 -0.0991463 -8.63414
1 46 -0.0753433 -0.0903882 -0.632514 1.64576 -0.661262 0.138514 -0.164553 -8.14448
1 47 -0.0377943 -0.408919 -0.25143 1.29071 -0.244194 -0.195826 -0.0809084 -3.64771
2 0 -0.240063 0.568559 -1.38914 2.3024 -1.4229 0.769669 -0.338873 -18.5236
2 1 -0.26821 0.5791 -1.50366 2.42449 -1.54316 0.809411 -0.41711 -10.569
2 2 -0.0572689 -0.23043 -0.476057 1.50144 -0.490973 -0.00351442 -0.127729 -5.64044
2 3 -0.0610727 -0.248153 -0.442752 1.47367 -0.464388 -0.0161847 -0.130587 -5.42726
2 4 -0.0346553 -0.266445 -0.456833 1.50014 -0.498981 -0.0142019 -0.143783 -4.30696
2 5 -0.115152 0.101703 -0.904747 1.90613 -0.96292 0.346301 -0.211062 -7.2697
2 6 -0.0885914 -0.0254165 -0.702295 1.71118 -0.74262 0.218973 -0.195305 -9.31323
2 7 -0.116323 -0.0249254 -0.705355 1.71999 -0.755501 0.224388 -0.219109 -6.59343
2 8 -0.0835556 -0.0321293 -0.70864 1.71026 -0.730433 0.192974 -0.171985 -9
2 9 -0.0967535 -0.0076117 -0.750576 1.74846 -0.768698 0.208553 -0.180564 -7.68463
2 10 -0.0946397 0.145899 -0.904268 1.89148 -0.947202 0.373585 -0.205012 -14.9952
2 11 -0.123018 0.165177 -0.936082 1.9237 -0.983699 0.396855 -0.23324 -11.8863
2 12 -0.292579 0.590418 -1.52071 2.44864 -1.57406 0.816792 -0.41802 0.00727828
2 13 -0.163957 0.461573 -1.24375 2.18727 -1.33464 0.707542 -0.281732 -15.1078
2 14 -0.0658963 -0.11117 -0.611352 1.63428 -0.651894 0.114554 -0.146857 -8.02051
2 15 -0.0867531 -0.149271 -0.657134 1.68068 -0.68424 0.0741884 -0.168175 -0.530951
2 16 -0.0861575 -0.111034 -0.658043 1.67768 -0.691721 0.122801 -0.172965 -3.61573
2 17 -0.0765378 -0.0906556 -0.66872 1.6833 -0.699675 0.140895 -0.159109 -5.99456
2 18 -0.113238 -0.194306 -0.49979 1.57774 -0.624757 0.0865034 -0.22016 -0.530118
2 19 -0.149301 0.176774 -1.07322 2.07426 -1.14406 0.452116 -0.35629 0.88531
2 20 -0.0676506 0.0169361 -0.764564 1.76657 -0.799775 0.235382 -0.166114 -11.988
2 21 -0.0898873 0.092022 -0.840386 1.83084 -0.870833 0.298629 -0.181229 -13.1939
2 22 -0.055791 -0.26807 -0.401085 1.42975 -0.405808 -0.0692295 -0.122317 -5.17847
2 23 -0.0598675 -0.243897 -0.452942 1.47951 -0.460623 -0.0388886 -0.13026 -4.44158
2 24 0 0 0 0 0 0 0 0
2 25 0 0 0 0 0 0 0 0
2 26 0 0 0 0 0 0 0 0
2 27 0 0 0 0 0 0 0 0
2 28 0 0 0 0 0 0 0 0
2 29 0 0 0 0 0 0 0 0
2 30 -0.0748838 -0.304558 -0.355657 1.3579 -0.291894 -0.152529 -0.113873 -2.99016
2 31 -0.0555368 -0.0639342 -0.684429 1.69882 -0.721952 0.160304 -0.149472 -8.8109
2 32 -0.0594378 -0.0439691 -0.706152 1.71189 -0.731103 0.171703 -0.153225 -9.24684
2 33 -0.362826 -0.360338 0.152112 0.82352 0.282828 -0.213398 -0.320648 -0.0556058
2 34 -0.373403 -0.357886 0.158243 0.815789 0.289406 -0.203419 -0.327201 -0.0711682
2 35 -0.0783471 -0.303604 -0.352426 1.36269 -0.305828 -0.141477 -0.115387 -3.13567
2 36 -0.086041 -0.47009 -0.100143 1.12412 -0.0412417 -0.291304 -0.0981828 -1.58646
2 37 -0.116357 -0.422525 -0.108216 1.14993 -0.0877092 -0.261544 -0.126941 -1.16052
2 38 -0.109103 -0.424578 -0.110565 1.14755 -0.079115 -0.272069 -0.121797 -1.30225
2 39 -0.083993 -0.435034 -0.138153 1.16091 -0.0833683 -0.267061 -0.100273 -2.22539
2 40 -0.0479318 -0.246935 -0.473628 1.50082 -0.483872 -0.0378108 -0.110101 -4.38417
2 41 -0.0443698 -0.219498 -0.508029 1.53594 -0.529254 -0.00148281 -0.107161 -5.72619
2 42 0 0 0 0 0 0 0 0
2 43 0 0 0 0 0 0 0 0
2 44 0 0 0 0 0 0 0 0
2 45 0 0 0 0 0 0 0 0
2 46 0 0 0 0 0 0 0 0
2 47 0 0 0 0 0 0 0 0
3 0 -0.229455 0.551028 -1.38599 2.31505 -1.44335 0.772741 -0.334551 -18.3127
3 1 -0.252835 0.569191 -1.46093 2.3704 -1.47393 0.788075 -0.392161 -18.5798
3 2 -0.0526942 -0.228407 -0.472563 1.50628 -0.507916 0.0166308 -0.127043 -6.16388
3 3 -0.090375 -0.0223418 -0.781668 1.78786 -0.812295 0.208269 -0.192028 -4.66415
3 4 -0.0437355 -0.182017 -0.611776 1.64135 -0.648089 0.0763882 -0.194418 -2.08201
3 5 -0.118641 0.0812 -0.858023 1.85867 -0.909209 0.322002 -0.206974 -7.6365
3 6 -0.0909085 -0.0188237 -0.715516 1.72527 -0.75737 0.218868 -0.193002 -9.20427
3 7 -0.0941262 -0.0115541 -0.728964 1.73686 -0.769614 0.229429 -0.200886 -8.57529
3 8 -0.0611919 -0.0315682 -0.701734 1.70889 -0.735913 0.198223 -0.157373 -11.0601
3 9 -0.104606 -0.0114463 -0.749657 1.75049 -0.771986 0.208677 -0.19405 -6.39105
3 10 -0.125685 0.156983 -0.933722 1.9243 -0.984892 0.392817 -0.237614 -11.4555
3 11 -0.125062 0.148067 -0.91923 1.91235 -0.974708 0.391286 -0.238344 -11.3392
3 12 -0.294569 0.593176 -1.53486 2.46641 -1.5965 0.821607 -0.424409 1.03652
3 13 -0.176639 0.489211 -1.27436 2.20448 -1.34302 0.708949 -0.28063 -14.857
3 14 -0.0685623 -0.106033 -0.624945 1.64008 -0.650999 0.11561 -0.155661 -7.25479
3 15 -0.0985308 0.00521911 -0.756017 1.76787 -0.813377 0.267223 -0.198747 -8.5672
3 16 -0.131091 0.156277 -0.959279 1.94439 -0.994521 0.370526 -0.223619 -7.54651
3 17 -0.082099 -0.106113 -0.658217 1.67779 -0.695609 0.135069 -0.166659 -4.98729
3 18 -0.0758366 -0.330613 -0.331754 1.38922 -0.378539 -0.0835252 -0.182933 -0.275688
3 19 -0.0257583 -0.212228 -0.585259 1.62374 -0.622963 0.0304876 -0.21234 0.167087
3 20 -0.0563783 0.0172083 -0.771818 1.77756 -0.817666 0.250591 -0.165567 -12.7956
3 21 -0.074188 0.0746171 -0.826908 1.82484 -0.871089 0.300941 -0.181133 -13.7109
3 22 -0.0616632 -0.243158 -0.465852 1.49075 -0.472383 -0.0283353 -0.138937 -3.92447
3 23 -0.0487065 -0.249353 -0.456055 1.48931 -0.480733 -0.0180371 -0.132345 -4.90925
3 24 0 0 0 0 0 0 0 0
3 25 0 0 0 0 0 0 0 0
3 26 0 0 0 0 0 0 0 0
3 27 0 0 0 0 0 0 0 0
3 28 0 0 0 0 0 0 0 0
3 29 0 0 0 0 0 0 0 0
3 30 -0.0393948 -0.363658 -0.292558 1.32653 -0.286142 -0.150107 -0.107951 -4.05073
3 31 -0.0601124 -0.0605634 -0.69228 1.70643 -0.733181 0.178894 -0.160737 -8.91785
3 32 -0.0474205 -0.0608706 -0.674519 1.68358 -0.702838 0.157256 -0.139536 -10.939
3 33 -0.382934 -0.378634 0.197711 0.76937 0.343336 -0.210671 -0.336142 -0.0859021
3 34 -0.374076 -0.368001 0.173182 0.79991 0.307277 -0.208536 -0.327453 -0.100676
3 35 -0.0587822 -0.352818 -0.302683 1.3336 -0.293432 -0.136927 -0.12082 -3.31117
3 36 -0.0675425 -0.468058 -0.111982 1.12343 -0.0264957 -0.308371 -0.092228 -2.18255
3 37 -0.12071 -0.415775 -0.105352 1.1286 -0.0508142 -0.26373 -0.139252 -1.49814
3 38 -0.12115 -0.420563 -0.100142 1.13175 -0.0619581 -0.259933 -0.13219 -1.62222
3 39 -0.0798924 -0.418341 -0.176206 1.18575 -0.0993383 -0.257377 -0.108847 -1.97207
3 40 -0.00615637 -0.282522 -0.464587 1.49099 -0.47337 -0.0378839 -0.098834 -5.78599
3 41 -0.0347484 -0.221168 -0.519738 1.53344 -0.515873 0.00279724 -0.114806 -6.01165
3 42 0 0 0 0 0 0 0 0
3 43 0 0 0 0 0 0 0 0
3 44 0 0 0 0 0 0 0 0
3 45 0 0 0 0 0 0 0 0
3 46 0 0 0 0 0 0 0 0
3 47 0 0 0 0 0 0 0 0
