2160 13  1  1   1   0.009212   -143.451 241562.150
2161 13  1  1   2   0.005767   -143.021 241562.150
2162 13  1  1   3   0.003684   -142.558 241562.150
2163 13  1  1   4   0.004388   -142.045 241562.150
2164 13  1  1   5   0.004596   -141.538 241562.150
2165 13  1  1   6   0.004062   -141.051 241562.150
2166 13  1  1   7   0.004196   -140.556 241562.150
2167 13  1  1   8   0.004537   -140.046 241562.150
2168 13  1  1   9   0.004050   -139.544 241562.150
2169 13  1  1  10   0.004095   -139.041 241562.150
2170 13  1  1  11   0.003869   -138.542 241562.150
2171 13  1  1  12   0.000853   -138.100 241562.150
2172 13  1  1  13   0.001482   -137.576 241562.150
2173 13  1  1  14   0.004595   -136.996 241562.150
2174 13  1  1  15   0.003749   -136.507 241562.150
2175 13  1  1  16  -0.020849   -136.487 241560.850
2176 13  1  1  17  -0.009494   -135.743 241560.850
2177 13  1  1  18  -0.008924   -135.227 241560.850
2178 13  1  1  19  -0.008842   -134.712 241560.850
2179 13  1  1  20  -0.009343   -134.209 241560.850
2180 13  1  1  21  -0.010175   -133.726 241560.850
2181 13  1  1  22  -0.009862   -133.225 241560.850
2182 13  1  1  23  -0.009656   -132.726 241560.850
2183 13  1  1  24  -0.009957   -132.236 241560.850
2184 13  1  1  25  -0.009464   -131.726 241560.850
2185 13  1  1  26  -0.009039   -131.215 241560.850
2186 13  1  1  27  -0.009667   -130.729 241560.850
2187 13  1  1  28  -0.009305   -130.226 241560.850
2188 13  1  1  29  -0.008108   -129.703 241560.850
2189 13  1  1  30  -0.009375   -129.228 241560.850
2190 13  2  1   1   0.002298   -143.706 241564.150
2191 13  2  1   2   0.002461   -143.206 241564.150
2192 13  2  1   3   0.001953   -142.713 241564.150
2193 13  2  1   4   0.002135   -142.214 241564.150
2194 13  2  1   5   0.001966   -141.726 241564.150
2195 13  2  1   6   0.001664   -141.225 241564.150
2196 13  2  1   7   0.001935   -140.705 241564.150
2197 13  2  1   8   0.001877   -140.197 241564.150
2198 13  2  1   9   0.001060   -139.704 241564.150
2199 13  2  1  10   0.001146   -139.190 241564.150
2200 13  2  1  11   0.001501   -138.682 241564.150
2201 13  2  1  12  -0.000414   -138.236 241564.150
2202 13  2  1  13   0.000511   -137.719 241564.150
2203 13  2  1  14   0.001915   -137.193 241564.150
2204 13  2  1  15  -0.000076   -136.749 241564.150
2205 13  2  1  16   0.000418   -136.205 241562.850
2206 13  2  1  17   0.000604   -135.704 241562.850
2207 13  2  1  18   0.000087   -135.220 241562.850
2208 13  2  1  19  -0.000189   -134.724 241562.850
2209 13  2  1  20   0.000588   -134.206 241562.850
2210 13  2  1  21   0.000723   -133.705 241562.850
2211 13  2  1  22   0.000884   -133.200 241562.850
2212 13  2  1  23   0.000830   -132.703 241562.850
2213 13  2  1  24  -0.000440   -132.231 241562.850
2214 13  2  1  25  -0.000740   -131.740 241562.850
2215 13  2  1  26   0.000342   -131.224 241562.850
2216 13  2  1  27   0.001404   -130.703 241562.850
2217 13  2  1  28   0.000670   -130.225 241562.850
2218 13  2  1  29   0.000063   -129.740 241562.850
2219 13  2  1  30   0.001556   -129.196 241562.850
2220 13  3  1   1   0.001807   -143.849 241566.150
2221 13  3  1   2   0.001531   -143.366 241566.150
2222 13  3  1   3   0.001111   -142.865 241566.150
2223 13  3  1   4   0.001891   -142.341 241566.150
2224 13  3  1   5   0.002181   -141.835 241566.150
2225 13  3  1   6   0.001504   -141.351 241566.150
2226 13  3  1   7   0.001618   -140.856 241566.150
2227 13  3  1   8   0.001773   -140.358 241566.150
2228 13  3  1   9   0.001549   -139.867 241566.150
2229 13  3  1  10   0.001649   -139.373 241566.150
2230 13  3  1  11   0.001696   -138.877 241566.150
2231 13  3  1  12   0.001230   -138.381 241566.150
2232 13  3  1  13   0.001539   -137.873 241566.150
2233 13  3  1  14   0.002073   -137.371 241566.150
2234 13  3  1  15   0.000709   -136.919 241566.150
2235 13  3  1  16   0.002409   -136.339 241564.850
2236 13  3  1  17   0.003236   -135.824 241564.850
2237 13  3  1  18   0.002602   -135.339 241564.850
2238 13  3  1  19   0.003571   -134.814 241564.850
2239 13  3  1  20   0.004790   -134.277 241564.850
2240 13  3  1  21   0.005111   -133.764 241564.850
2241 13  3  1  22   0.004874   -133.267 241564.850
2242 13  3  1  23   0.004993   -132.766 241564.850
2243 13  3  1  24   0.005361   -132.261 241564.850
2244 13  3  1  25   0.005042   -131.770 241564.850
2245 13  3  1  26   0.005189   -131.266 241564.850
2246 13  3  1  27   0.005610   -130.753 241564.850
2247 13  3  1  28   0.005125   -130.252 241564.850
2248 13  3  1  29   0.005104   -129.734 241564.850
2249 13  3  1  30   0.004444   -129.237 241564.850
2250 13  1  2   1  -0.017353   -143.166 241562.150
2251 13  1  2   2  -0.016449   -142.700 241562.150
2252 13  1  2   3  -0.015335   -142.226 241562.150
2253 13  1  2   4  -0.015955   -141.720 241562.150
2254 13  1  2   5  -0.016351   -141.225 241562.150
2255 13  1  2   6  -0.014750   -140.774 241562.150
2256 13  1  2   7  -0.014328   -140.295 241562.150
2257 13  1  2   8  -0.013212   -139.828 241562.150
2258 13  1  2   9  -0.011510   -139.363 241562.150
2259 13  1  2  10  -0.012066   -138.859 241562.150
2260 13  1  2  11  -0.012924   -138.347 241562.150
2261 13  1  2  12  -0.011809   -137.866 241562.150
2262 13  1  2  13  -0.012361   -137.342 241562.150
2263 13  1  2  14  -0.012599   -136.825 241562.150
2264 13  1  2  15  -0.008792   -136.404 241562.150
2265 13  1  2  16  -0.001556   -135.993 241560.850
2266 13  1  2  17  -0.000968   -135.505 241560.850
2267 13  1  2  18  -0.000778   -135.000 241560.850
2268 13  1  2  19  -0.000754   -134.487 241560.850
2269 13  1  2  20  -0.001311   -133.960 241560.850
2270 13  1  2  21  -0.001938   -133.445 241560.850
2271 13  1  2  22  -0.002179   -132.944 241560.850
2272 13  1  2  23  -0.002038   -132.450 241560.850
2273 13  1  2  24  -0.002469   -131.946 241560.850
2274 13  1  2  25  -0.002351   -131.449 241560.850
2275 13  1  2  26  -0.001893   -130.957 241560.850
2276 13  1  2  27  -0.001984   -130.460 241560.850
2277 13  1  2  28  -0.002627   -129.957 241560.850
2278 13  1  2  29  -0.003170   -129.447 241560.850
2279 13  1  2  30  -0.028178   -128.338 241560.850
2280 13  2  2   1  -0.001226   -143.762 241564.150
2281 13  2  2   2  -0.001550   -143.256 241564.150
2282 13  2  2   3  -0.001824   -142.739 241564.150
2283 13  2  2   4  -0.001432   -142.249 241564.150
2284 13  2  2   5  -0.001066   -141.763 241564.150
2285 13  2  2   6  -0.001944   -141.239 241564.150
2286 13  2  2   7  -0.001871   -140.731 241564.150
2287 13  2  2   8  -0.001073   -140.241 241564.150
2288 13  2  2   9  -0.002296   -139.706 241564.150
2289 13  2  2  10  -0.001913   -139.207 241564.150
2290 13  2  2  11  -0.000987   -138.723 241564.150
2291 13  2  2  12  -0.002282   -138.196 241564.150
2292 13  2  2  13  -0.001210   -137.729 241564.150
2293 13  2  2  14  -0.000534   -137.251 241564.150
2294 13  2  2  15  -0.001357   -136.747 241564.150
2295 13  2  2  16   0.000332   -136.212 241562.850
2296 13  2  2  17  -0.000020   -135.708 241562.850
2297 13  2  2  18  -0.000374   -135.202 241562.850
2298 13  2  2  19  -0.000912   -134.685 241562.850
2299 13  2  2  20  -0.001087   -134.182 241562.850
2300 13  2  2  21  -0.000965   -133.692 241562.850
2301 13  2  2  22  -0.001168   -133.189 241562.850
2302 13  2  2  23  -0.001267   -132.689 241562.850
2303 13  2  2  24  -0.000806   -132.203 241562.850
2304 13  2  2  25  -0.001250   -131.692 241562.850
2305 13  2  2  26  -0.001713   -131.185 241562.850
2306 13  2  2  27  -0.001911   -130.689 241562.850
2307 13  2  2  28  -0.001619   -130.209 241562.850
2308 13  2  2  29  -0.001485   -129.713 241562.850
2309 13  2  2  30  -0.001279   -129.210 241562.850
2310 13  3  2   1  -0.009958   -143.752 241566.150
2311 13  3  2   2  -0.011270   -143.231 241566.150
2312 13  3  2   3  -0.011400   -142.717 241566.150
2313 13  3  2   4  -0.011518   -142.206 241566.150
2314 13  3  2   5  -0.012075   -141.692 241566.150
2315 13  3  2   6  -0.012226   -141.180 241566.150
2316 13  3  2   7  -0.012022   -140.681 241566.150
2317 13  3  2   8  -0.012093   -140.185 241566.150
2318 13  3  2   9  -0.012380   -139.679 241566.150
2319 13  3  2  10  -0.013574   -139.147 241566.150
2320 13  3  2  11  -0.013835   -138.639 241566.150
2321 13  3  2  12  -0.012848   -138.159 241566.150
2322 13  3  2  13  -0.013142   -137.650 241566.150
2323 13  3  2  14  -0.012902   -137.153 241566.150
2324 13  3  2  15  -0.009428   -136.727 241566.150
2325 13  3  2  16  -0.001170   -136.355 241564.850
2326 13  3  2  17  -0.001893   -135.837 241564.850
2327 13  3  2  18  -0.002436   -135.323 241564.850
2328 13  3  2  19  -0.002035   -134.833 241564.850
2329 13  3  2  20  -0.002035   -134.328 241564.850
2330 13  3  2  21  -0.002134   -133.824 241564.850
2331 13  3  2  22  -0.002367   -133.325 241564.850
2332 13  3  2  23  -0.002933   -132.821 241564.850
2333 13  3  2  24  -0.003293   -132.320 241564.850
2334 13  3  2  25  -0.002889   -131.822 241564.850
2335 13  3  2  26  -0.002286   -131.331 241564.850
2336 13  3  2  27  -0.002764   -130.826 241564.850
2337 13  3  2  28  -0.003268   -130.314 241564.850
2338 13  3  2  29  -0.003339   -129.808 241564.850
2339 13  3  2  30  -0.001597   -129.340 241564.850
