2520 15  1  1   1   0.006269   -143.688 241564.150
2521 15  1  1   2   0.006424   -143.193 241564.150
2522 15  1  1   3   0.007051   -142.680 241564.150
2523 15  1  1   4   0.006962   -142.176 241564.150
2524 15  1  1   5   0.007154   -141.665 241564.150
2525 15  1  1   6   0.007885   -141.152 241564.150
2526 15  1  1   7   0.007980   -140.654 241564.150
2527 15  1  1   8   0.008156   -140.153 241564.150
2528 15  1  1   9   0.008538   -139.643 241564.150
2529 15  1  1  10   0.008618   -139.139 241564.150
2530 15  1  1  11   0.008640   -138.630 241564.150
2531 15  1  1  12   0.009196   -138.103 241564.150
2532 15  1  1  13   0.009617   -137.586 241564.150
2533 15  1  1  14   0.009696   -137.075 241564.150
2534 15  1  1  15   0.009537   -136.565 241564.150
2535 15  1  1  16  -0.000236   -136.219 241562.850
2536 15  1  1  17  -0.000650   -135.722 241562.850
2537 15  1  1  18  -0.001258   -135.229 241562.850
2538 15  1  1  19  -0.001256   -134.716 241562.850
2539 15  1  1  20  -0.001326   -134.208 241562.850
2540 15  1  1  21  -0.001763   -133.716 241562.850
2541 15  1  1  22  -0.001694   -133.211 241562.850
2542 15  1  1  23  -0.001796   -132.714 241562.850
2543 15  1  1  24  -0.002530   -132.235 241562.850
2544 15  1  1  25  -0.002593   -131.735 241562.850
2545 15  1  1  26  -0.002378   -131.221 241562.850
2546 15  1  1  27  -0.002228   -130.706 241562.850
2547 15  1  1  28  -0.002016   -130.192 241562.850
2548 15  1  1  29  -0.002707   -129.699 241562.850
2549 15  1  1  30  -0.003772   -129.220 241562.850
2550 15  2  1   1   0.005195   -143.634 241564.150
2551 15  2  1   2   0.004369   -143.155 241564.150
2552 15  2  1   3   0.004662   -142.634 241564.150
2553 15  2  1   4   0.005831   -142.096 241564.150
2554 15  2  1   5   0.006217   -141.576 241564.150
2555 15  2  1   6   0.005201   -141.090 241564.150
2556 15  2  1   7   0.004648   -140.599 241564.150
2557 15  2  1   8   0.004700   -140.102 241564.150
2558 15  2  1   9   0.004889   -139.602 241564.150
2559 15  2  1  10   0.005502   -139.088 241564.150
2560 15  2  1  11   0.005502   -138.586 241564.150
2561 15  2  1  12   0.003786   -138.122 241564.150
2562 15  2  1  13   0.003055   -137.641 241564.150
2563 15  2  1  14   0.002449   -137.163 241564.150
2564 15  2  1  15   0.002213   -136.678 241564.150
2565 15  2  1  16   0.000499   -136.233 241562.850
2566 15  2  1  17   0.001517   -135.720 241562.850
2567 15  2  1  18   0.001434   -135.206 241562.850
2568 15  2  1  19   0.001535   -134.707 241562.850
2569 15  2  1  20   0.001509   -134.213 241562.850
2570 15  2  1  21   0.001669   -133.712 241562.850
2571 15  2  1  22   0.000961   -133.243 241562.850
2572 15  2  1  23   0.001164   -132.748 241562.850
2573 15  2  1  24   0.003262   -132.208 241562.850
2574 15  2  1  25   0.002962   -131.729 241562.850
2575 15  2  1  26   0.002182   -131.251 241562.850
2576 15  2  1  27   0.002731   -130.724 241562.850
2577 15  2  1  28   0.002715   -130.222 241562.850
2578 15  2  1  29   0.002503   -129.727 241562.850
2579 15  2  1  30   0.002473   -129.227 241562.850
2580 15  3  1   1   0.003088   -143.810 241566.150
2581 15  3  1   2   0.002448   -143.324 241566.150
2582 15  3  1   3   0.002609   -142.829 241566.150
2583 15  3  1   4   0.002628   -142.327 241566.150
2584 15  3  1   5   0.002801   -141.822 241566.150
2585 15  3  1   6   0.003177   -141.320 241566.150
2586 15  3  1   7   0.003195   -140.823 241566.150
2587 15  3  1   8   0.003004   -140.327 241566.150
2588 15  3  1   9   0.003029   -139.823 241566.150
2589 15  3  1  10   0.004023   -139.302 241566.150
2590 15  3  1  11   0.004266   -138.797 241566.150
2591 15  3  1  12   0.002924   -138.329 241566.150
2592 15  3  1  13   0.003370   -137.827 241566.150
2593 15  3  1  14   0.004186   -137.310 241566.150
2594 15  3  1  15   0.002240   -136.859 241566.150
2595 15  3  1  16  -0.002555   -136.466 241564.850
2596 15  3  1  17  -0.000581   -135.926 241564.850
2597 15  3  1  18   0.000055   -135.405 241564.850
2598 15  3  1  19  -0.000657   -134.921 241564.850
2599 15  3  1  20  -0.001635   -134.438 241564.850
2600 15  3  1  21  -0.001103   -133.921 241564.850
2601 15  3  1  22  -0.001439   -133.427 241564.850
2602 15  3  1  23  -0.001877   -132.934 241564.850
2603 15  3  1  24  -0.001083   -132.418 241564.850
2604 15  3  1  25  -0.002613   -131.955 241564.850
2605 15  3  1  26  -0.003234   -131.469 241564.850
2606 15  3  1  27  -0.001293   -130.930 241564.850
2607 15  3  1  28  -0.002013   -130.453 241564.850
2608 15  3  1  29  -0.003500   -129.990 241564.850
2609 15  3  1  30  -0.001827   -129.458 241564.850
2610 15  1  2   1  -0.006157   -143.635 241564.150
2611 15  1  2   2  -0.006737   -143.121 241564.150
2612 15  1  2   3  -0.005856   -142.637 241564.150
2613 15  1  2   4  -0.005438   -142.153 241564.150
2614 15  1  2   5  -0.005557   -141.653 241564.150
2615 15  1  2   6  -0.005660   -141.145 241564.150
2616 15  1  2   7  -0.005524   -140.649 241564.150
2617 15  1  2   8  -0.005104   -140.164 241564.150
2618 15  1  2   9  -0.004592   -139.675 241564.150
2619 15  1  2  10  -0.005110   -139.170 241564.150
2620 15  1  2  11  -0.005649   -138.659 241564.150
2621 15  1  2  12  -0.004884   -138.163 241564.150
2622 15  1  2  13  -0.005026   -137.650 241564.150
2623 15  1  2  14  -0.004700   -137.149 241564.150
2624 15  1  2  15  -0.002103   -136.700 241564.150
2625 15  1  2  16   0.005654   -136.330 241562.850
2626 15  1  2  17   0.007616   -135.858 241562.850
2627 15  1  2  18   0.006343   -135.321 241562.850
2628 15  1  2  19   0.006246   -134.811 241562.850
2629 15  1  2  20   0.006470   -134.305 241562.850
2630 15  1  2  21   0.007312   -133.818 241562.850
2631 15  1  2  22   0.007266   -133.319 241562.850
2632 15  1  2  23   0.006886   -132.816 241562.850
2633 15  1  2  24   0.007331   -132.329 241562.850
2634 15  1  2  25   0.007509   -131.840 241562.850
2635 15  1  2  26   0.006589   -131.318 241562.850
2636 15  1  2  27   0.005445   -130.779 241562.850
2637 15  1  2  28   0.005301   -130.266 241562.850
2638 15  1  2  29   0.005603   -129.761 241562.850
2639 15  1  2  30   0.005968   -129.249 241562.850
2640 15  2  2   1  -0.008790   -143.578 241564.150
2641 15  2  2   2  -0.008200   -143.081 241564.150
2642 15  2  2   3  -0.008518   -142.562 241564.150
2643 15  2  2   4  -0.009202   -142.041 241564.150
2644 15  2  2   5  -0.009101   -141.539 241564.150
2645 15  2  2   6  -0.007934   -141.071 241564.150
2646 15  2  2   7  -0.008717   -140.562 241564.150
2647 15  2  2   8  -0.009415   -140.052 241564.150
2648 15  2  2   9  -0.008396   -139.585 241564.150
2649 15  2  2  10  -0.007865   -139.108 241564.150
2650 15  2  2  11  -0.008320   -138.601 241564.150
2651 15  2  2  12  -0.008818   -138.082 241564.150
2652 15  2  2  13  -0.008721   -137.575 241564.150
2653 15  2  2  14  -0.008389   -137.075 241564.150
2654 15  2  2  15  -0.005187   -136.641 241564.150
2655 15  2  2  16   0.000557   -136.231 241562.850
2656 15  2  2  17  -0.001223   -135.712 241562.850
2657 15  2  2  18  -0.000971   -135.220 241562.850
2658 15  2  2  19  -0.000970   -134.718 241562.850
2659 15  2  2  20  -0.001105   -134.218 241562.850
2660 15  2  2  21  -0.001052   -133.720 241562.850
2661 15  2  2  22  -0.001432   -133.207 241562.850
2662 15  2  2  23  -0.001425   -132.704 241562.850
2663 15  2  2  24  -0.001655   -132.199 241562.850
2664 15  2  2  25  -0.001904   -131.699 241562.850
2665 15  2  2  26  -0.002802   -131.184 241562.850
2666 15  2  2  27  -0.002898   -130.673 241562.850
2667 15  2  2  28  -0.002702   -130.159 241562.850
2668 15  2  2  29  -0.002633   -129.649 241562.850
2669 15  2  2  30  -0.000312   -129.198 241562.850
2670 15  3  2   1  -0.000959   -143.841 241566.150
2671 15  3  2   2  -0.001206   -143.336 241566.150
2672 15  3  2   3  -0.000877   -142.847 241566.150
2673 15  3  2   4  -0.000086   -142.374 241566.150
2674 15  3  2   5  -0.000565   -141.872 241566.150
2675 15  3  2   6  -0.001587   -141.351 241566.150
2676 15  3  2   7  -0.001442   -140.853 241566.150
2677 15  3  2   8  -0.001091   -140.361 241566.150
2678 15  3  2   9  -0.001368   -139.858 241566.150
2679 15  3  2  10  -0.002218   -139.343 241566.150
2680 15  3  2  11  -0.002433   -138.842 241566.150
2681 15  3  2  12  -0.001135   -138.380 241566.150
2682 15  3  2  13  -0.001060   -137.887 241566.150
2683 15  3  2  14  -0.001124   -137.385 241566.150
2684 15  3  2  15   0.000032   -136.917 241566.150
2685 15  3  2  16  -0.000627   -136.379 241564.850
2686 15  3  2  17  -0.000309   -135.885 241564.850
2687 15  3  2  18  -0.000755   -135.360 241564.850
2688 15  3  2  19  -0.001141   -134.846 241564.850
2689 15  3  2  20  -0.001135   -134.341 241564.850
2690 15  3  2  21  -0.001502   -133.825 241564.850
2691 15  3  2  22  -0.001377   -133.328 241564.850
2692 15  3  2  23  -0.001291   -132.830 241564.850
2693 15  3  2  24  -0.001935   -132.312 241564.850
2694 15  3  2  25  -0.002519   -131.800 241564.850
2695 15  3  2  26  -0.002168   -131.307 241564.850
2696 15  3  2  27  -0.001932   -130.814 241564.850
2697 15  3  2  28  -0.002298   -130.310 241564.850
2698 15  3  2  29  -0.002126   -129.813 241564.850
2699 15  3  2  30  -0.000536   -129.344 241564.850
