id/I:name/C:xsec/F:kfac/F:eff/F:relunc/F
# 14 TeV stop->tN1 samples. Numbers (in pb) come from 14 TeV version of
# nllfast (nllfast-4.01dcpl), using MSTW2008NLO pdfs
# Uncertainties set to 1 for now.
118494	61  10.7	  1.      1.      1.
118495	61  10.7          1.      1.      1.
118496	61  0.682         1.      1.      1.
118497	61  0.682         1.      1.      1. 
118498	61  0.682         1.      1.      1.
127813	61  0.235         1.      1.      1.
127815	61  0.235         1.      1.      1.
127817	61  0.235         1.      1.      1.
127819	61  0.235         1.      1.      1.
127832	61  0.682         1.      1.      1. 
127840	61  2.36          1.      1.      1.
127842	61  2.36          1.      1.      1.
127844	61  2.36          1.      1.      1.
164649	61  0.235         1.      1.      1.
# 700 GeV
177770  61  0.0914        1.      1.      1.
177771  61  0.0914        1.      1.      1.
177772  61  0.0914        1.      1.      1.
177773  61  0.0914        1.      1.      1.
177774  61  0.0914        1.      1.      1.
177775  61  0.0914        1.      1.      1.
# 800 GeV
177776  61  0.0388        1.      1.      1.
177777  61  0.0388        1.      1.      1.
177778  61  0.0388        1.      1.      1.
177779  61  0.0388        1.      1.      1.
177780  61  0.0388        1.      1.      1.
177781  61  0.0388        1.      1.      1.
177782  61  0.0388        1.      1.      1.
# 900 GeV
177783  61  0.0177        1.      1.      1.
177784  61  0.0177        1.      1.      1.
177785  61  0.0177        1.      1.      1.
177786  61  0.0177        1.      1.      1.
177787  61  0.0177        1.      1.      1.
177788  61  0.0177        1.      1.      1.
177789  61  0.0177        1.      1.      1.
177790  61  0.0177        1.      1.      1.
# 1000 GeV
177791  61  0.00848       1.      1.      1.
177792  61  0.00848       1.      1.      1.
177793  61  0.00848       1.      1.      1.
177794  61  0.00848       1.      1.      1.
177795  61  0.00848       1.      1.      1.
177796  61  0.00848       1.      1.      1.
177797  61  0.00848       1.      1.      1.
177798  61  0.00848       1.      1.      1.
177799  61  0.00848       1.      1.      1.
# 1100 GeV
177800  61  0.00425       1.      1.      1.
177801  61  0.00425       1.      1.      1.
177802  61  0.00425       1.      1.      1.
177803  61  0.00425       1.      1.      1.
177804  61  0.00425       1.      1.      1.
177805  61  0.00425       1.      1.      1.
177806  61  0.00425       1.      1.      1.
177807  61  0.00425       1.      1.      1.
177808  61  0.00425       1.      1.      1.
177809  61  0.00425       1.      1.      1.
# 1200 GeV
177810  61  0.00220       1.      1.      1.
177811  61  0.00220       1.      1.      1.
177812  61  0.00220       1.      1.      1.
177813  61  0.00220       1.      1.      1.
177814  61  0.00220       1.      1.      1.
177815  61  0.00220       1.      1.      1.
177816  61  0.00220       1.      1.      1.
177817  61  0.00220       1.      1.      1.
177818  61  0.00220       1.      1.      1.
177819  61  0.00220       1.      1.      1.
177820  61  0.00220       1.      1.      1.
# 1300 GeV
183790  61  0.00117	  1.	  1.      1.
183791  61  0.00117	  1.	  1. 	  1.
183792  61  0.00117		 1.	 1.	 1.
183793  61  0.00117		 1.	 1.	 1.
183794  61  0.00117		 1.	 1.	 1.
183795  61  0.00117		 1.	 1.	 1.
183796  61  0.00117		 1.	 1.	 1.
183797  61  0.00117		 1.	 1.	 1.
183798  61  0.00117		 1.	 1.	 1.
183799  61  0.00117		 1.	 1.	 1.
183800  61  0.00117		 1.	 1.	 1.
183801  61  0.00117		 1.	 1.	 1.
# 1400 GeV
183802  61  0.000640		 1.	 1.	 1.
183803  61  0.000640		 1.	 1.	 1.
183804  61  0.000640		 1.	 1.	 1.
183805  61  0.000640		 1.	 1.	 1.
183806  61  0.000640		 1.	 1.	 1.
183807  61  0.000640		 1.	 1.	 1.
183808  61  0.000640		 1.	 1.	 1.
183809  61  0.000640		 1.	 1.	 1.
183810  61  0.000640		 1.	 1.	 1.
183811  61  0.000640		 1.	 1.	 1.
183812  61  0.000640		 1.	 1.	 1.
183813  61  0.000640		 1.	 1.	 1.
183814  61  0.000640		 1.	 1.	 1.
# 1500 GeV
183815  61  0.000355		 1.	 1.	 1.
183816  61  0.000355		 1.	 1.	 1.
183817  61  0.000355		 1.	 1.	 1.
183818  61  0.000355		 1.	 1.	 1.
183819  61  0.000355		 1.	 1.	 1.
183820  61  0.000355		 1.	 1.	 1.
183821  61  0.000355		 1.	 1.	 1.
183822  61  0.000355		 1.	 1.	 1.
183823  61  0.000355		 1.	 1.	 1.
183824  61  0.000355		 1.	 1.	 1.
183825  61  0.000355		 1.	 1.	 1.
183826  61  0.000355		 1.	 1.	 1.
183827  61  0.000355		 1.	 1.	 1.
183828  61  0.000355		 1.	 1.	 1.
