 2,34619392,1,20504,20504,rootfiles/rts/Rt_BML_3_-6_20504.dat,118,-0.227781,0.189210,0.000000,0.000000,0,0,0,0,0,0,0,0
 3,90710016,1,20504,20504,rootfiles/rts/Rt_BOS_2_5_20504.dat,0,0.000000,0.000000,0.000000,0.000000,0,0,0,0,0,0,0,0
 4,51388416,1,20504,20504,rootfiles/rts/Rt_BMS_2_-6_20504.dat,0,0.000000,0.000000,0.000000,0.000000,0,0,0,0,0,0,0,0
 5,69222400,1,20504,20504,rootfiles/rts/Rt_BOL_3_-4_20504.dat,293,-0.331523,0.167576,0.000000,0.000000,0,0,0,0,0,0,0,0
 6,68173824,1,20504,20504,rootfiles/rts/Rt_BOL_3_-6_20504.dat,0,0.000000,0.000000,0.000000,0.000000,0,0,0,0,0,0,0,0
 7,17833984,1,20504,20504,rootfiles/rts/Rt_BIS_2_-6_20504.dat,0,0.000000,0.000000,0.000000,0.000000,0,0,0,0,0,0,0,0
 8,0,1,20504,20504,rootfiles/rts/Rt_BOS_2_-1_20504.dat,0,0.000000,0.000000,0.000000,0.000000,0,0,0,0,0,0,0,0
 9,1064960,1,20504,20504,rootfiles/rts/Rt_BIL_3_-6_20504.dat,142,0.265017,0.290052,0.000000,0.000000,0,0,0,0,0,0,0,0
 10,35659776,1,20504,20504,rootfiles/rts/Rt_BML_2_-4_20504.dat,0,0.000000,0.000000,0.000000,0.000000,0,0,0,0,0,0,0,0
 11,22036480,1,20504,20504,rootfiles/rts/Rt_BIS_3_2_20504.dat,319,0.209618,0.119342,0.000000,0.000000,0,0,0,0,0,0,0,0
 12,36716544,1,20504,20504,rootfiles/rts/Rt_BML_3_-2_20504.dat,122,-0.261479,0.248976,0.000000,0.000000,0,0,0,0,0,0,0,0
 13,5259264,1,20504,20504,rootfiles/rts/Rt_BIL_3_2_20504.dat,937,0.191823,0.138280,0.000000,0.000000,0,0,0,0,0,0,0,0
 14,68698112,1,20504,20504,rootfiles/rts/Rt_BOL_3_-5_20504.dat,206,-0.278708,0.143604,0.000000,0.000000,0,0,0,0,0,0,0,0
 15,68165632,1,20504,20504,rootfiles/rts/Rt_BOL_2_-6_20504.dat,0,0.000000,0.000000,0.000000,0.000000,0,0,0,0,0,0,0,0
 16,4726784,1,20504,20504,rootfiles/rts/Rt_BIL_2_1_20504.dat,0,0.000000,0.000000,0.000000,0.000000,0,0,0,0,0,0,0,0
 17,70270976,1,20504,20504,rootfiles/rts/Rt_BOL_3_-2_20504.dat,580,0.196397,0.243206,0.000000,0.000000,0,0,0,0,0,0,0,0
 18,36184064,1,20504,20504,rootfiles/rts/Rt_BML_2_-3_20504.dat,0,0.000000,0.000000,0.000000,0.000000,0,0,0,0,0,0,0,0
 19,38805504,1,20504,20504,rootfiles/rts/Rt_BML_2_2_20504.dat,0,0.000000,0.000000,0.000000,0.000000,0,0,0,0,0,0,0,0
 20,2113536,1,20504,20504,rootfiles/rts/Rt_BIL_3_-4_20504.dat,342,-0.241190,0.187820,0.000000,0.000000,0,0,0,0,0,0,0,0
 21,7356416,1,20504,20504,rootfiles/rts/Rt_BIL_3_6_20504.dat,84,0.212129,0.257688,0.000000,0.000000,0,0,0,0,0,0,0,0
 22,74465280,1,20504,20504,rootfiles/rts/Rt_BOL_3_6_20504.dat,64,0.159003,0.218814,0.000000,0.000000,0,0,0,0,0,0,0,0
 23,73416704,1,20504,20504,rootfiles/rts/Rt_BOL_3_4_20504.dat,220,0.159330,0.277903,0.000000,0.000000,0,0,0,0,0,0,0,0
 24,38281216,1,20504,20504,rootfiles/rts/Rt_BML_2_1_20504.dat,0,0.000000,0.000000,0.000000,0.000000,0,0,0,0,0,0,0,0
 25,37240832,1,20504,20504,rootfiles/rts/Rt_BML_3_-1_20504.dat,300,-0.103662,0.320874,0.000000,0.000000,0,0,0,0,0,0,0,0
 26,88621056,1,20504,20504,rootfiles/rts/Rt_BOS_3_1_20504.dat,81,0.030734,0.253718,0.000000,0.000000,0,0,0,0,0,0,0,0
 27,87040000,1,20504,20504,rootfiles/rts/Rt_BOS_2_-2_20504.dat,0,0.000000,0.000000,0.000000,0.000000,0,0,0,0,0,0,0,0
 28,72892416,1,20504,20504,rootfiles/rts/Rt_BOL_3_3_20504.dat,1244,0.223878,0.151798,0.000000,0.000000,0,0,0,0,0,0,0,0
 29,39854080,1,20504,20504,rootfiles/rts/Rt_BML_2_4_20504.dat,0,0.000000,0.000000,0.000000,0.000000,0,0,0,0,0,0,0,0
 30,86523904,1,20504,20504,rootfiles/rts/Rt_BOS_3_-3_20504.dat,0,0.000000,0.000000,0.000000,0.000000,0,0,0,0,0,0,0,0
 31,0,1,20504,20504,rootfiles/rts/Rt_BIL_2_3_20504.dat,0,0.000000,0.000000,0.000000,0.000000,0,0,0,0,0,0,0,0
 32,20455424,1,20504,20504,rootfiles/rts/Rt_BIS_2_-1_20504.dat,99,0.241344,0.178894,0.000000,0.000000,0,0,0,0,0,0,0,0
 33,24125440,1,20504,20504,rootfiles/rts/Rt_BIS_2_6_20504.dat,0,0.000000,0.000000,0.000000,0.000000,0,0,0,0,0,0,0,0
 34,56639488,1,20504,20504,rootfiles/rts/Rt_BMS_3_4_20504.dat,0,0.000000,0.000000,0.000000,0.000000,0,0,0,0,0,0,0,0
 35,22552576,1,20504,20504,rootfiles/rts/Rt_BIS_2_3_20504.dat,288,0.155127,0.123683,0.000000,0.000000,0,0,0,0,0,0,0,0
 36,37232640,1,20504,20504,rootfiles/rts/Rt_BML_2_-1_20504.dat,0,0.000000,0.000000,0.000000,0.000000,0,0,0,0,0,0,0,0
 37,51912704,1,20504,20504,rootfiles/rts/Rt_BMS_2_-5_20504.dat,0,0.000000,0.000000,0.000000,0.000000,0,0,0,0,0,0,0,0
 38,55058432,1,20504,20504,rootfiles/rts/Rt_BMS_2_1_20504.dat,0,0.000000,0.000000,0.000000,0.000000,0,0,0,0,0,0,0,0
 39,35143680,1,20504,20504,rootfiles/rts/Rt_BML_3_-5_20504.dat,118,-0.272740,0.293082,0.000000,0.000000,0,0,0,0,0,0,0,0
 40,40386560,1,20504,20504,rootfiles/rts/Rt_BML_3_5_20504.dat,92,0.189155,0.241449,0.000000,0.000000,0,0,0,0,0,0,0,0
 41,52961280,1,20504,20504,rootfiles/rts/Rt_BMS_2_-3_20504.dat,0,0.000000,0.000000,0.000000,0.000000,0,0,0,0,0,0,0,0
 42,73940992,1,20504,20504,rootfiles/rts/Rt_BOL_3_5_20504.dat,1041,0.135446,0.144461,0.000000,0.000000,0,0,0,0,0,0,0,0
 43,35667968,1,20504,20504,rootfiles/rts/Rt_BML_3_-4_20504.dat,238,-0.237644,0.276285,0.000000,0.000000,0,0,0,0,0,0,0,0
 44,0,1,20504,20504,rootfiles/rts/Rt_BIS_2_1_20504.dat,0,0.000000,0.000000,0.000000,0.000000,0,0,0,0,0,0,0,0
 45,18358272,1,20504,20504,rootfiles/rts/Rt_BIS_2_-5_20504.dat,0,0.000000,0.000000,0.000000,0.000000,0,0,0,0,0,0,0,0
 46,90185728,1,20504,20504,rootfiles/rts/Rt_BOS_2_4_20504.dat,0,0.000000,0.000000,0.000000,0.000000,0,0,0,0,0,0,0,0
 47,6832128,1,20504,20504,rootfiles/rts/Rt_BIL_3_5_20504.dat,142,0.044637,0.170053,0.000000,0.000000,0,0,0,0,0,0,0,0
 48,55590912,1,20504,20504,rootfiles/rts/Rt_BMS_3_2_20504.dat,0,0.000000,0.000000,0.000000,0.000000,0,0,0,0,0,0,0,0
 49,17842176,1,20504,20504,rootfiles/rts/Rt_BIS_3_-6_20504.dat,82,0.159975,0.275085,0.000000,0.000000,0,0,0,0,0,0,0,0
 50,20463616,1,20504,20504,rootfiles/rts/Rt_BIS_3_-1_20504.dat,155,0.130361,0.294257,0.000000,0.000000,0,0,0,0,0,0,0,0
 51,19931136,1,20504,20504,rootfiles/rts/Rt_BIS_2_-2_20504.dat,0,0.000000,0.000000,0.000000,0.000000,0,0,0,0,0,0,0,0
 52,85999616,1,20504,20504,rootfiles/rts/Rt_BOS_3_-4_20504.dat,0,0.000000,0.000000,0.000000,0.000000,0,0,0,0,0,0,0,0
 53,1589248,1,20504,20504,rootfiles/rts/Rt_BIL_3_-5_20504.dat,229,0.190020,0.221670,0.000000,0.000000,0,0,0,0,0,0,0,0
 54,74457088,1,20504,20504,rootfiles/rts/Rt_BOL_2_6_20504.dat,0,0.000000,0.000000,0.000000,0.000000,0,0,0,0,0,0,0,0
 55,84951040,1,20504,20504,rootfiles/rts/Rt_BOS_3_-6_20504.dat,0,0.000000,0.000000,0.000000,0.000000,0,0,0,0,0,0,0,0
 56,85467136,1,20504,20504,rootfiles/rts/Rt_BOS_2_-5_20504.dat,0,0.000000,0.000000,0.000000,0.000000,0,0,0,0,0,0,0,0
 57,88612864,1,20504,20504,rootfiles/rts/Rt_BOS_2_1_20504.dat,0,0.000000,0.000000,0.000000,0.000000,0,0,0,0,0,0,0,0
 58,38813696,1,20504,20504,rootfiles/rts/Rt_BML_3_2_20504.dat,2180,0.179243,0.175480,0.000000,0.000000,0,0,0,0,0,0,0,0
 59,3153920,1,20504,20504,rootfiles/rts/Rt_BIL_2_-2_20504.dat,0,0.000000,0.000000,0.000000,0.000000,0,0,0,0,0,0,0,0
 60,23085056,1,20504,20504,rootfiles/rts/Rt_BIS_3_4_20504.dat,164,0.117045,0.213494,0.000000,0.000000,0,0,0,0,0,0,0,0
 61,21512192,1,20504,20504,rootfiles/rts/Rt_BIS_3_1_20504.dat,384,0.220134,0.154430,0.000000,0.000000,0,0,0,0,0,0,0,0
 62,0,1,20504,20504,rootfiles/rts/Rt_BIS_2_5_20504.dat,84,0.127672,0.171376,0.000000,0.000000,0,0,0,0,0,0,0,0
 63,52436992,1,20504,20504,rootfiles/rts/Rt_BMS_2_-4_20504.dat,0,0.000000,0.000000,0.000000,0.000000,0,0,0,0,0,0,0,0
 64,90193920,1,20504,20504,rootfiles/rts/Rt_BOS_3_4_20504.dat,59,0.119785,0.238949,0.000000,0.000000,0,0,0,0,0,0,0,0
 65,68689920,1,20504,20504,rootfiles/rts/Rt_BOL_2_-5_20504.dat,0,0.000000,0.000000,0.000000,0.000000,0,0,0,0,0,0,0,0
 66,6299648,1,20504,20504,rootfiles/rts/Rt_BIL_2_4_20504.dat,0,0.000000,0.000000,0.000000,0.000000,0,0,0,0,0,0,0,0
 67,2637824,1,20504,20504,rootfiles/rts/Rt_BIL_3_-3_20504.dat,366,-0.371319,0.108148,0.000000,0.000000,0,0,0,0,0,0,0,0
 68,5783552,1,20504,20504,rootfiles/rts/Rt_BIL_3_3_20504.dat,804,0.176538,0.168635,0.000000,0.000000,0,0,0,0,0,0,0,0
 69,18890752,1,20504,20504,rootfiles/rts/Rt_BIS_3_-4_20504.dat,124,-0.306717,0.167433,0.000000,0.000000,0,0,0,0,0,0,0,0
 70,89137152,1,20504,20504,rootfiles/rts/Rt_BOS_2_2_20504.dat,0,0.000000,0.000000,0.000000,0.000000,0,0,0,0,0,0,0,0
 71,39329792,1,20504,20504,rootfiles/rts/Rt_BML_2_3_20504.dat,0,0.000000,0.000000,0.000000,0.000000,0,0,0,0,0,0,0,0
 72,69746688,1,20504,20504,rootfiles/rts/Rt_BOL_3_-3_20504.dat,869,-0.323349,0.154508,0.000000,0.000000,0,0,0,0,0,0,0,0
 73,89669632,1,20504,20504,rootfiles/rts/Rt_BOS_3_3_20504.dat,3559,0.088689,0.307712,0.000000,0.000000,0,0,0,0,0,0,0,0
 74,19415040,1,20504,20504,rootfiles/rts/Rt_BIS_3_-3_20504.dat,98,-0.190245,0.345576,0.000000,0.000000,0,0,0,0,0,0,0,0
 75,2629632,1,20504,20504,rootfiles/rts/Rt_BIL_2_-3_20504.dat,0,0.000000,0.000000,0.000000,0.000000,0,0,0,0,0,0,0,0
 76,69738496,1,20504,20504,rootfiles/rts/Rt_BOL_2_-3_20504.dat,0,0.000000,0.000000,0.000000,0.000000,0,0,0,0,0,0,0,0
 77,40378368,1,20504,20504,rootfiles/rts/Rt_BML_2_5_20504.dat,0,0.000000,0.000000,0.000000,0.000000,0,0,0,0,0,0,0,0
 78,53493760,1,20504,20504,rootfiles/rts/Rt_BMS_3_-2_20504.dat,0,0.000000,0.000000,0.000000,0.000000,0,0,0,0,0,0,0,0
 79,85991424,1,20504,20504,rootfiles/rts/Rt_BOS_2_-4_20504.dat,0,0.000000,0.000000,0.000000,0.000000,0,0,0,0,0,0,0,0
 80,57155584,1,20504,20504,rootfiles/rts/Rt_BMS_2_5_20504.dat,0,0.000000,0.000000,0.000000,0.000000,0,0,0,0,0,0,0,0
 81,5251072,1,20504,20504,rootfiles/rts/Rt_BIL_2_2_20504.dat,0,0.000000,0.000000,0.000000,0.000000,0,0,0,0,0,0,0,0
 82,54009856,1,20504,20504,rootfiles/rts/Rt_BMS_2_-1_20504.dat,0,0.000000,0.000000,0.000000,0.000000,0,0,0,0,0,0,0,0
 83,22028288,1,20504,20504,rootfiles/rts/Rt_BIS_2_2_20504.dat,430,0.203770,0.126430,0.000000,0.000000,0,0,0,0,0,0,0,0
 84,40910848,1,20504,20504,rootfiles/rts/Rt_BML_3_6_20504.dat,1045,0.128019,0.145867,0.000000,0.000000,0,0,0,0,0,0,0,0
 85,70262784,1,20504,20504,rootfiles/rts/Rt_BOL_2_-2_20504.dat,0,0.000000,0.000000,0.000000,0.000000,0,0,0,0,0,0,0,0
 86,72359936,1,20504,20504,rootfiles/rts/Rt_BOL_2_2_20504.dat,0,0.000000,0.000000,0.000000,0.000000,0,0,0,0,0,0,0,0
 87,39337984,1,20504,20504,rootfiles/rts/Rt_BML_3_3_20504.dat,1308,0.210005,0.161078,0.000000,0.000000,0,0,0,0,0,0,0,0
 88,19406848,1,20504,20504,rootfiles/rts/Rt_BIS_2_-3_20504.dat,84,-0.347204,0.222270,0.000000,0.000000,0,0,0,0,0,0,0,0
 89,39862272,1,20504,20504,rootfiles/rts/Rt_BML_3_4_20504.dat,111,0.230372,0.214373,0.000000,0.000000,0,0,0,0,0,0,0,0
 90,57679872,1,20504,20504,rootfiles/rts/Rt_BMS_2_6_20504.dat,0,0.000000,0.000000,0.000000,0.000000,0,0,0,0,0,0,0,0
 91,52969472,1,20504,20504,rootfiles/rts/Rt_BMS_3_-3_20504.dat,0,0.000000,0.000000,0.000000,0.000000,0,0,0,0,0,0,0,0
 92,4734976,1,20504,20504,rootfiles/rts/Rt_BIL_3_1_20504.dat,694,0.218786,0.147236,0.000000,0.000000,0,0,0,0,0,0,0,0
 93,7348224,1,20504,20504,rootfiles/rts/Rt_BIL_2_6_20504.dat,0,0.000000,0.000000,0.000000,0.000000,0,0,0,0,0,0,0,0
 94,0,1,20504,20504,rootfiles/rts/Rt_BMS_3_-6_20504.dat,0,0.000000,0.000000,0.000000,0.000000,0,0,0,0,0,0,0,0
 95,73932800,1,20504,20504,rootfiles/rts/Rt_BOL_2_5_20504.dat,0,0.000000,0.000000,0.000000,0.000000,0,0,0,0,0,0,0,0
 96,36192256,1,20504,20504,rootfiles/rts/Rt_BML_3_-3_20504.dat,1316,-0.086411,0.329567,0.000000,0.000000,0,0,0,0,0,0,0,0
 97,3162112,1,20504,20504,rootfiles/rts/Rt_BIL_3_-2_20504.dat,196,-0.006527,0.341426,0.000000,0.000000,0,0,0,0,0,0,0,0
 98,91242496,1,20504,20504,rootfiles/rts/Rt_BOS_3_6_20504.dat,0,0.000000,0.000000,0.000000,0.000000,0,0,0,0,0,0,0,0
 99,57163776,1,20504,20504,rootfiles/rts/Rt_BMS_3_5_20504.dat,0,0.000000,0.000000,0.000000,0.000000,0,0,0,0,0,0,0,0
 100,35135488,1,20504,20504,rootfiles/rts/Rt_BML_2_-5_20504.dat,0,0.000000,0.000000,0.000000,0.000000,0,0,0,0,0,0,0,0
 101,23076864,1,20504,20504,rootfiles/rts/Rt_BIS_2_4_20504.dat,165,0.144221,0.233665,0.000000,0.000000,0,0,0,0,0,0,0,0
 102,89145344,1,20504,20504,rootfiles/rts/Rt_BOS_3_2_20504.dat,93,0.164296,0.232723,0.000000,0.000000,0,0,0,0,0,0,0,0
 103,51920896,1,20504,20504,rootfiles/rts/Rt_BMS_3_-5_20504.dat,0,0.000000,0.000000,0.000000,0.000000,0,0,0,0,0,0,0,0
 104,55066624,1,20504,20504,rootfiles/rts/Rt_BMS_3_1_20504.dat,0,0.000000,0.000000,0.000000,0.000000,0,0,0,0,0,0,0,0
 105,18366464,1,20504,20504,rootfiles/rts/Rt_BIS_3_-5_20504.dat,94,-0.079329,0.243097,0.000000,0.000000,0,0,0,0,0,0,0,0
 106,57688064,1,20504,20504,rootfiles/rts/Rt_BMS_3_6_20504.dat,0,0.000000,0.000000,0.000000,0.000000,0,0,0,0,0,0,0,0
 107,89661440,1,20504,20504,rootfiles/rts/Rt_BOS_2_3_20504.dat,0,0.000000,0.000000,0.000000,0.000000,0,0,0,0,0,0,0,0
 108,54018048,1,20504,20504,rootfiles/rts/Rt_BMS_3_-1_20504.dat,0,0.000000,0.000000,0.000000,0.000000,0,0,0,0,0,0,0,0
 109,3678208,1,20504,20504,rootfiles/rts/Rt_BIL_2_-1_20504.dat,0,0.000000,0.000000,0.000000,0.000000,0,0,0,0,0,0,0,0
 110,18882560,1,20504,20504,rootfiles/rts/Rt_BIS_2_-4_20504.dat,112,-0.330558,0.118938,0.000000,0.000000,0,0,0,0,0,0,0,0
 111,85475328,1,20504,20504,rootfiles/rts/Rt_BOS_3_-5_20504.dat,0,0.000000,0.000000,0.000000,0.000000,0,0,0,0,0,0,0,0
 112,36708352,1,20504,20504,rootfiles/rts/Rt_BML_2_-2_20504.dat,0,0.000000,0.000000,0.000000,0.000000,0,0,0,0,0,0,0,0
 113,6307840,1,20504,20504,rootfiles/rts/Rt_BIL_3_4_20504.dat,492,0.181876,0.174587,0.000000,0.000000,0,0,0,0,0,0,0,0
 114,2105344,1,20504,20504,rootfiles/rts/Rt_BIL_2_-4_20504.dat,0,0.000000,0.000000,0.000000,0.000000,0,0,0,0,0,0,0,0
 115,71843840,1,20504,20504,rootfiles/rts/Rt_BOL_3_1_20504.dat,1460,0.153204,0.192748,0.000000,0.000000,0,0,0,0,0,0,0,0
 116,56107008,1,20504,20504,rootfiles/rts/Rt_BMS_2_3_20504.dat,0,0.000000,0.000000,0.000000,0.000000,0,0,0,0,0,0,0,0
 117,0,1,20504,20504,rootfiles/rts/Rt_BOS_2_6_20504.dat,0,0.000000,0.000000,0.000000,0.000000,0,0,0,0,0,0,0,0
 118,73408512,1,20504,20504,rootfiles/rts/Rt_BOL_2_4_20504.dat,0,0.000000,0.000000,0.000000,0.000000,0,0,0,0,0,0,0,0
 119,84942848,1,20504,20504,rootfiles/rts/Rt_BOS_2_-6_20504.dat,0,0.000000,0.000000,0.000000,0.000000,0,0,0,0,0,0,0,0
 120,34611200,1,20504,20504,rootfiles/rts/Rt_BML_2_-6_20504.dat,0,0.000000,0.000000,0.000000,0.000000,0,0,0,0,0,0,0,0
 121,90718208,1,20504,20504,rootfiles/rts/Rt_BOS_3_5_20504.dat,0,0.000000,0.000000,0.000000,0.000000,0,0,0,0,0,0,0,0
 122,38289408,1,20504,20504,rootfiles/rts/Rt_BML_3_1_20504.dat,1488,0.202580,0.155302,0.000000,0.000000,0,0,0,0,0,0,0,0
 123,70787072,1,20504,20504,rootfiles/rts/Rt_BOL_2_-1_20504.dat,0,0.000000,0.000000,0.000000,0.000000,0,0,0,0,0,0,0,0
 124,72884224,1,20504,20504,rootfiles/rts/Rt_BOL_2_3_20504.dat,0,0.000000,0.000000,0.000000,0.000000,0,0,0,0,0,0,0,0
 125,1056768,1,20504,20504,rootfiles/rts/Rt_BIL_2_-6_20504.dat,0,0.000000,0.000000,0.000000,0.000000,0,0,0,0,0,0,0,0
 126,23609344,1,20504,20504,rootfiles/rts/Rt_BIS_3_5_20504.dat,109,0.032786,0.199474,0.000000,0.000000,0,0,0,0,0,0,0,0
 127,3686400,1,20504,20504,rootfiles/rts/Rt_BIL_3_-1_20504.dat,192,-0.047572,0.310892,0.000000,0.000000,0,0,0,0,0,0,0,0
 128,1581056,1,20504,20504,rootfiles/rts/Rt_BIL_2_-5_20504.dat,0,0.000000,0.000000,0.000000,0.000000,0,0,0,0,0,0,0,0
 129,24133632,1,20504,20504,rootfiles/rts/Rt_BIS_3_6_20504.dat,0,0.000000,0.000000,0.000000,0.000000,0,0,0,0,0,0,0,0
 130,71835648,1,20504,20504,rootfiles/rts/Rt_BOL_2_1_20504.dat,0,0.000000,0.000000,0.000000,0.000000,0,0,0,0,0,0,0,0
 131,72368128,1,20504,20504,rootfiles/rts/Rt_BOL_3_2_20504.dat,2363,0.210661,0.135793,0.000000,0.000000,0,0,0,0,0,0,0,0
 132,22560768,1,20504,20504,rootfiles/rts/Rt_BIS_3_3_20504.dat,365,0.163822,0.138515,0.000000,0.000000,0,0,0,0,0,0,0,0
 133,53485568,1,20504,20504,rootfiles/rts/Rt_BMS_2_-2_20504.dat,0,0.000000,0.000000,0.000000,0.000000,0,0,0,0,0,0,0,0
 134,55582720,1,20504,20504,rootfiles/rts/Rt_BMS_2_2_20504.dat,69,0.177583,0.251885,0.000000,0.000000,0,0,0,0,0,0,0,0
 135,40902656,1,20504,20504,rootfiles/rts/Rt_BML_2_6_20504.dat,0,0.000000,0.000000,0.000000,0.000000,0,0,0,0,0,0,0,0
 136,56115200,1,20504,20504,rootfiles/rts/Rt_BMS_3_3_20504.dat,0,0.000000,0.000000,0.000000,0.000000,0,0,0,0,0,0,0,0
 137,87048192,1,20504,20504,rootfiles/rts/Rt_BOS_3_-2_20504.dat,0,0.000000,0.000000,0.000000,0.000000,0,0,0,0,0,0,0,0
 138,86515712,1,20504,20504,rootfiles/rts/Rt_BOS_2_-3_20504.dat,0,0.000000,0.000000,0.000000,0.000000,0,0,0,0,0,0,0,0
 139,70795264,1,20504,20504,rootfiles/rts/Rt_BOL_3_-1_20504.dat,220,-0.270447,0.220873,0.000000,0.000000,0,0,0,0,0,0,0,0
 140,19939328,1,20504,20504,rootfiles/rts/Rt_BIS_3_-2_20504.dat,85,0.134306,0.200262,0.000000,0.000000,0,0,0,0,0,0,0,0
 141,52445184,1,20504,20504,rootfiles/rts/Rt_BMS_3_-4_20504.dat,0,0.000000,0.000000,0.000000,0.000000,0,0,0,0,0,0,0,0
 142,87572480,1,20504,20504,rootfiles/rts/Rt_BOS_3_-1_20504.dat,0,0.000000,0.000000,0.000000,0.000000,0,0,0,0,0,0,0,0
 143,69214208,1,20504,20504,rootfiles/rts/Rt_BOL_2_-4_20504.dat,0,0.000000,0.000000,0.000000,0.000000,0,0,0,0,0,0,0,0
 144,56631296,1,20504,20504,rootfiles/rts/Rt_BMS_2_4_20504.dat,0,0.000000,0.000000,0.000000,0.000000,0,0,0,0,0,0,0,0
 1,68698112,2,25928,26462,rootfiles/rts/Rt_BOL_3_-5_25928_26124_26241_26462.dat,1608,-0.236690,0.296836,0.000000,0.000000,0,0,0,0,0,0,0,0
 2,2629632,2,25928,26462,rootfiles/rts/Rt_BIL_2_-3_25928_26124_26241_26462.dat,231,0.009284,0.340433,0.000000,0.000000,0,0,0,0,0,0,0,0
 3,69214208,2,25928,26462,rootfiles/rts/Rt_BOL_2_-4_25928_26124_26241_26462.dat,207,-0.022906,0.323274,0.000000,0.000000,0,0,0,0,0,0,0,0
 4,68165632,2,25928,26462,rootfiles/rts/Rt_BOL_2_-6_25928_26124_26241_26462.dat,122,-0.131338,0.301630,0.000000,0.000000,0,0,0,0,0,0,0,0
 5,52445184,2,25928,26462,rootfiles/rts/Rt_BMS_3_-4_25928_26124_26241_26462.dat,1885,-0.003302,0.301830,0.000000,0.000000,0,0,0,0,0,0,0,0
 6,70262784,2,25928,26462,rootfiles/rts/Rt_BOL_2_-2_25928_26124_26241_26462.dat,245,0.056383,0.335945,0.000000,0.000000,0,0,0,0,0,0,0,0
 7,57688064,2,25928,26462,rootfiles/rts/Rt_BMS_3_6_25928_26124_26241_26462.dat,2305,0.085548,0.242994,0.000000,0.000000,0,0,0,0,0,0,0,0
 8,3153920,2,25928,26462,rootfiles/rts/Rt_BIL_2_-2_25928_26124_26241_26462.dat,246,-0.001053,0.336603,0.000000,0.000000,0,0,0,0,0,0,0,0
 9,52961280,2,25928,26462,rootfiles/rts/Rt_BMS_2_-3_25928_26124_26241_26462.dat,1495,-0.006298,0.311347,0.000000,0.000000,0,0,0,0,0,0,0,0
 10,4734976,2,25928,26462,rootfiles/rts/Rt_BIL_3_1_25928_26124_26241_26462.dat,11581,0.200492,0.137226,0.000000,0.000000,0,0,0,0,0,0,0,0
 11,36192256,2,25928,26462,rootfiles/rts/Rt_BML_3_-3_25928_26124_26241_26462.dat,28465,0.032958,0.323116,0.000000,0.000000,0,0,0,0,0,0,0,0
 12,39337984,2,25928,26462,rootfiles/rts/Rt_BML_3_3_25928_26124_26241_26462.dat,39346,0.096301,0.198860,0.000000,0.000000,0,0,0,0,0,0,0,0
 13,7348224,2,25928,26462,rootfiles/rts/Rt_BIL_2_6_25928_26124_26241_26462.dat,295,-0.001500,0.327871,0.000000,0.000000,0,0,0,0,0,0,0,0
 14,70795264,2,25928,26462,rootfiles/rts/Rt_BOL_3_-1_25928_26124_26241_26462.dat,15263,0.133597,0.302382,0.000000,0.000000,0,0,0,0,0,0,0,0
 15,17833984,2,25928,26462,rootfiles/rts/Rt_BIS_2_-6_25928_26124_26241_26462.dat,2972,0.014558,0.309146,0.000000,0.000000,0,0,0,0,0,0,0,0
 16,89137152,2,25928,26462,rootfiles/rts/Rt_BOS_2_2_25928_26124_26241_26462.dat,0,0.000000,0.000000,0.000000,0.000000,0,0,0,0,0,0,0,0
 17,40378368,2,25928,26462,rootfiles/rts/Rt_BML_2_5_25928_26124_26241_26462.dat,192,0.049078,0.258009,0.000000,0.000000,0,0,0,0,0,0,0,0
 18,17842176,2,25928,26462,rootfiles/rts/Rt_BIS_3_-6_25928_26124_26241_26462.dat,3496,0.074828,0.320851,0.000000,0.000000,0,0,0,0,0,0,0,0
 19,36708352,2,25928,26462,rootfiles/rts/Rt_BML_2_-2_25928_26124_26241_26462.dat,178,0.006848,0.339066,0.000000,0.000000,0,0,0,0,0,0,0,0
 20,7356416,2,25928,26462,rootfiles/rts/Rt_BIL_3_6_25928_26124_26241_26462.dat,15298,0.066091,0.164361,0.000000,0.000000,0,0,0,0,0,0,0,0
 21,57163776,2,25928,26462,rootfiles/rts/Rt_BMS_3_5_25928_26124_26241_26462.dat,1377,0.031196,0.279557,0.000000,0.000000,0,0,0,0,0,0,0,0
 22,39329792,2,25928,26462,rootfiles/rts/Rt_BML_2_3_25928_26124_26241_26462.dat,183,0.072206,0.301395,0.000000,0.000000,0,0,0,0,0,0,0,0
 23,56107008,2,25928,26462,rootfiles/rts/Rt_BMS_2_3_25928_26124_26241_26462.dat,2804,0.068719,0.246398,0.000000,0.000000,0,0,0,0,0,0,0,0
 24,0,2,25928,26462,rootfiles/rts/Rt_BOS_2_6_25928_26124_26241_26462.dat,624,0.059505,0.276815,0.000000,0.000000,0,0,0,0,0,0,0,0
 25,0,2,25928,26462,rootfiles/rts/Rt_BMS_3_-6_25928_26124_26241_26462.dat,110,0.012350,0.335675,0.000000,0.000000,0,0,0,0,0,0,0,0
 26,54009856,2,25928,26462,rootfiles/rts/Rt_BMS_2_-1_25928_26124_26241_26462.dat,962,0.074446,0.305761,0.000000,0.000000,0,0,0,0,0,0,0,0
 27,87048192,2,25928,26462,rootfiles/rts/Rt_BOS_3_-2_25928_26124_26241_26462.dat,3030,0.047220,0.275219,0.000000,0.000000,0,0,0,0,0,0,0,0
 28,135350407,2,25928,26462,rootfiles/rts/Rt_BOL_2_4.dat,1000,0.100000,0.200000,0.000000,0.000000,0,0,0,0,0,0,0,0
 29,18882560,2,25928,26462,rootfiles/rts/Rt_BIS_2_-4_25928_26124_26241_26462.dat,3805,0.124728,0.297410,0.000000,0.000000,0,0,0,0,0,0,0,0
 30,22036480,2,25928,26462,rootfiles/rts/Rt_BIS_3_2_25928_26124_26241_26462.dat,4709,0.147200,0.199794,0.000000,0.000000,0,0,0,0,0,0,0,0
 31,56631296,2,25928,26462,rootfiles/rts/Rt_BMS_2_4_25928_26124_26241_26462.dat,2924,0.070659,0.229582,0.000000,0.000000,0,0,0,0,0,0,0,0
 32,4726784,2,25928,26462,rootfiles/rts/Rt_BIL_2_1_25928_26124_26241_26462.dat,345,0.090180,0.293570,0.000000,0.000000,0,0,0,0,0,0,0,0
 33,19939328,2,25928,26462,rootfiles/rts/Rt_BIS_3_-2_25928_26124_26241_26462.dat,2041,0.050814,0.291708,0.000000,0.000000,0,0,0,0,0,0,0,0
 34,1056768,2,25928,26462,rootfiles/rts/Rt_BIL_2_-6_25928_26124_26241_26462.dat,202,0.088491,0.328933,0.000000,0.000000,0,0,0,0,0,0,0,0
 35,56115200,2,25928,26462,rootfiles/rts/Rt_BMS_3_3_25928_26124_26241_26462.dat,2236,0.082393,0.255527,0.000000,0.000000,0,0,0,0,0,0,0,0
 36,5259264,2,25928,26462,rootfiles/rts/Rt_BIL_3_2_25928_26124_26241_26462.dat,10577,0.109009,0.228031,0.000000,0.000000,0,0,0,0,0,0,0,0
 37,2105344,2,25928,26462,rootfiles/rts/Rt_BIL_2_-4_25928_26124_26241_26462.dat,391,0.030519,0.313006,0.000000,0.000000,0,0,0,0,0,0,0,0
 38,37240832,2,25928,26462,rootfiles/rts/Rt_BML_3_-1_25928_26124_26241_26462.dat,9197,0.092005,0.319140,0.000000,0.000000,0,0,0,0,0,0,0,0
 39,37232640,2,25928,26462,rootfiles/rts/Rt_BML_2_-1_25928_26124_26241_26462.dat,160,0.031267,0.332988,0.000000,0.000000,0,0,0,0,0,0,0,0
 40,89661440,2,25928,26462,rootfiles/rts/Rt_BOS_2_3_25928_26124_26241_26462.dat,3771,0.065134,0.268147,0.000000,0.000000,0,0,0,0,0,0,0,0
 41,0,2,25928,26462,rootfiles/rts/Rt_BOS_2_-1_25928_26124_26241_26462.dat,0,0.000000,0.000000,0.000000,0.000000,0,0,0,0,0,0,0,0
 42,6307840,2,25928,26462,rootfiles/rts/Rt_BIL_3_4_25928_26124_26241_26462.dat,12124,0.098671,0.160313,0.000000,0.000000,0,0,0,0,0,0,0,0
 43,57155584,2,25928,26462,rootfiles/rts/Rt_BMS_2_5_25928_26124_26241_26462.dat,1272,0.081209,0.243625,0.000000,0.000000,0,0,0,0,0,0,0,0
 44,73416704,2,25928,26462,rootfiles/rts/Rt_BOL_3_4_25928_26124_26241_26462.dat,0,0.000000,0.000000,0.000000,0.000000,0,0,0,0,0,0,0,0
 45,22560768,2,25928,26462,rootfiles/rts/Rt_BIS_3_3_25928_26124_26241_26462.dat,7101,0.137442,0.195075,0.000000,0.000000,0,0,0,0,0,0,0,0
 46,52436992,2,25928,26462,rootfiles/rts/Rt_BMS_2_-4_25928_26124_26241_26462.dat,1634,-0.018665,0.300926,0.000000,0.000000,0,0,0,0,0,0,0,0
 47,72892416,2,25928,26462,rootfiles/rts/Rt_BOL_3_3_25928_26124_26241_26462.dat,31994,0.088677,0.190136,0.000000,0.000000,0,0,0,0,0,0,0,0
 48,85999616,2,25928,26462,rootfiles/rts/Rt_BOS_3_-4_25928_26124_26241_26462.dat,1983,-0.214048,0.225921,0.000000,0.000000,0,0,0,0,0,0,0,0
 49,51388416,2,25928,26462,rootfiles/rts/Rt_BMS_2_-6_25928_26124_26241_26462.dat,207,-0.011049,0.330811,0.000000,0.000000,0,0,0,0,0,0,0,0
 50,51912704,2,25928,26462,rootfiles/rts/Rt_BMS_2_-5_25928_26124_26241_26462.dat,737,-0.136482,0.259341,0.000000,0.000000,0,0,0,0,0,0,0,0
 51,90718208,2,25928,26462,rootfiles/rts/Rt_BOS_3_5_25928_26124_26241_26462.dat,3723,0.116799,0.242083,0.000000,0.000000,0,0,0,0,0,0,0,0
 52,73940992,2,25928,26462,rootfiles/rts/Rt_BOL_3_5_25928_26124_26241_26462.dat,28142,0.118422,0.140996,0.000000,0.000000,0,0,0,0,0,0,0,0
 53,2113536,2,25928,26462,rootfiles/rts/Rt_BIL_3_-4_25928_26124_26241_26462.dat,8229,-0.017019,0.303573,0.000000,0.000000,0,0,0,0,0,0,0,0
 54,85467136,2,25928,26462,rootfiles/rts/Rt_BOS_2_-5_25928_26124_26241_26462.dat,507,-0.122059,0.320976,0.000000,0.000000,0,0,0,0,0,0,0,0
 55,87572480,2,25928,26462,rootfiles/rts/Rt_BOS_3_-1_25928_26124_26241_26462.dat,9169,0.104537,0.342614,0.000000,0.000000,0,0,0,0,0,0,0,0
 56,21512192,2,25928,26462,rootfiles/rts/Rt_BIS_3_1_25928_26124_26241_26462.dat,6741,0.229579,0.118478,0.000000,0.000000,0,0,0,0,0,0,0,0
 57,55582720,2,25928,26462,rootfiles/rts/Rt_BMS_2_2_25928_26124_26241_26462.dat,2509,0.094185,0.252754,0.000000,0.000000,0,0,0,0,0,0,0,0
 58,89669632,2,25928,26462,rootfiles/rts/Rt_BOS_3_3_25928_26124_26241_26462.dat,55800,0.016991,0.209086,0.000000,0.000000,0,0,0,0,0,0,0,0
 59,18366464,2,25928,26462,rootfiles/rts/Rt_BIS_3_-5_25928_26124_26241_26462.dat,2931,0.020342,0.299452,0.000000,0.000000,0,0,0,0,0,0,0,0
 60,40910848,2,25928,26462,rootfiles/rts/Rt_BML_3_6_25928_26124_26241_26462.dat,0,0.000000,0.000000,0.000000,0.000000,0,0,0,0,0,0,0,0
 61,35659776,2,25928,26462,rootfiles/rts/Rt_BML_2_-4_25928_26124_26241_26462.dat,119,0.030425,0.318076,0.000000,0.000000,0,0,0,0,0,0,0,0
 62,88612864,2,25928,26462,rootfiles/rts/Rt_BOS_2_1_25928_26124_26241_26462.dat,3151,-0.067035,0.261609,0.000000,0.000000,0,0,0,0,0,0,0,0
 63,53493760,2,25928,26462,rootfiles/rts/Rt_BMS_3_-2_25928_26124_26241_26462.dat,1318,0.020798,0.306239,0.000000,0.000000,0,0,0,0,0,0,0,0
 64,135354391,2,25928,26462,rootfiles/rts/Rt_BIL_2_5.dat,1000,0.100000,0.200000,0.000000,0.000000,0,0,0,0,0,0,0,0
 65,35143680,2,25928,26462,rootfiles/rts/Rt_BML_3_-5_25928_26124_26241_26462.dat,11750,-0.009993,0.309490,0.000000,0.000000,0,0,0,0,0,0,0,0
 66,85991424,2,25928,26462,rootfiles/rts/Rt_BOS_2_-4_25928_26124_26241_26462.dat,1742,-0.260598,0.226559,0.000000,0.000000,0,0,0,0,0,0,0,0
 67,20463616,2,25928,26462,rootfiles/rts/Rt_BIS_3_-1_25928_26124_26241_26462.dat,2088,0.185880,0.301012,0.000000,0.000000,0,0,0,0,0,0,0,0
 68,86523904,2,25928,26462,rootfiles/rts/Rt_BOS_3_-3_25928_26124_26241_26462.dat,3275,-0.049321,0.270436,0.000000,0.000000,0,0,0,0,0,0,0,0
 69,38813696,2,25928,26462,rootfiles/rts/Rt_BML_3_2_25928_26124_26241_26462.dat,32324,0.121200,0.209791,0.000000,0.000000,0,0,0,0,0,0,0,0
 70,3678208,2,25928,26462,rootfiles/rts/Rt_BIL_2_-1_25928_26124_26241_26462.dat,181,0.025552,0.329224,0.000000,0.000000,0,0,0,0,0,0,0,0
 71,19406848,2,25928,26462,rootfiles/rts/Rt_BIS_2_-3_25928_26124_26241_26462.dat,2634,-0.044423,0.268429,0.000000,0.000000,0,0,0,0,0,0,0,0
 72,68689920,2,25928,26462,rootfiles/rts/Rt_BOL_2_-5_25928_26124_26241_26462.dat,201,-0.060240,0.351893,0.000000,0.000000,0,0,0,0,0,0,0,0
 73,55066624,2,25928,26462,rootfiles/rts/Rt_BMS_3_1_25928_26124_26241_26462.dat,2022,0.028743,0.288183,0.000000,0.000000,0,0,0,0,0,0,0,0
 74,22028288,2,25928,26462,rootfiles/rts/Rt_BIS_2_2_25928_26124_26241_26462.dat,7235,0.178535,0.170463,0.000000,0.000000,0,0,0,0,0,0,0,0
 75,0,2,25928,26462,rootfiles/rts/Rt_BIS_2_5_25928_26124_26241_26462.dat,0,0.000000,0.000000,0.000000,0.000000,0,0,0,0,0,0,0,0
 76,68173824,2,25928,26462,rootfiles/rts/Rt_BOL_3_-6_25928_26124_26241_26462.dat,279,-0.049128,0.303274,0.000000,0.000000,0,0,0,0,0,0,0,0
 77,36716544,2,25928,26462,rootfiles/rts/Rt_BML_3_-2_25928_26124_26241_26462.dat,19289,0.054390,0.325723,0.000000,0.000000,0,0,0,0,0,0,0,0
 78,85475328,2,25928,26462,rootfiles/rts/Rt_BOS_3_-5_25928_26124_26241_26462.dat,706,-0.140442,0.325640,0.000000,0.000000,0,0,0,0,0,0,0,0
 79,52969472,2,25928,26462,rootfiles/rts/Rt_BMS_3_-3_25928_26124_26241_26462.dat,2061,0.003461,0.301229,0.000000,0.000000,0,0,0,0,0,0,0,0
 80,56639488,2,25928,26462,rootfiles/rts/Rt_BMS_3_4_25928_26124_26241_26462.dat,2192,0.052081,0.272484,0.000000,0.000000,0,0,0,0,0,0,0,0
 81,73932800,2,25928,26462,rootfiles/rts/Rt_BOL_2_5_25928_26124_26241_26462.dat,284,0.047483,0.267553,0.000000,0.000000,0,0,0,0,0,0,0,0
 82,72359936,2,25928,26462,rootfiles/rts/Rt_BOL_2_2_25928_26124_26241_26462.dat,240,0.036563,0.324327,0.000000,0.000000,0,0,0,0,0,0,0,0
 83,84942848,2,25928,26462,rootfiles/rts/Rt_BOS_2_-6_25928_26124_26241_26462.dat,1186,-0.104785,0.290085,0.000000,0.000000,0,0,0,0,0,0,0,0
 84,1589248,2,25928,26462,rootfiles/rts/Rt_BIL_3_-5_25928_26124_26241_26462.dat,7121,-0.016243,0.310741,0.000000,0.000000,0,0,0,0,0,0,0,0
 85,135356559,2,25928,26462,rootfiles/rts/Rt_BIL_3_5.dat,1000,0.100000,0.200000,0.000000,0.000000,0,0,0,0,0,0,0,0
 86,39854080,2,25928,26462,rootfiles/rts/Rt_BML_2_4_25928_26124_26241_26462.dat,153,0.083142,0.281153,0.000000,0.000000,0,0,0,0,0,0,0,0
 87,84951040,2,25928,26462,rootfiles/rts/Rt_BOS_3_-6_25928_26124_26241_26462.dat,263,0.030978,0.309291,0.000000,0.000000,0,0,0,0,0,0,0,0
 88,35135488,2,25928,26462,rootfiles/rts/Rt_BML_2_-5_25928_26124_26241_26462.dat,116,-0.022630,0.325017,0.000000,0.000000,0,0,0,0,0,0,0,0
 89,23085056,2,25928,26462,rootfiles/rts/Rt_BIS_3_4_25928_26124_26241_26462.dat,7856,0.126369,0.158197,0.000000,0.000000,0,0,0,0,0,0,0,0
 90,69746688,2,25928,26462,rootfiles/rts/Rt_BOL_3_-3_25928_26124_26241_26462.dat,23113,0.038508,0.320821,0.000000,0.000000,0,0,0,0,0,0,0,0
 91,36184064,2,25928,26462,rootfiles/rts/Rt_BML_2_-3_25928_26124_26241_26462.dat,175,0.052054,0.343474,0.000000,0.000000,0,0,0,0,0,0,0,0
 92,54018048,2,25928,26462,rootfiles/rts/Rt_BMS_3_-1_25928_26124_26241_26462.dat,1524,0.177489,0.265840,0.000000,0.000000,0,0,0,0,0,0,0,0
 93,72884224,2,25928,26462,rootfiles/rts/Rt_BOL_2_3_25928_26124_26241_26462.dat,218,0.047151,0.288415,0.000000,0.000000,0,0,0,0,0,0,0,0
 94,38289408,2,25928,26462,rootfiles/rts/Rt_BML_3_1_25928_26124_26241_26462.dat,0,0.000000,0.000000,0.000000,0.000000,0,0,0,0,0,0,0,0
 95,5783552,2,25928,26462,rootfiles/rts/Rt_BIL_3_3_25928_26124_26241_26462.dat,16112,0.133021,0.170216,0.000000,0.000000,0,0,0,0,0,0,0,0
 96,0,2,25928,26462,rootfiles/rts/Rt_BIL_2_3_25928_26124_26241_26462.dat,0,0.000000,0.000000,0.000000,0.000000,0,0,0,0,0,0,0,0
 97,22552576,2,25928,26462,rootfiles/rts/Rt_BIS_2_3_25928_26124_26241_26462.dat,6193,0.116771,0.194382,0.000000,0.000000,0,0,0,0,0,0,0,0
 98,20455424,2,25928,26462,rootfiles/rts/Rt_BIS_2_-1_25928_26124_26241_26462.dat,3055,0.172282,0.308649,0.000000,0.000000,0,0,0,0,0,0,0,0
 99,74465280,2,25928,26462,rootfiles/rts/Rt_BOL_3_6_25928_26124_26241_26462.dat,813,0.055475,0.216971,0.000000,0.000000,0,0,0,0,0,0,0,0
 100,89145344,2,25928,26462,rootfiles/rts/Rt_BOS_3_2_25928_26124_26241_26462.dat,3322,0.025955,0.276480,0.000000,0.000000,0,0,0,0,0,0,0,0
 101,69222400,2,25928,26462,rootfiles/rts/Rt_BOL_3_-4_25928_26124_26241_26462.dat,17014,-0.214788,0.229417,0.000000,0.000000,0,0,0,0,0,0,0,0
 102,38281216,2,25928,26462,rootfiles/rts/Rt_BML_2_1_25928_26124_26241_26462.dat,183,0.048843,0.355872,0.000000,0.000000,0,0,0,0,0,0,0,0
 103,40902656,2,25928,26462,rootfiles/rts/Rt_BML_2_6_25928_26124_26241_26462.dat,200,0.066219,0.313929,0.000000,0.000000,0,0,0,0,0,0,0,0
 104,70787072,2,25928,26462,rootfiles/rts/Rt_BOL_2_-1_25928_26124_26241_26462.dat,187,0.013292,0.340168,0.000000,0.000000,0,0,0,0,0,0,0,0
 105,55590912,2,25928,26462,rootfiles/rts/Rt_BMS_3_2_25928_26124_26241_26462.dat,2216,0.082404,0.266937,0.000000,0.000000,0,0,0,0,0,0,0,0
 106,88621056,2,25928,26462,rootfiles/rts/Rt_BOS_3_1_25928_26124_26241_26462.dat,2685,-0.056775,0.258116,0.000000,0.000000,0,0,0,0,0,0,0,0
 107,6299648,2,25928,26462,rootfiles/rts/Rt_BIL_2_4_25928_26124_26241_26462.dat,523,0.022899,0.283829,0.000000,0.000000,0,0,0,0,0,0,0,0
 108,71835648,2,25928,26462,rootfiles/rts/Rt_BOL_2_1_25928_26124_26241_26462.dat,265,-0.005243,0.328620,0.000000,0.000000,0,0,0,0,0,0,0,0
 109,86515712,2,25928,26462,rootfiles/rts/Rt_BOS_2_-3_25928_26124_26241_26462.dat,2148,-0.063784,0.275850,0.000000,0.000000,0,0,0,0,0,0,0,0
 110,91242496,2,25928,26462,rootfiles/rts/Rt_BOS_3_6_25928_26124_26241_26462.dat,543,0.036741,0.258958,0.000000,0.000000,0,0,0,0,0,0,0,0
 111,90193920,2,25928,26462,rootfiles/rts/Rt_BOS_3_4_25928_26124_26241_26462.dat,3378,0.042894,0.267959,0.000000,0.000000,0,0,0,0,0,0,0,0
 112,72368128,2,25928,26462,rootfiles/rts/Rt_BOL_3_2_25928_26124_26241_26462.dat,52036,0.117611,0.186127,0.000000,0.000000,0,0,0,0,0,0,0,0
 113,2637824,2,25928,26462,rootfiles/rts/Rt_BIL_3_-3_25928_26124_26241_26462.dat,8178,-0.016297,0.305361,0.000000,0.000000,0,0,0,0,0,0,0,0
 114,51920896,2,25928,26462,rootfiles/rts/Rt_BMS_3_-5_25928_26124_26241_26462.dat,795,-0.125617,0.274490,0.000000,0.000000,0,0,0,0,0,0,0,0
 115,40386560,2,25928,26462,rootfiles/rts/Rt_BML_3_5_25928_26124_26241_26462.dat,17481,0.064562,0.185298,0.000000,0.000000,0,0,0,0,0,0,0,0
 116,90710016,2,25928,26462,rootfiles/rts/Rt_BOS_2_5_25928_26124_26241_26462.dat,1506,0.208548,0.234750,0.000000,0.000000,0,0,0,0,0,0,0,0
 117,24125440,2,25928,26462,rootfiles/rts/Rt_BIS_2_6_25928_26124_26241_26462.dat,7818,0.090155,0.179069,0.000000,0.000000,0,0,0,0,0,0,0,0
 118,87040000,2,25928,26462,rootfiles/rts/Rt_BOS_2_-2_25928_26124_26241_26462.dat,3265,-0.004884,0.286174,0.000000,0.000000,0,0,0,0,0,0,0,0
 119,69738496,2,25928,26462,rootfiles/rts/Rt_BOL_2_-3_25928_26124_26241_26462.dat,200,0.010018,0.327267,0.000000,0.000000,0,0,0,0,0,0,0,0
 120,3686400,2,25928,26462,rootfiles/rts/Rt_BIL_3_-1_25928_26124_26241_26462.dat,3972,-0.021451,0.311629,0.000000,0.000000,0,0,0,0,0,0,0,0
 121,53485568,2,25928,26462,rootfiles/rts/Rt_BMS_2_-2_25928_26124_26241_26462.dat,1925,0.015524,0.290830,0.000000,0.000000,0,0,0,0,0,0,0,0
 122,5251072,2,25928,26462,rootfiles/rts/Rt_BIL_2_2_25928_26124_26241_26462.dat,414,0.022544,0.318279,0.000000,0.000000,0,0,0,0,0,0,0,0
 123,19931136,2,25928,26462,rootfiles/rts/Rt_BIS_2_-2_25928_26124_26241_26462.dat,1991,-0.040654,0.320424,0.000000,0.000000,0,0,0,0,0,0,0,0
 124,34619392,2,25928,26462,rootfiles/rts/Rt_BML_3_-6_25928_26124_26241_26462.dat,350,0.012047,0.324517,0.000000,0.000000,0,0,0,0,0,0,0,0
 125,1064960,2,25928,26462,rootfiles/rts/Rt_BIL_3_-6_25928_26124_26241_26462.dat,9184,0.070031,0.284469,0.000000,0.000000,0,0,0,0,0,0,0,0
 126,24133632,2,25928,26462,rootfiles/rts/Rt_BIS_3_6_25928_26124_26241_26462.dat,6797,0.103147,0.170296,0.000000,0.000000,0,0,0,0,0,0,0,0
 127,71843840,2,25928,26462,rootfiles/rts/Rt_BOL_3_1_25928_26124_26241_26462.dat,30747,0.105550,0.232143,0.000000,0.000000,0,0,0,0,0,0,0,0
 128,57679872,2,25928,26462,rootfiles/rts/Rt_BMS_2_6_25928_26124_26241_26462.dat,1918,0.090268,0.234272,0.000000,0.000000,0,0,0,0,0,0,0,0
 129,74457088,2,25928,26462,rootfiles/rts/Rt_BOL_2_6_25928_26124_26241_26462.dat,181,0.080346,0.283459,0.000000,0.000000,0,0,0,0,0,0,0,0
 130,90185728,2,25928,26462,rootfiles/rts/Rt_BOS_2_4_25928_26124_26241_26462.dat,74766,0.177709,0.101242,0.000000,0.000000,0,0,0,0,0,0,0,0
 131,34611200,2,25928,26462,rootfiles/rts/Rt_BML_2_-6_25928_26124_26241_26462.dat,171,-0.039703,0.322791,0.000000,0.000000,0,0,0,0,0,0,0,0
 132,23076864,2,25928,26462,rootfiles/rts/Rt_BIS_2_4_25928_26124_26241_26462.dat,8788,0.149142,0.162017,0.000000,0.000000,0,0,0,0,0,0,0,0
 133,18358272,2,25928,26462,rootfiles/rts/Rt_BIS_2_-5_25928_26124_26241_26462.dat,3276,0.045633,0.335633,0.000000,0.000000,0,0,0,0,0,0,0,0
 134,38805504,2,25928,26462,rootfiles/rts/Rt_BML_2_2_25928_26124_26241_26462.dat,172,0.066817,0.320505,0.000000,0.000000,0,0,0,0,0,0,0,0
 135,0,2,25928,26462,rootfiles/rts/Rt_BIS_2_1_25928_26124_26241_26462.dat,0,0.000000,0.000000,0.000000,0.000000,0,0,0,0,0,0,0,0
 136,3162112,2,25928,26462,rootfiles/rts/Rt_BIL_3_-2_25928_26124_26241_26462.dat,12565,0.050523,0.316009,0.000000,0.000000,0,0,0,0,0,0,0,0
 137,55058432,2,25928,26462,rootfiles/rts/Rt_BMS_2_1_25928_26124_26241_26462.dat,2016,0.052420,0.273116,0.000000,0.000000,0,0,0,0,0,0,0,0
 138,1581056,2,25928,26462,rootfiles/rts/Rt_BIL_2_-5_25928_26124_26241_26462.dat,195,0.081282,0.318854,0.000000,0.000000,0,0,0,0,0,0,0,0
 139,39862272,2,25928,26462,rootfiles/rts/Rt_BML_3_4_25928_26124_26241_26462.dat,0,0.000000,0.000000,0.000000,0.000000,0,0,0,0,0,0,0,0
 140,19415040,2,25928,26462,rootfiles/rts/Rt_BIS_3_-3_25928_26124_26241_26462.dat,2755,0.000953,0.323567,0.000000,0.000000,0,0,0,0,0,0,0,0
 141,70270976,2,25928,26462,rootfiles/rts/Rt_BOL_3_-2_25928_26124_26241_26462.dat,17755,0.090498,0.312946,0.000000,0.000000,0,0,0,0,0,0,0,0
 142,35667968,2,25928,26462,rootfiles/rts/Rt_BML_3_-4_25928_26124_26241_26462.dat,28975,0.019116,0.314489,0.000000,0.000000,0,0,0,0,0,0,0,0
 143,18890752,2,25928,26462,rootfiles/rts/Rt_BIS_3_-4_25928_26124_26241_26462.dat,3143,-0.008665,0.323777,0.000000,0.000000,0,0,0,0,0,0,0,0
 1,70795264,3,28940,28940,rootfiles/rts/Rt_BOL_3_-1_28940.dat,3726,0.110765,0.263820,0.000000,0.000000,0,0,0,0,0,0,0,0
 2,5259264,3,28940,28940,rootfiles/rts/Rt_BIL_3_2_28940.dat,5173,0.145785,0.163217,0.000000,0.000000,0,0,0,0,0,0,0,0
 3,69746688,3,28940,28940,rootfiles/rts/Rt_BOL_3_-3_28940.dat,3116,0.002859,0.315121,0.000000,0.000000,0,0,0,0,0,0,0,0
 4,3686400,3,28940,28940,rootfiles/rts/Rt_BIL_3_-1_28940.dat,1006,0.023515,0.288452,0.000000,0.000000,0,0,0,0,0,0,0,0
 5,84951040,3,28940,28940,rootfiles/rts/Rt_BOS_3_-6_28940.dat,0,0.000000,0.000000,0.000000,0.000000,0,0,0,0,0,0,0,0
 6,73940992,3,28940,28940,rootfiles/rts/Rt_BOL_3_5_28940.dat,26121,0.082619,0.105010,0.000000,0.000000,0,0,0,0,0,0,0,0
 7,0,3,28940,28940,rootfiles/rts/Rt_BOS_2_-1_28940.dat,519,0.029453,0.204126,0.000000,0.000000,0,0,0,0,0,0,0,0
 8,1056768,3,28940,28940,rootfiles/rts/Rt_BIL_2_-6_28940.dat,0,0.000000,0.000000,0.000000,0.000000,0,0,0,0,0,0,0,0
 9,2113536,3,28940,28940,rootfiles/rts/Rt_BIL_3_-4_28940.dat,1772,0.104647,0.279939,0.000000,0.000000,0,0,0,0,0,0,0,0
 10,57679872,3,28940,28940,rootfiles/rts/Rt_BMS_2_6_28940.dat,649,0.078559,0.177563,0.000000,0.000000,0,0,0,0,0,0,0,0
 11,18358272,3,28940,28940,rootfiles/rts/Rt_BIS_2_-5_28940.dat,0,0.000000,0.000000,0.000000,0.000000,0,0,0,0,0,0,0,0
 12,38805504,3,28940,28940,rootfiles/rts/Rt_BML_2_2_28940.dat,0,0.000000,0.000000,0.000000,0.000000,0,0,0,0,0,0,0,0
 13,23076864,3,28940,28940,rootfiles/rts/Rt_BIS_2_4_28940.dat,0,0.000000,0.000000,0.000000,0.000000,0,0,0,0,0,0,0,0
 14,39329792,3,28940,28940,rootfiles/rts/Rt_BML_2_3_28940.dat,0,0.000000,0.000000,0.000000,0.000000,0,0,0,0,0,0,0,0
 15,3162112,3,28940,28940,rootfiles/rts/Rt_BIL_3_-2_28940.dat,1138,0.038241,0.281307,0.000000,0.000000,0,0,0,0,0,0,0,0
 16,87040000,3,28940,28940,rootfiles/rts/Rt_BOS_2_-2_28940.dat,415,-0.071990,0.238561,0.000000,0.000000,0,0,0,0,0,0,0,0
 17,3153920,3,28940,28940,rootfiles/rts/Rt_BIL_2_-2_28940.dat,0,0.000000,0.000000,0.000000,0.000000,0,0,0,0,0,0,0,0
 18,73416704,3,28940,28940,rootfiles/rts/Rt_BOL_3_4_28940.dat,38871,0.062364,0.123066,0.000000,0.000000,0,0,0,0,0,0,0,0
 19,54009856,3,28940,28940,rootfiles/rts/Rt_BMS_2_-1_28940.dat,452,0.025552,0.185579,0.000000,0.000000,0,0,0,0,0,0,0,0
 20,38813696,3,28940,28940,rootfiles/rts/Rt_BML_3_2_28940.dat,10743,0.145949,0.151497,0.000000,0.000000,0,0,0,0,0,0,0,0
 21,89661440,3,28940,28940,rootfiles/rts/Rt_BOS_2_3_28940.dat,887,0.093548,0.207701,0.000000,0.000000,0,0,0,0,0,0,0,0
 22,22560768,3,28940,28940,rootfiles/rts/Rt_BIS_3_3_28940.dat,0,0.000000,0.000000,0.000000,0.000000,0,0,0,0,0,0,0,0
 23,4726784,3,28940,28940,rootfiles/rts/Rt_BIL_2_1_28940.dat,0,0.000000,0.000000,0.000000,0.000000,0,0,0,0,0,0,0,0
 24,6832128,3,28940,28940,rootfiles/rts/Rt_BIL_3_5_28940.dat,8246,0.093813,0.148626,0.000000,0.000000,0,0,0,0,0,0,0,0
 25,89145344,3,28940,28940,rootfiles/rts/Rt_BOS_3_2_28940.dat,0,0.000000,0.000000,0.000000,0.000000,0,0,0,0,0,0,0,0
 26,39854080,3,28940,28940,rootfiles/rts/Rt_BML_2_4_28940.dat,0,0.000000,0.000000,0.000000,0.000000,0,0,0,0,0,0,0,0
 27,1581056,3,28940,28940,rootfiles/rts/Rt_BIL_2_-5_28940.dat,0,0.000000,0.000000,0.000000,0.000000,0,0,0,0,0,0,0,0
 28,5251072,3,28940,28940,rootfiles/rts/Rt_BIL_2_2_28940.dat,0,0.000000,0.000000,0.000000,0.000000,0,0,0,0,0,0,0,0
 29,52445184,3,28940,28940,rootfiles/rts/Rt_BMS_3_-4_28940.dat,193,0.030189,0.259516,0.000000,0.000000,0,0,0,0,0,0,0,0
 30,68165632,3,28940,28940,rootfiles/rts/Rt_BOL_2_-6_28940.dat,0,0.000000,0.000000,0.000000,0.000000,0,0,0,0,0,0,0,0
 31,85475328,3,28940,28940,rootfiles/rts/Rt_BOS_3_-5_28940.dat,0,0.000000,0.000000,0.000000,0.000000,0,0,0,0,0,0,0,0
 32,53485568,3,28940,28940,rootfiles/rts/Rt_BMS_2_-2_28940.dat,372,-0.041107,0.251013,0.000000,0.000000,0,0,0,0,0,0,0,0
 33,18882560,3,28940,28940,rootfiles/rts/Rt_BIS_2_-4_28940.dat,0,0.000000,0.000000,0.000000,0.000000,0,0,0,0,0,0,0,0
 34,17842176,3,28940,28940,rootfiles/rts/Rt_BIS_3_-6_28940.dat,0,0.000000,0.000000,0.000000,0.000000,0,0,0,0,0,0,0,0
 35,85999616,3,28940,28940,rootfiles/rts/Rt_BOS_3_-4_28940.dat,0,0.000000,0.000000,0.000000,0.000000,0,0,0,0,0,0,0,0
 36,72892416,3,28940,28940,rootfiles/rts/Rt_BOL_3_3_28940.dat,25225,0.097027,0.129544,0.000000,0.000000,0,0,0,0,0,0,0,0
 37,0,3,28940,28940,rootfiles/rts/Rt_BIS_2_1_28940.dat,0,0.000000,0.000000,0.000000,0.000000,0,0,0,0,0,0,0,0
 38,72884224,3,28940,28940,rootfiles/rts/Rt_BOL_2_3_28940.dat,238,0.093540,0.236935,0.000000,0.000000,0,0,0,0,0,0,0,0
 39,69214208,3,28940,28940,rootfiles/rts/Rt_BOL_2_-4_28940.dat,0,0.000000,0.000000,0.000000,0.000000,0,0,0,0,0,0,0,0
 40,18890752,3,28940,28940,rootfiles/rts/Rt_BIS_3_-4_28940.dat,0,0.000000,0.000000,0.000000,0.000000,0,0,0,0,0,0,0,0
 41,24133632,3,28940,28940,rootfiles/rts/Rt_BIS_3_6_28940.dat,0,0.000000,0.000000,0.000000,0.000000,0,0,0,0,0,0,0,0
 42,89669632,3,28940,28940,rootfiles/rts/Rt_BOS_3_3_28940.dat,0,0.000000,0.000000,0.000000,0.000000,0,0,0,0,0,0,0,0
 43,19939328,3,28940,28940,rootfiles/rts/Rt_BIS_3_-2_28940.dat,0,0.000000,0.000000,0.000000,0.000000,0,0,0,0,0,0,0,0
 44,39862272,3,28940,28940,rootfiles/rts/Rt_BML_3_4_28940.dat,16922,0.081170,0.135408,0.000000,0.000000,0,0,0,0,0,0,0,0
 45,36184064,3,28940,28940,rootfiles/rts/Rt_BML_2_-3_28940.dat,0,0.000000,0.000000,0.000000,0.000000,0,0,0,0,0,0,0,0
 46,86523904,3,28940,28940,rootfiles/rts/Rt_BOS_3_-3_28940.dat,0,0.000000,0.000000,0.000000,0.000000,0,0,0,0,0,0,0,0
 47,70262784,3,28940,28940,rootfiles/rts/Rt_BOL_2_-2_28940.dat,0,0.000000,0.000000,0.000000,0.000000,0,0,0,0,0,0,0,0
 48,70270976,3,28940,28940,rootfiles/rts/Rt_BOL_3_-2_28940.dat,3700,0.011159,0.304616,0.000000,0.000000,0,0,0,0,0,0,0,0
 49,57163776,3,28940,28940,rootfiles/rts/Rt_BMS_3_5_28940.dat,498,0.054593,0.207116,0.000000,0.000000,0,0,0,0,0,0,0,0
 50,85467136,3,28940,28940,rootfiles/rts/Rt_BOS_2_-5_28940.dat,234,-0.128910,0.264132,0.000000,0.000000,0,0,0,0,0,0,0,0
 51,22028288,3,28940,28940,rootfiles/rts/Rt_BIS_2_2_28940.dat,0,0.000000,0.000000,0.000000,0.000000,0,0,0,0,0,0,0,0
 52,55066624,3,28940,28940,rootfiles/rts/Rt_BMS_3_1_28940.dat,366,0.093480,0.247562,0.000000,0.000000,0,0,0,0,0,0,0,0
 53,55582720,3,28940,28940,rootfiles/rts/Rt_BMS_2_2_28940.dat,579,0.136759,0.215365,0.000000,0.000000,0,0,0,0,0,0,0,0
 54,90718208,3,28940,28940,rootfiles/rts/Rt_BOS_3_5_28940.dat,0,0.000000,0.000000,0.000000,0.000000,0,0,0,0,0,0,0,0
 55,36708352,3,28940,28940,rootfiles/rts/Rt_BML_2_-2_28940.dat,0,0.000000,0.000000,0.000000,0.000000,0,0,0,0,0,0,0,0
 56,40378368,3,28940,28940,rootfiles/rts/Rt_BML_2_5_28940.dat,0,0.000000,0.000000,0.000000,0.000000,0,0,0,0,0,0,0,0
 57,89137152,3,28940,28940,rootfiles/rts/Rt_BOS_2_2_28940.dat,755,0.099890,0.214646,0.000000,0.000000,0,0,0,0,0,0,0,0
 58,74465280,3,28940,28940,rootfiles/rts/Rt_BOL_3_6_28940.dat,512,0.019127,0.203315,0.000000,0.000000,0,0,0,0,0,0,0,0
 59,35659776,3,28940,28940,rootfiles/rts/Rt_BML_2_-4_28940.dat,0,0.000000,0.000000,0.000000,0.000000,0,0,0,0,0,0,0,0
 60,2629632,3,28940,28940,rootfiles/rts/Rt_BIL_2_-3_28940.dat,0,0.000000,0.000000,0.000000,0.000000,0,0,0,0,0,0,0,0
 61,69738496,3,28940,28940,rootfiles/rts/Rt_BOL_2_-3_28940.dat,0,0.000000,0.000000,0.000000,0.000000,0,0,0,0,0,0,0,0
 62,7348224,3,28940,28940,rootfiles/rts/Rt_BIL_2_6_28940.dat,0,0.000000,0.000000,0.000000,0.000000,0,0,0,0,0,0,0,0
 63,40910848,3,28940,28940,rootfiles/rts/Rt_BML_3_6_28940.dat,41025,0.055353,0.116418,0.000000,0.000000,0,0,0,0,0,0,0,0
 64,24125440,3,28940,28940,rootfiles/rts/Rt_BIS_2_6_28940.dat,0,0.000000,0.000000,0.000000,0.000000,0,0,0,0,0,0,0,0
 65,90185728,3,28940,28940,rootfiles/rts/Rt_BOS_2_4_28940.dat,756,0.060807,0.183124,0.000000,0.000000,0,0,0,0,0,0,0,0
 66,18366464,3,28940,28940,rootfiles/rts/Rt_BIS_3_-5_28940.dat,0,0.000000,0.000000,0.000000,0.000000,0,0,0,0,0,0,0,0
 67,21512192,3,28940,28940,rootfiles/rts/Rt_BIS_3_1_28940.dat,0,0.000000,0.000000,0.000000,0.000000,0,0,0,0,0,0,0,0
 68,54018048,3,28940,28940,rootfiles/rts/Rt_BMS_3_-1_28940.dat,669,0.129417,0.247063,0.000000,0.000000,0,0,0,0,0,0,0,0
 69,34611200,3,28940,28940,rootfiles/rts/Rt_BML_2_-6_28940.dat,0,0.000000,0.000000,0.000000,0.000000,0,0,0,0,0,0,0,0
 70,90710016,3,28940,28940,rootfiles/rts/Rt_BOS_2_5_28940.dat,1657,0.039839,0.241598,0.000000,0.000000,0,0,0,0,0,0,0,0
 71,39337984,3,28940,28940,rootfiles/rts/Rt_BML_3_3_28940.dat,31315,0.105337,0.134748,0.000000,0.000000,0,0,0,0,0,0,0,0
 72,4734976,3,28940,28940,rootfiles/rts/Rt_BIL_3_1_28940.dat,5237,0.195731,0.107946,0.000000,0.000000,0,0,0,0,0,0,0,0
 73,40386560,3,28940,28940,rootfiles/rts/Rt_BML_3_5_28940.dat,17842,0.074393,0.128672,0.000000,0.000000,0,0,0,0,0,0,0,0
 74,0,3,28940,28940,rootfiles/rts/Rt_BIL_2_3_28940.dat,0,0.000000,0.000000,0.000000,0.000000,0,0,0,0,0,0,0,0
 75,55058432,3,28940,28940,rootfiles/rts/Rt_BMS_2_1_28940.dat,547,0.101962,0.233894,0.000000,0.000000,0,0,0,0,0,0,0,0
 76,84942848,3,28940,28940,rootfiles/rts/Rt_BOS_2_-6_28940.dat,0,0.000000,0.000000,0.000000,0.000000,0,0,0,0,0,0,0,0
 77,71843840,3,28940,28940,rootfiles/rts/Rt_BOL_3_1_28940.dat,12290,0.165289,0.152750,0.000000,0.000000,0,0,0,0,0,0,0,0
 78,23609344,3,28940,28940,rootfiles/rts/Rt_BIS_3_5_28940.dat,0,0.000000,0.000000,0.000000,0.000000,0,0,0,0,0,0,0,0
 79,34619392,3,28940,28940,rootfiles/rts/Rt_BML_3_-6_28940.dat,8307,-0.093480,0.238253,0.000000,0.000000,0,0,0,0,0,0,0,0
 80,5783552,3,28940,28940,rootfiles/rts/Rt_BIL_3_3_28940.dat,4621,0.164401,0.164847,0.000000,0.000000,0,0,0,0,0,0,0,0
 81,36192256,3,28940,28940,rootfiles/rts/Rt_BML_3_-3_28940.dat,3939,0.057295,0.307353,0.000000,0.000000,0,0,0,0,0,0,0,0
 82,0,3,28940,28940,rootfiles/rts/Rt_BIL_2_5_28940.dat,0,0.000000,0.000000,0.000000,0.000000,0,0,0,0,0,0,0,0
 83,88621056,3,28940,28940,rootfiles/rts/Rt_BOS_3_1_28940.dat,0,0.000000,0.000000,0.000000,0.000000,0,0,0,0,0,0,0,0
 84,87048192,3,28940,28940,rootfiles/rts/Rt_BOS_3_-2_28940.dat,0,0.000000,0.000000,0.000000,0.000000,0,0,0,0,0,0,0,0
 85,56639488,3,28940,28940,rootfiles/rts/Rt_BMS_3_4_28940.dat,790,0.081083,0.210633,0.000000,0.000000,0,0,0,0,0,0,0,0
 86,20455424,3,28940,28940,rootfiles/rts/Rt_BIS_2_-1_28940.dat,0,0.000000,0.000000,0.000000,0.000000,0,0,0,0,0,0,0,0
 87,22036480,3,28940,28940,rootfiles/rts/Rt_BIS_3_2_28940.dat,0,0.000000,0.000000,0.000000,0.000000,0,0,0,0,0,0,0,0
 88,52436992,3,28940,28940,rootfiles/rts/Rt_BMS_2_-4_28940.dat,268,0.029515,0.283335,0.000000,0.000000,0,0,0,0,0,0,0,0
 89,87572480,3,28940,28940,rootfiles/rts/Rt_BOS_3_-1_28940.dat,0,0.000000,0.000000,0.000000,0.000000,0,0,0,0,0,0,0,0
 90,51920896,3,28940,28940,rootfiles/rts/Rt_BMS_3_-5_28940.dat,216,-0.015024,0.275560,0.000000,0.000000,0,0,0,0,0,0,0,0
 91,90193920,3,28940,28940,rootfiles/rts/Rt_BOS_3_4_28940.dat,0,0.000000,0.000000,0.000000,0.000000,0,0,0,0,0,0,0,0
 92,74457088,3,28940,28940,rootfiles/rts/Rt_BOL_2_6_28940.dat,127,-0.012042,0.272040,0.000000,0.000000,0,0,0,0,0,0,0,0
 93,52961280,3,28940,28940,rootfiles/rts/Rt_BMS_2_-3_28940.dat,213,-0.028956,0.267928,0.000000,0.000000,0,0,0,0,0,0,0,0
 94,6307840,3,28940,28940,rootfiles/rts/Rt_BIL_3_4_28940.dat,7227,0.113361,0.122153,0.000000,0.000000,0,0,0,0,0,0,0,0
 95,0,3,28940,28940,rootfiles/rts/Rt_BMS_3_-6_28940.dat,242,-0.034659,0.302555,0.000000,0.000000,0,0,0,0,0,0,0,0
 96,3678208,3,28940,28940,rootfiles/rts/Rt_BIL_2_-1_28940.dat,0,0.000000,0.000000,0.000000,0.000000,0,0,0,0,0,0,0,0
 97,70787072,3,28940,28940,rootfiles/rts/Rt_BOL_2_-1_28940.dat,0,0.000000,0.000000,0.000000,0.000000,0,0,0,0,0,0,0,0
 98,88612864,3,28940,28940,rootfiles/rts/Rt_BOS_2_1_28940.dat,527,0.060463,0.234167,0.000000,0.000000,0,0,0,0,0,0,0,0
 99,52969472,3,28940,28940,rootfiles/rts/Rt_BMS_3_-3_28940.dat,295,0.037743,0.273807,0.000000,0.000000,0,0,0,0,0,0,0,0
 100,1064960,3,28940,28940,rootfiles/rts/Rt_BIL_3_-6_28940.dat,1907,-0.103457,0.294165,0.000000,0.000000,0,0,0,0,0,0,0,0
 101,86515712,3,28940,28940,rootfiles/rts/Rt_BOS_2_-3_28940.dat,0,0.000000,0.000000,0.000000,0.000000,0,0,0,0,0,0,0,0
 102,51912704,3,28940,28940,rootfiles/rts/Rt_BMS_2_-5_28940.dat,222,-0.077127,0.256249,0.000000,0.000000,0,0,0,0,0,0,0,0
 103,73408512,3,28940,28940,rootfiles/rts/Rt_BOL_2_4_28940.dat,311,0.083046,0.229976,0.000000,0.000000,0,0,0,0,0,0,0,0
 104,38289408,3,28940,28940,rootfiles/rts/Rt_BML_3_1_28940.dat,12264,0.165940,0.175393,0.000000,0.000000,0,0,0,0,0,0,0,0
 105,57688064,3,28940,28940,rootfiles/rts/Rt_BMS_3_6_28940.dat,786,0.077818,0.179260,0.000000,0.000000,0,0,0,0,0,0,0,0
 106,35143680,3,28940,28940,rootfiles/rts/Rt_BML_3_-5_28940.dat,4382,-0.038095,0.291936,0.000000,0.000000,0,0,0,0,0,0,0,0
 107,35135488,3,28940,28940,rootfiles/rts/Rt_BML_2_-5_28940.dat,0,0.000000,0.000000,0.000000,0.000000,0,0,0,0,0,0,0,0
 108,37240832,3,28940,28940,rootfiles/rts/Rt_BML_3_-1_28940.dat,2481,0.103515,0.257921,0.000000,0.000000,0,0,0,0,0,0,0,0
 109,19406848,3,28940,28940,rootfiles/rts/Rt_BIS_2_-3_28940.dat,0,0.000000,0.000000,0.000000,0.000000,0,0,0,0,0,0,0,0
 110,0,3,28940,28940,rootfiles/rts/Rt_BIS_2_5_28940.dat,0,0.000000,0.000000,0.000000,0.000000,0,0,0,0,0,0,0,0
 111,57155584,3,28940,28940,rootfiles/rts/Rt_BMS_2_5_28940.dat,496,0.083241,0.195460,0.000000,0.000000,0,0,0,0,0,0,0,0
 112,6299648,3,28940,28940,rootfiles/rts/Rt_BIL_2_4_28940.dat,0,0.000000,0.000000,0.000000,0.000000,0,0,0,0,0,0,0,0
 113,55590912,3,28940,28940,rootfiles/rts/Rt_BMS_3_2_28940.dat,328,0.122640,0.215399,0.000000,0.000000,0,0,0,0,0,0,0,0
 114,56631296,3,28940,28940,rootfiles/rts/Rt_BMS_2_4_28940.dat,477,0.105994,0.212558,0.000000,0.000000,0,0,0,0,0,0,0,0
 115,73932800,3,28940,28940,rootfiles/rts/Rt_BOL_2_5_28940.dat,307,0.082414,0.215228,0.000000,0.000000,0,0,0,0,0,0,0,0
 116,72368128,3,28940,28940,rootfiles/rts/Rt_BOL_3_2_28940.dat,24938,0.105183,0.143219,0.000000,0.000000,0,0,0,0,0,0,0,0
 117,1589248,3,28940,28940,rootfiles/rts/Rt_BIL_3_-5_28940.dat,1130,0.159277,0.259719,0.000000,0.000000,0,0,0,0,0,0,0,0
 118,7356416,3,28940,28940,rootfiles/rts/Rt_BIL_3_6_28940.dat,9510,0.084359,0.138516,0.000000,0.000000,0,0,0,0,0,0,0,0
 119,68173824,3,28940,28940,rootfiles/rts/Rt_BOL_3_-6_28940.dat,307,-0.104200,0.225572,0.000000,0.000000,0,0,0,0,0,0,0,0
 120,36716544,3,28940,28940,rootfiles/rts/Rt_BML_3_-2_28940.dat,4219,0.069325,0.289731,0.000000,0.000000,0,0,0,0,0,0,0,0
 121,85991424,3,28940,28940,rootfiles/rts/Rt_BOS_2_-4_28940.dat,319,-0.045862,0.243784,0.000000,0.000000,0,0,0,0,0,0,0,0
 122,2637824,3,28940,28940,rootfiles/rts/Rt_BIL_3_-3_28940.dat,1917,0.052521,0.276508,0.000000,0.000000,0,0,0,0,0,0,0,0
 123,71835648,3,28940,28940,rootfiles/rts/Rt_BOL_2_1_28940.dat,186,0.114911,0.258996,0.000000,0.000000,0,0,0,0,0,0,0,0
 124,0,3,28940,28940,rootfiles/rts/Rt_BOS_2_6_28940.dat,274,0.048694,0.210463,0.000000,0.000000,0,0,0,0,0,0,0,0
 125,91242496,3,28940,28940,rootfiles/rts/Rt_BOS_3_6_28940.dat,0,0.000000,0.000000,0.000000,0.000000,0,0,0,0,0,0,0,0
 126,68689920,3,28940,28940,rootfiles/rts/Rt_BOL_2_-5_28940.dat,0,0.000000,0.000000,0.000000,0.000000,0,0,0,0,0,0,0,0
 127,35667968,3,28940,28940,rootfiles/rts/Rt_BML_3_-4_28940.dat,2334,0.014829,0.301649,0.000000,0.000000,0,0,0,0,0,0,0,0
 128,72359936,3,28940,28940,rootfiles/rts/Rt_BOL_2_2_28940.dat,220,0.138537,0.256717,0.000000,0.000000,0,0,0,0,0,0,0,0
 129,38281216,3,28940,28940,rootfiles/rts/Rt_BML_2_1_28940.dat,0,0.000000,0.000000,0.000000,0.000000,0,0,0,0,0,0,0,0
 130,22552576,3,28940,28940,rootfiles/rts/Rt_BIS_2_3_28940.dat,0,0.000000,0.000000,0.000000,0.000000,0,0,0,0,0,0,0,0
 131,69222400,3,28940,28940,rootfiles/rts/Rt_BOL_3_-4_28940.dat,5852,-0.033197,0.275804,0.000000,0.000000,0,0,0,0,0,0,0,0
 132,56107008,3,28940,28940,rootfiles/rts/Rt_BMS_2_3_28940.dat,773,0.112242,0.209552,0.000000,0.000000,0,0,0,0,0,0,0,0
 133,17833984,3,28940,28940,rootfiles/rts/Rt_BIS_2_-6_28940.dat,0,0.000000,0.000000,0.000000,0.000000,0,0,0,0,0,0,0,0
 134,19931136,3,28940,28940,rootfiles/rts/Rt_BIS_2_-2_28940.dat,0,0.000000,0.000000,0.000000,0.000000,0,0,0,0,0,0,0,0
 135,56115200,3,28940,28940,rootfiles/rts/Rt_BMS_3_3_28940.dat,672,0.088281,0.213047,0.000000,0.000000,0,0,0,0,0,0,0,0
 136,51388416,3,28940,28940,rootfiles/rts/Rt_BMS_2_-6_28940.dat,287,-0.019467,0.269192,0.000000,0.000000,0,0,0,0,0,0,0,0
 137,2105344,3,28940,28940,rootfiles/rts/Rt_BIL_2_-4_28940.dat,0,0.000000,0.000000,0.000000,0.000000,0,0,0,0,0,0,0,0
 138,23085056,3,28940,28940,rootfiles/rts/Rt_BIS_3_4_28940.dat,0,0.000000,0.000000,0.000000,0.000000,0,0,0,0,0,0,0,0
 139,19415040,3,28940,28940,rootfiles/rts/Rt_BIS_3_-3_28940.dat,0,0.000000,0.000000,0.000000,0.000000,0,0,0,0,0,0,0,0
 140,68698112,3,28940,28940,rootfiles/rts/Rt_BOL_3_-5_28940.dat,6479,-0.210386,0.118957,0.000000,0.000000,0,0,0,0,0,0,0,0
 141,20463616,3,28940,28940,rootfiles/rts/Rt_BIS_3_-1_28940.dat,0,0.000000,0.000000,0.000000,0.000000,0,0,0,0,0,0,0,0
 142,53493760,3,28940,28940,rootfiles/rts/Rt_BMS_3_-2_28940.dat,262,-0.023570,0.284014,0.000000,0.000000,0,0,0,0,0,0,0,0
 143,37232640,3,28940,28940,rootfiles/rts/Rt_BML_2_-1_28940.dat,0,0.000000,0.000000,0.000000,0.000000,0,0,0,0,0,0,0,0
 144,40902656,3,28940,28940,rootfiles/rts/Rt_BML_2_6_28940.dat,0,0.000000,0.000000,0.000000,0.000000,0,0,0,0,0,0,0,0
 1,73408512,4,33359,33366,rootfiles/rts/Rt_BOL_2_4_33359_33363_33366.dat,0,0.000000,0.000000,0.000000,0.000000,0,0,0,0,0,0,0,0
 2,85467136,4,33359,33366,rootfiles/rts/Rt_BOS_2_-5_33359_33363_33366.dat,0,0.000000,0.000000,0.000000,0.000000,0,0,0,0,0,0,0,0
 3,5251072,4,33359,33366,rootfiles/rts/Rt_BIL_2_2_33359_33363_33366.dat,0,0.000000,0.000000,0.000000,0.000000,0,0,0,0,0,0,0,0
 4,51388416,4,33359,33366,rootfiles/rts/Rt_BMS_2_-6_33359_33363_33366.dat,124,-0.086931,0.270794,0.000000,0.000000,0,0,0,0,0,0,0,0
 5,37232640,4,33359,33366,rootfiles/rts/Rt_BML_2_-1_33359_33363_33366.dat,0,0.000000,0.000000,0.000000,0.000000,0,0,0,0,0,0,0,0
 6,38805504,4,33359,33366,rootfiles/rts/Rt_BML_2_2_33359_33363_33366.dat,0,0.000000,0.000000,0.000000,0.000000,0,0,0,0,0,0,0,0
 7,55058432,4,33359,33366,rootfiles/rts/Rt_BMS_2_1_33359_33363_33366.dat,152,0.141975,0.226125,0.000000,0.000000,0,0,0,0,0,0,0,0
 8,87040000,4,33359,33366,rootfiles/rts/Rt_BOS_2_-2_33359_33363_33366.dat,136,0.013947,0.312225,0.000000,0.000000,0,0,0,0,0,0,0,0
 9,56631296,4,33359,33366,rootfiles/rts/Rt_BMS_2_4_33359_33363_33366.dat,230,0.093090,0.168647,0.000000,0.000000,0,0,0,0,0,0,0,0
 10,2105344,4,33359,33366,rootfiles/rts/Rt_BIL_2_-4_33359_33363_33366.dat,0,0.000000,0.000000,0.000000,0.000000,0,0,0,0,0,0,0,0
 11,57679872,4,33359,33366,rootfiles/rts/Rt_BMS_2_6_33359_33363_33366.dat,233,0.066305,0.162270,0.000000,0.000000,0,0,0,0,0,0,0,0
 12,0,4,33359,33366,rootfiles/rts/Rt_BOS_2_6_33359_33363_33366.dat,0,0.000000,0.000000,0.000000,0.000000,0,0,0,0,0,0,0,0
 13,56107008,4,33359,33366,rootfiles/rts/Rt_BMS_2_3_33359_33363_33366.dat,0,0.000000,0.000000,0.000000,0.000000,0,0,0,0,0,0,0,0
 14,0,4,33359,33366,rootfiles/rts/Rt_BIL_2_3_33359_33363_33366.dat,0,0.000000,0.000000,0.000000,0.000000,0,0,0,0,0,0,0,0
 15,36184064,4,33359,33366,rootfiles/rts/Rt_BML_2_-3_33359_33363_33366.dat,0,0.000000,0.000000,0.000000,0.000000,0,0,0,0,0,0,0,0
 16,51912704,4,33359,33366,rootfiles/rts/Rt_BMS_2_-5_33359_33363_33366.dat,0,0.000000,0.000000,0.000000,0.000000,0,0,0,0,0,0,0,0
 17,71835648,4,33359,33366,rootfiles/rts/Rt_BOL_2_1_33359_33363_33366.dat,0,0.000000,0.000000,0.000000,0.000000,0,0,0,0,0,0,0,0
 18,69214208,4,33359,33366,rootfiles/rts/Rt_BOL_2_-4_33359_33363_33366.dat,0,0.000000,0.000000,0.000000,0.000000,0,0,0,0,0,0,0,0
 19,0,4,33359,33366,rootfiles/rts/Rt_BIS_2_5_33359_33363_33366.dat,0,0.000000,0.000000,0.000000,0.000000,0,0,0,0,0,0,0,0
 20,72359936,4,33359,33366,rootfiles/rts/Rt_BOL_2_2_33359_33363_33366.dat,0,0.000000,0.000000,0.000000,0.000000,0,0,0,0,0,0,0,0
 21,34611200,4,33359,33366,rootfiles/rts/Rt_BML_2_-6_33359_33363_33366.dat,0,0.000000,0.000000,0.000000,0.000000,0,0,0,0,0,0,0,0
 22,90185728,4,33359,33366,rootfiles/rts/Rt_BOS_2_4_33359_33363_33366.dat,288,0.070757,0.150213,0.000000,0.000000,0,0,0,0,0,0,0,0
 23,72884224,4,33359,33366,rootfiles/rts/Rt_BOL_2_3_33359_33363_33366.dat,0,0.000000,0.000000,0.000000,0.000000,0,0,0,0,0,0,0,0
 24,3678208,4,33359,33366,rootfiles/rts/Rt_BIL_2_-1_33359_33363_33366.dat,0,0.000000,0.000000,0.000000,0.000000,0,0,0,0,0,0,0,0
 25,0,4,33359,33366,rootfiles/rts/Rt_BIL_2_5_33359_33363_33366.dat,0,0.000000,0.000000,0.000000,0.000000,0,0,0,0,0,0,0,0
 26,86515712,4,33359,33366,rootfiles/rts/Rt_BOS_2_-3_33359_33363_33366.dat,0,0.000000,0.000000,0.000000,0.000000,0,0,0,0,0,0,0,0
 27,40902656,4,33359,33366,rootfiles/rts/Rt_BML_2_6_33359_33363_33366.dat,0,0.000000,0.000000,0.000000,0.000000,0,0,0,0,0,0,0,0
 28,89137152,4,33359,33366,rootfiles/rts/Rt_BOS_2_2_33359_33363_33366.dat,254,0.093450,0.249534,0.000000,0.000000,0,0,0,0,0,0,0,0
 29,0,4,33359,33366,rootfiles/rts/Rt_BOS_2_-1_33359_33363_33366.dat,463,0.093290,0.267139,0.000000,0.000000,0,0,0,0,0,0,0,0
 30,40378368,4,33359,33366,rootfiles/rts/Rt_BML_2_5_33359_33363_33366.dat,0,0.000000,0.000000,0.000000,0.000000,0,0,0,0,0,0,0,0
 31,23076864,4,33359,33366,rootfiles/rts/Rt_BIS_2_4_33359_33363_33366.dat,0,0.000000,0.000000,0.000000,0.000000,0,0,0,0,0,0,0,0
 32,22552576,4,33359,33366,rootfiles/rts/Rt_BIS_2_3_33359_33363_33366.dat,0,0.000000,0.000000,0.000000,0.000000,0,0,0,0,0,0,0,0
 33,1056768,4,33359,33366,rootfiles/rts/Rt_BIL_2_-6_33359_33363_33366.dat,0,0.000000,0.000000,0.000000,0.000000,0,0,0,0,0,0,0,0
 34,52436992,4,33359,33366,rootfiles/rts/Rt_BMS_2_-4_33359_33363_33366.dat,0,0.000000,0.000000,0.000000,0.000000,0,0,0,0,0,0,0,0
 35,35135488,4,33359,33366,rootfiles/rts/Rt_BML_2_-5_33359_33363_33366.dat,0,0.000000,0.000000,0.000000,0.000000,0,0,0,0,0,0,0,0
 36,36708352,4,33359,33366,rootfiles/rts/Rt_BML_2_-2_33359_33363_33366.dat,0,0.000000,0.000000,0.000000,0.000000,0,0,0,0,0,0,0,0
 37,85991424,4,33359,33366,rootfiles/rts/Rt_BOS_2_-4_33359_33363_33366.dat,0,0.000000,0.000000,0.000000,0.000000,0,0,0,0,0,0,0,0
 38,69738496,4,33359,33366,rootfiles/rts/Rt_BOL_2_-3_33359_33363_33366.dat,0,0.000000,0.000000,0.000000,0.000000,0,0,0,0,0,0,0,0
 39,0,4,33359,33366,rootfiles/rts/Rt_BIS_2_1_33359_33363_33366.dat,0,0.000000,0.000000,0.000000,0.000000,0,0,0,0,0,0,0,0
 40,3153920,4,33359,33366,rootfiles/rts/Rt_BIL_2_-2_33359_33363_33366.dat,0,0.000000,0.000000,0.000000,0.000000,0,0,0,0,0,0,0,0
 41,89661440,4,33359,33366,rootfiles/rts/Rt_BOS_2_3_33359_33363_33366.dat,332,0.136677,0.146911,0.000000,0.000000,0,0,0,0,0,0,0,0
 42,18882560,4,33359,33366,rootfiles/rts/Rt_BIS_2_-4_33359_33363_33366.dat,0,0.000000,0.000000,0.000000,0.000000,0,0,0,0,0,0,0,0
 43,6299648,4,33359,33366,rootfiles/rts/Rt_BIL_2_4_33359_33363_33366.dat,126,0.164249,0.151067,0.000000,0.000000,0,0,0,0,0,0,0,0
 44,22028288,4,33359,33366,rootfiles/rts/Rt_BIS_2_2_33359_33363_33366.dat,0,0.000000,0.000000,0.000000,0.000000,0,0,0,0,0,0,0,0
 45,55582720,4,33359,33366,rootfiles/rts/Rt_BMS_2_2_33359_33363_33366.dat,115,0.110935,0.217238,0.000000,0.000000,0,0,0,0,0,0,0,0
 46,38281216,4,33359,33366,rootfiles/rts/Rt_BML_2_1_33359_33363_33366.dat,0,0.000000,0.000000,0.000000,0.000000,0,0,0,0,0,0,0,0
 47,7348224,4,33359,33366,rootfiles/rts/Rt_BIL_2_6_33359_33363_33366.dat,0,0.000000,0.000000,0.000000,0.000000,0,0,0,0,0,0,0,0
 48,20455424,4,33359,33366,rootfiles/rts/Rt_BIS_2_-1_33359_33363_33366.dat,0,0.000000,0.000000,0.000000,0.000000,0,0,0,0,0,0,0,0
 49,70787072,4,33359,33366,rootfiles/rts/Rt_BOL_2_-1_33359_33363_33366.dat,0,0.000000,0.000000,0.000000,0.000000,0,0,0,0,0,0,0,0
 50,17833984,4,33359,33366,rootfiles/rts/Rt_BIS_2_-6_33359_33363_33366.dat,0,0.000000,0.000000,0.000000,0.000000,0,0,0,0,0,0,0,0
 51,24125440,4,33359,33366,rootfiles/rts/Rt_BIS_2_6_33359_33363_33366.dat,0,0.000000,0.000000,0.000000,0.000000,0,0,0,0,0,0,0,0
 52,74457088,4,33359,33366,rootfiles/rts/Rt_BOL_2_6_33359_33363_33366.dat,0,0.000000,0.000000,0.000000,0.000000,0,0,0,0,0,0,0,0
 53,90710016,4,33359,33366,rootfiles/rts/Rt_BOS_2_5_33359_33363_33366.dat,162,0.118286,0.181076,0.000000,0.000000,0,0,0,0,0,0,0,0
 54,39854080,4,33359,33366,rootfiles/rts/Rt_BML_2_4_33359_33363_33366.dat,0,0.000000,0.000000,0.000000,0.000000,0,0,0,0,0,0,0,0
 55,1581056,4,33359,33366,rootfiles/rts/Rt_BIL_2_-5_33359_33363_33366.dat,0,0.000000,0.000000,0.000000,0.000000,0,0,0,0,0,0,0,0
 56,18358272,4,33359,33366,rootfiles/rts/Rt_BIS_2_-5_33359_33363_33366.dat,0,0.000000,0.000000,0.000000,0.000000,0,0,0,0,0,0,0,0
 57,70262784,4,33359,33366,rootfiles/rts/Rt_BOL_2_-2_33359_33363_33366.dat,0,0.000000,0.000000,0.000000,0.000000,0,0,0,0,0,0,0,0
 58,84942848,4,33359,33366,rootfiles/rts/Rt_BOS_2_-6_33359_33363_33366.dat,0,0.000000,0.000000,0.000000,0.000000,0,0,0,0,0,0,0,0
 59,88612864,4,33359,33366,rootfiles/rts/Rt_BOS_2_1_33359_33363_33366.dat,144,0.176125,0.238078,0.000000,0.000000,0,0,0,0,0,0,0,0
 60,39329792,4,33359,33366,rootfiles/rts/Rt_BML_2_3_33359_33363_33366.dat,0,0.000000,0.000000,0.000000,0.000000,0,0,0,0,0,0,0,0
 61,54009856,4,33359,33366,rootfiles/rts/Rt_BMS_2_-1_33359_33363_33366.dat,182,0.133306,0.293077,0.000000,0.000000,0,0,0,0,0,0,0,0
 62,68165632,4,33359,33366,rootfiles/rts/Rt_BOL_2_-6_33359_33363_33366.dat,0,0.000000,0.000000,0.000000,0.000000,0,0,0,0,0,0,0,0
 63,19406848,4,33359,33366,rootfiles/rts/Rt_BIS_2_-3_33359_33363_33366.dat,0,0.000000,0.000000,0.000000,0.000000,0,0,0,0,0,0,0,0
 64,2629632,4,33359,33366,rootfiles/rts/Rt_BIL_2_-3_33359_33363_33366.dat,0,0.000000,0.000000,0.000000,0.000000,0,0,0,0,0,0,0,0
 65,53485568,4,33359,33366,rootfiles/rts/Rt_BMS_2_-2_33359_33363_33366.dat,141,0.053831,0.318017,0.000000,0.000000,0,0,0,0,0,0,0,0
 66,35659776,4,33359,33366,rootfiles/rts/Rt_BML_2_-4_33359_33363_33366.dat,0,0.000000,0.000000,0.000000,0.000000,0,0,0,0,0,0,0,0
 67,52961280,4,33359,33366,rootfiles/rts/Rt_BMS_2_-3_33359_33363_33366.dat,117,0.030263,0.345306,0.000000,0.000000,0,0,0,0,0,0,0,0
 68,73932800,4,33359,33366,rootfiles/rts/Rt_BOL_2_5_33359_33363_33366.dat,0,0.000000,0.000000,0.000000,0.000000,0,0,0,0,0,0,0,0
 69,19931136,4,33359,33366,rootfiles/rts/Rt_BIS_2_-2_33359_33363_33366.dat,0,0.000000,0.000000,0.000000,0.000000,0,0,0,0,0,0,0,0
 70,68689920,4,33359,33366,rootfiles/rts/Rt_BOL_2_-5_33359_33363_33366.dat,0,0.000000,0.000000,0.000000,0.000000,0,0,0,0,0,0,0,0
 71,57155584,4,33359,33366,rootfiles/rts/Rt_BMS_2_5_33359_33363_33366.dat,192,0.073959,0.163960,0.000000,0.000000,0,0,0,0,0,0,0,0
 72,4726784,4,33359,33366,rootfiles/rts/Rt_BIL_2_1_33359_33363_33366.dat,0,0.000000,0.000000,0.000000,0.000000,0,0,0,0,0,0,0,0
 1,40378368,5,33601,33623,rootfiles/rts/Rt_BML_2_5_33601_33620_33623.dat,0,0.000000,0.000000,0.000000,0.000000,0,0,0,0,0,0,0,0
 2,24125440,5,33601,33623,rootfiles/rts/Rt_BIS_2_6_33601_33620_33623.dat,2337,0.120772,0.093828,0.000000,0.000000,0,0,0,0,0,0,0,0
 3,19406848,5,33601,33623,rootfiles/rts/Rt_BIS_2_-3_33601_33620_33623.dat,0,0.000000,0.000000,0.000000,0.000000,0,0,0,0,0,0,0,0
 4,135510663,5,33601,33623,rootfiles/rts/Rt_BOS_2_6_33601_33620_33623.dat,1000,0.100000,0.200000,0.000000,0.000000,0,0,0,0,0,0,0,0
 5,69214208,5,33601,33623,rootfiles/rts/Rt_BOL_2_-4_33601_33620_33623.dat,0,0.000000,0.000000,0.000000,0.000000,0,0,0,0,0,0,0,0
 6,23076864,5,33601,33623,rootfiles/rts/Rt_BIS_2_4_33601_33620_33623.dat,2928,0.122499,0.072763,0.000000,0.000000,0,0,0,0,0,0,0,0
 7,55582720,5,33601,33623,rootfiles/rts/Rt_BMS_2_2_33601_33620_33623.dat,0,0.000000,0.000000,0.000000,0.000000,0,0,0,0,0,0,0,0
 8,18358272,5,33601,33623,rootfiles/rts/Rt_BIS_2_-5_33601_33620_33623.dat,278,-0.303517,0.074925,0.000000,0.000000,0,0,0,0,0,0,0,0
 9,74457088,5,33601,33623,rootfiles/rts/Rt_BOL_2_6_33601_33620_33623.dat,0,0.000000,0.000000,0.000000,0.000000,0,0,0,0,0,0,0,0
 10,38805504,5,33601,33623,rootfiles/rts/Rt_BML_2_2_33601_33620_33623.dat,0,0.000000,0.000000,0.000000,0.000000,0,0,0,0,0,0,0,0
 11,57155584,5,33601,33623,rootfiles/rts/Rt_BMS_2_5_33601_33620_33623.dat,939,0.139352,0.126370,0.000000,0.000000,0,0,0,0,0,0,0,0
 12,87040000,5,33601,33623,rootfiles/rts/Rt_BOS_2_-2_33601_33620_33623.dat,387,0.064012,0.308609,0.000000,0.000000,0,0,0,0,0,0,0,0
 13,2629632,5,33601,33623,rootfiles/rts/Rt_BIL_2_-3_33601_33620_33623.dat,0,0.000000,0.000000,0.000000,0.000000,0,0,0,0,0,0,0,0
 14,52436992,5,33601,33623,rootfiles/rts/Rt_BMS_2_-4_33601_33620_33623.dat,2328,0.028035,0.285143,0.000000,0.000000,0,0,0,0,0,0,0,0
 15,86515712,5,33601,33623,rootfiles/rts/Rt_BOS_2_-3_33601_33620_33623.dat,369,0.065024,0.233098,0.000000,0.000000,0,0,0,0,0,0,0,0
 16,0,5,33601,33623,rootfiles/rts/Rt_BIS_2_1_33601_33620_33623.dat,0,0.000000,0.000000,0.000000,0.000000,0,0,0,0,0,0,0,0
 17,7348224,5,33601,33623,rootfiles/rts/Rt_BIL_2_6_33601_33620_33623.dat,0,0.000000,0.000000,0.000000,0.000000,0,0,0,0,0,0,0,0
 18,69738496,5,33601,33623,rootfiles/rts/Rt_BOL_2_-3_33601_33620_33623.dat,0,0.000000,0.000000,0.000000,0.000000,0,0,0,0,0,0,0,0
 19,90710016,5,33601,33623,rootfiles/rts/Rt_BOS_2_5_33601_33620_33623.dat,1164,0.076816,0.181733,0.000000,0.000000,0,0,0,0,0,0,0,0
 20,40902656,5,33601,33623,rootfiles/rts/Rt_BML_2_6_33601_33620_33623.dat,0,0.000000,0.000000,0.000000,0.000000,0,0,0,0,0,0,0,0
 21,19931136,5,33601,33623,rootfiles/rts/Rt_BIS_2_-2_33601_33620_33623.dat,990,0.222824,0.178623,0.000000,0.000000,0,0,0,0,0,0,0,0
 22,5251072,5,33601,33623,rootfiles/rts/Rt_BIL_2_2_33601_33620_33623.dat,0,0.000000,0.000000,0.000000,0.000000,0,0,0,0,0,0,0,0
 23,4726784,5,33601,33623,rootfiles/rts/Rt_BIL_2_1_33601_33620_33623.dat,0,0.000000,0.000000,0.000000,0.000000,0,0,0,0,0,0,0,0
 24,22552576,5,33601,33623,rootfiles/rts/Rt_BIS_2_3_33601_33620_33623.dat,0,0.000000,0.000000,0.000000,0.000000,0,0,0,0,0,0,0,0
 25,18882560,5,33601,33623,rootfiles/rts/Rt_BIS_2_-4_33601_33620_33623.dat,1152,0.283715,0.146114,0.000000,0.000000,0,0,0,0,0,0,0,0
 26,17833984,5,33601,33623,rootfiles/rts/Rt_BIS_2_-6_33601_33620_33623.dat,303,-0.149933,0.127336,0.000000,0.000000,0,0,0,0,0,0,0,0
 27,34611200,5,33601,33623,rootfiles/rts/Rt_BML_2_-6_33601_33620_33623.dat,0,0.000000,0.000000,0.000000,0.000000,0,0,0,0,0,0,0,0
 28,37232640,5,33601,33623,rootfiles/rts/Rt_BML_2_-1_33601_33620_33623.dat,0,0.000000,0.000000,0.000000,0.000000,0,0,0,0,0,0,0,0
 29,0,5,33601,33623,rootfiles/rts/Rt_BIS_2_5_33601_33620_33623.dat,0,0.000000,0.000000,0.000000,0.000000,0,0,0,0,0,0,0,0
 30,36184064,5,33601,33623,rootfiles/rts/Rt_BML_2_-3_33601_33620_33623.dat,0,0.000000,0.000000,0.000000,0.000000,0,0,0,0,0,0,0,0
 31,70787072,5,33601,33623,rootfiles/rts/Rt_BOL_2_-1_33601_33620_33623.dat,0,0.000000,0.000000,0.000000,0.000000,0,0,0,0,0,0,0,0
 32,85991424,5,33601,33623,rootfiles/rts/Rt_BOS_2_-4_33601_33620_33623.dat,0,0.000000,0.000000,0.000000,0.000000,0,0,0,0,0,0,0,0
 33,1581056,5,33601,33623,rootfiles/rts/Rt_BIL_2_-5_33601_33620_33623.dat,0,0.000000,0.000000,0.000000,0.000000,0,0,0,0,0,0,0,0
 34,52961280,5,33601,33623,rootfiles/rts/Rt_BMS_2_-3_33601_33620_33623.dat,2303,0.107341,0.298955,0.000000,0.000000,0,0,0,0,0,0,0,0
 35,51388416,5,33601,33623,rootfiles/rts/Rt_BMS_2_-6_33601_33620_33623.dat,4926,-0.153148,0.230327,0.000000,0.000000,0,0,0,0,0,0,0,0
 36,73408512,5,33601,33623,rootfiles/rts/Rt_BOL_2_4_33601_33620_33623.dat,0,0.000000,0.000000,0.000000,0.000000,0,0,0,0,0,0,0,0
 37,54009856,5,33601,33623,rootfiles/rts/Rt_BMS_2_-1_33601_33620_33623.dat,4119,0.143800,0.330343,0.000000,0.000000,0,0,0,0,0,0,0,0
 38,20455424,5,33601,33623,rootfiles/rts/Rt_BIS_2_-1_33601_33620_33623.dat,0,0.000000,0.000000,0.000000,0.000000,0,0,0,0,0,0,0,0
 39,56631296,5,33601,33623,rootfiles/rts/Rt_BMS_2_4_33601_33620_33623.dat,4908,0.060182,0.149555,0.000000,0.000000,0,0,0,0,0,0,0,0
 40,85467136,5,33601,33623,rootfiles/rts/Rt_BOS_2_-5_33601_33620_33623.dat,624,-0.188312,0.159451,0.000000,0.000000,0,0,0,0,0,0,0,0
 41,56107008,5,33601,33623,rootfiles/rts/Rt_BMS_2_3_33601_33620_33623.dat,7083,-0.107589,0.264935,0.000000,0.000000,0,0,0,0,0,0,0,0
 42,68689920,5,33601,33623,rootfiles/rts/Rt_BOL_2_-5_33601_33620_33623.dat,0,0.000000,0.000000,0.000000,0.000000,0,0,0,0,0,0,0,0
 43,35135488,5,33601,33623,rootfiles/rts/Rt_BML_2_-5_33601_33620_33623.dat,0,0.000000,0.000000,0.000000,0.000000,0,0,0,0,0,0,0,0
 44,68165632,5,33601,33623,rootfiles/rts/Rt_BOL_2_-6_33601_33620_33623.dat,0,0.000000,0.000000,0.000000,0.000000,0,0,0,0,0,0,0,0
 45,0,5,33601,33623,rootfiles/rts/Rt_BIL_2_3_33601_33620_33623.dat,0,0.000000,0.000000,0.000000,0.000000,0,0,0,0,0,0,0,0
 46,2105344,5,33601,33623,rootfiles/rts/Rt_BIL_2_-4_33601_33620_33623.dat,0,0.000000,0.000000,0.000000,0.000000,0,0,0,0,0,0,0,0
 47,6299648,5,33601,33623,rootfiles/rts/Rt_BIL_2_4_33601_33620_33623.dat,0,0.000000,0.000000,0.000000,0.000000,0,0,0,0,0,0,0,0
 48,36708352,5,33601,33623,rootfiles/rts/Rt_BML_2_-2_33601_33620_33623.dat,0,0.000000,0.000000,0.000000,0.000000,0,0,0,0,0,0,0,0
 49,38281216,5,33601,33623,rootfiles/rts/Rt_BML_2_1_33601_33620_33623.dat,0,0.000000,0.000000,0.000000,0.000000,0,0,0,0,0,0,0,0
 50,39854080,5,33601,33623,rootfiles/rts/Rt_BML_2_4_33601_33620_33623.dat,0,0.000000,0.000000,0.000000,0.000000,0,0,0,0,0,0,0,0
 51,71835648,5,33601,33623,rootfiles/rts/Rt_BOL_2_1_33601_33620_33623.dat,0,0.000000,0.000000,0.000000,0.000000,0,0,0,0,0,0,0,0
 52,35659776,5,33601,33623,rootfiles/rts/Rt_BML_2_-4_33601_33620_33623.dat,0,0.000000,0.000000,0.000000,0.000000,0,0,0,0,0,0,0,0
 53,88612864,5,33601,33623,rootfiles/rts/Rt_BOS_2_1_33601_33620_33623.dat,315,-0.075381,0.300606,0.000000,0.000000,0,0,0,0,0,0,0,0
 54,39329792,5,33601,33623,rootfiles/rts/Rt_BML_2_3_33601_33620_33623.dat,0,0.000000,0.000000,0.000000,0.000000,0,0,0,0,0,0,0,0
 55,0,5,33601,33623,rootfiles/rts/Rt_BIL_2_5_33601_33620_33623.dat,0,0.000000,0.000000,0.000000,0.000000,0,0,0,0,0,0,0,0
 56,70262784,5,33601,33623,rootfiles/rts/Rt_BOL_2_-2_33601_33620_33623.dat,0,0.000000,0.000000,0.000000,0.000000,0,0,0,0,0,0,0,0
 57,72359936,5,33601,33623,rootfiles/rts/Rt_BOL_2_2_33601_33620_33623.dat,0,0.000000,0.000000,0.000000,0.000000,0,0,0,0,0,0,0,0
 58,72884224,5,33601,33623,rootfiles/rts/Rt_BOL_2_3_33601_33620_33623.dat,0,0.000000,0.000000,0.000000,0.000000,0,0,0,0,0,0,0,0
 59,90185728,5,33601,33623,rootfiles/rts/Rt_BOS_2_4_33601_33620_33623.dat,0,0.000000,0.000000,0.000000,0.000000,0,0,0,0,0,0,0,0
 60,57679872,5,33601,33623,rootfiles/rts/Rt_BMS_2_6_33601_33620_33623.dat,6237,0.085498,0.178888,0.000000,0.000000,0,0,0,0,0,0,0,0
 61,84942848,5,33601,33623,rootfiles/rts/Rt_BOS_2_-6_33601_33620_33623.dat,0,0.000000,0.000000,0.000000,0.000000,0,0,0,0,0,0,0,0
 62,22028288,5,33601,33623,rootfiles/rts/Rt_BIS_2_2_33601_33620_33623.dat,174,-0.262920,0.094407,0.000000,0.000000,0,0,0,0,0,0,0,0
 63,89137152,5,33601,33623,rootfiles/rts/Rt_BOS_2_2_33601_33620_33623.dat,1893,-0.286525,0.192514,0.000000,0.000000,0,0,0,0,0,0,0,0
 64,51912704,5,33601,33623,rootfiles/rts/Rt_BMS_2_-5_33601_33620_33623.dat,447,-0.236351,0.144824,0.000000,0.000000,0,0,0,0,0,0,0,0
 65,0,5,33601,33623,rootfiles/rts/Rt_BOS_2_-1_33601_33620_33623.dat,757,0.088030,0.313914,0.000000,0.000000,0,0,0,0,0,0,0,0
 66,89661440,5,33601,33623,rootfiles/rts/Rt_BOS_2_3_33601_33620_33623.dat,273,-0.035762,0.217919,0.000000,0.000000,0,0,0,0,0,0,0,0
 67,53485568,5,33601,33623,rootfiles/rts/Rt_BMS_2_-2_33601_33620_33623.dat,5057,0.184059,0.282839,0.000000,0.000000,0,0,0,0,0,0,0,0
 68,73932800,5,33601,33623,rootfiles/rts/Rt_BOL_2_5_33601_33620_33623.dat,0,0.000000,0.000000,0.000000,0.000000,0,0,0,0,0,0,0,0
 69,1056768,5,33601,33623,rootfiles/rts/Rt_BIL_2_-6_33601_33620_33623.dat,0,0.000000,0.000000,0.000000,0.000000,0,0,0,0,0,0,0,0
 70,3678208,5,33601,33623,rootfiles/rts/Rt_BIL_2_-1_33601_33620_33623.dat,0,0.000000,0.000000,0.000000,0.000000,0,0,0,0,0,0,0,0
 71,55058432,5,33601,33623,rootfiles/rts/Rt_BMS_2_1_33601_33620_33623.dat,5484,-0.015071,0.344410,0.000000,0.000000,0,0,0,0,0,0,0,0
 72,3153920,5,33601,33623,rootfiles/rts/Rt_BIL_2_-2_33601_33620_33623.dat,0,0.000000,0.000000,0.000000,0.000000,0,0,0,0,0,0,0,0
 1,37232640,6,34268,34268,rootfiles/rts/Rt_BML_2_-1_34268.dat,6159,0.136954,0.318935,0.000000,0.000000,0,0,0,0,0,0,0,0
 2,19406848,6,34268,34268,rootfiles/rts/Rt_BIS_2_-3_34268.dat,0,0.000000,0.000000,0.000000,0.000000,0,0,0,0,0,0,0,0
 3,0,6,34268,34268,rootfiles/rts/Rt_BIS_2_5_34268.dat,1125,0.131280,0.143822,0.000000,0.000000,0,0,0,0,0,0,0,0
 4,84942848,6,34268,34268,rootfiles/rts/Rt_BOS_2_-6_34268.dat,1507,-0.017696,0.345233,0.000000,0.000000,0,0,0,0,0,0,0,0
 5,22552576,6,34268,34268,rootfiles/rts/Rt_BIS_2_3_34268.dat,659,-0.012204,0.360228,0.000000,0.000000,0,0,0,0,0,0,0,0
 6,22028288,6,34268,34268,rootfiles/rts/Rt_BIS_2_2_34268.dat,786,-0.109414,0.204691,0.000000,0.000000,0,0,0,0,0,0,0,0
 7,36184064,6,34268,34268,rootfiles/rts/Rt_BML_2_-3_34268.dat,5626,0.038382,0.323229,0.000000,0.000000,0,0,0,0,0,0,0,0
 8,71835648,6,34268,34268,rootfiles/rts/Rt_BOL_2_1_34268.dat,8092,0.074470,0.309386,0.000000,0.000000,0,0,0,0,0,0,0,0
 9,51912704,6,34268,34268,rootfiles/rts/Rt_BMS_2_-5_34268.dat,4776,-0.019459,0.308624,0.000000,0.000000,0,0,0,0,0,0,0,0
 10,18358272,6,34268,34268,rootfiles/rts/Rt_BIS_2_-5_34268.dat,0,0.000000,0.000000,0.000000,0.000000,0,0,0,0,0,0,0,0
 11,1056768,6,34268,34268,rootfiles/rts/Rt_BIL_2_-6_34268.dat,0,0.000000,0.000000,0.000000,0.000000,0,0,0,0,0,0,0,0
 12,89137152,6,34268,34268,rootfiles/rts/Rt_BOS_2_2_34268.dat,80335,0.081367,0.268459,0.000000,0.000000,0,0,0,0,0,0,0,0
 13,70262784,6,34268,34268,rootfiles/rts/Rt_BOL_2_-2_34268.dat,3397,0.013954,0.289847,0.000000,0.000000,0,0,0,0,0,0,0,0
 14,57679872,6,34268,34268,rootfiles/rts/Rt_BMS_2_6_34268.dat,10170,0.054247,0.180338,0.000000,0.000000,0,0,0,0,0,0,0,0
 15,56631296,6,34268,34268,rootfiles/rts/Rt_BMS_2_4_34268.dat,13892,0.089143,0.179231,0.000000,0.000000,0,0,0,0,0,0,0,0
 16,24125440,6,34268,34268,rootfiles/rts/Rt_BIS_2_6_34268.dat,1969,0.053826,0.169378,0.000000,0.000000,0,0,0,0,0,0,0,0
 17,86515712,6,34268,34268,rootfiles/rts/Rt_BOS_2_-3_34268.dat,7244,-0.009066,0.331537,0.000000,0.000000,0,0,0,0,0,0,0,0
 18,56107008,6,34268,34268,rootfiles/rts/Rt_BMS_2_3_34268.dat,19684,0.105557,0.182146,0.000000,0.000000,0,0,0,0,0,0,0,0
 19,2105344,6,34268,34268,rootfiles/rts/Rt_BIL_2_-4_34268.dat,0,0.000000,0.000000,0.000000,0.000000,0,0,0,0,0,0,0,0
 20,57155584,6,34268,34268,rootfiles/rts/Rt_BMS_2_5_34268.dat,8956,0.067194,0.174980,0.000000,0.000000,0,0,0,0,0,0,0,0
 21,52436992,6,34268,34268,rootfiles/rts/Rt_BMS_2_-4_34268.dat,3711,0.022108,0.334400,0.000000,0.000000,0,0,0,0,0,0,0,0
 22,4726784,6,34268,34268,rootfiles/rts/Rt_BIL_2_1_34268.dat,3391,0.187888,0.229494,0.000000,0.000000,0,0,0,0,0,0,0,0
 23,2629632,6,34268,34268,rootfiles/rts/Rt_BIL_2_-3_34268.dat,0,0.000000,0.000000,0.000000,0.000000,0,0,0,0,0,0,0,0
 24,1581056,6,34268,34268,rootfiles/rts/Rt_BIL_2_-5_34268.dat,0,0.000000,0.000000,0.000000,0.000000,0,0,0,0,0,0,0,0
 25,88612864,6,34268,34268,rootfiles/rts/Rt_BOS_2_1_34268.dat,18380,0.123168,0.237046,0.000000,0.000000,0,0,0,0,0,0,0,0
 26,0,6,34268,34268,rootfiles/rts/Rt_BIS_2_1_34268.dat,0,0.000000,0.000000,0.000000,0.000000,0,0,0,0,0,0,0,0
 27,40902656,6,34268,34268,rootfiles/rts/Rt_BML_2_6_34268.dat,19404,0.063596,0.191354,0.000000,0.000000,0,0,0,0,0,0,0,0
 28,52961280,6,34268,34268,rootfiles/rts/Rt_BMS_2_-3_34268.dat,5772,0.053587,0.329551,0.000000,0.000000,0,0,0,0,0,0,0,0
 29,20455424,6,34268,34268,rootfiles/rts/Rt_BIS_2_-1_34268.dat,0,0.000000,0.000000,0.000000,0.000000,0,0,0,0,0,0,0,0
 30,90710016,6,34268,34268,rootfiles/rts/Rt_BOS_2_5_34268.dat,33967,0.069773,0.204852,0.000000,0.000000,0,0,0,0,0,0,0,0
 31,0,6,34268,34268,rootfiles/rts/Rt_BIL_2_3_34268.dat,3216,0.130595,0.271099,0.000000,0.000000,0,0,0,0,0,0,0,0
 32,90185728,6,34268,34268,rootfiles/rts/Rt_BOS_2_4_34268.dat,36976,0.112972,0.160815,0.000000,0.000000,0,0,0,0,0,0,0,0
 33,69214208,6,34268,34268,rootfiles/rts/Rt_BOL_2_-4_34268.dat,2682,0.050569,0.291889,0.000000,0.000000,0,0,0,0,0,0,0,0
 34,89661440,6,34268,34268,rootfiles/rts/Rt_BOS_2_3_34268.dat,24552,0.113344,0.174196,0.000000,0.000000,0,0,0,0,0,0,0,0
 35,85991424,6,34268,34268,rootfiles/rts/Rt_BOS_2_-4_34268.dat,7617,-0.014109,0.294879,0.000000,0.000000,0,0,0,0,0,0,0,0
 36,23076864,6,34268,34268,rootfiles/rts/Rt_BIS_2_4_34268.dat,1834,0.167458,0.156851,0.000000,0.000000,0,0,0,0,0,0,0,0
 37,85467136,6,34268,34268,rootfiles/rts/Rt_BOS_2_-5_34268.dat,7820,-0.218907,0.200214,0.000000,0.000000,0,0,0,0,0,0,0,0
 38,72884224,6,34268,34268,rootfiles/rts/Rt_BOL_2_3_34268.dat,9982,0.156656,0.211847,0.000000,0.000000,0,0,0,0,0,0,0,0
 39,0,6,34268,34268,rootfiles/rts/Rt_BOS_2_6_34268.dat,570,0.057667,0.275144,0.000000,0.000000,0,0,0,0,0,0,0,0
 40,0,6,34268,34268,rootfiles/rts/Rt_BOS_2_-1_34268.dat,54890,0.039869,0.279197,0.000000,0.000000,0,0,0,0,0,0,0,0
 41,39854080,6,34268,34268,rootfiles/rts/Rt_BML_2_4_34268.dat,7536,0.109515,0.198260,0.000000,0.000000,0,0,0,0,0,0,0,0
 42,73932800,6,34268,34268,rootfiles/rts/Rt_BOL_2_5_34268.dat,7817,0.144333,0.157362,0.000000,0.000000,0,0,0,0,0,0,0,0
 43,68689920,6,34268,34268,rootfiles/rts/Rt_BOL_2_-5_34268.dat,1431,-0.217504,0.220750,0.000000,0.000000,0,0,0,0,0,0,0,0
 44,35135488,6,34268,34268,rootfiles/rts/Rt_BML_2_-5_34268.dat,4582,-0.062669,0.321698,0.000000,0.000000,0,0,0,0,0,0,0,0
 45,3153920,6,34268,34268,rootfiles/rts/Rt_BIL_2_-2_34268.dat,0,0.000000,0.000000,0.000000,0.000000,0,0,0,0,0,0,0,0
 46,17833984,6,34268,34268,rootfiles/rts/Rt_BIS_2_-6_34268.dat,0,0.000000,0.000000,0.000000,0.000000,0,0,0,0,0,0,0,0
 47,54009856,6,34268,34268,rootfiles/rts/Rt_BMS_2_-1_34268.dat,9327,0.119377,0.294241,0.000000,0.000000,0,0,0,0,0,0,0,0
 48,6299648,6,34268,34268,rootfiles/rts/Rt_BIL_2_4_34268.dat,6798,0.180245,0.167043,0.000000,0.000000,0,0,0,0,0,0,0,0
 49,72359936,6,34268,34268,rootfiles/rts/Rt_BOL_2_2_34268.dat,12754,0.155749,0.239336,0.000000,0.000000,0,0,0,0,0,0,0,0
 50,7348224,6,34268,34268,rootfiles/rts/Rt_BIL_2_6_34268.dat,4987,0.066103,0.216716,0.000000,0.000000,0,0,0,0,0,0,0,0
 51,19931136,6,34268,34268,rootfiles/rts/Rt_BIS_2_-2_34268.dat,0,0.000000,0.000000,0.000000,0.000000,0,0,0,0,0,0,0,0
 52,36708352,6,34268,34268,rootfiles/rts/Rt_BML_2_-2_34268.dat,6411,0.101579,0.326120,0.000000,0.000000,0,0,0,0,0,0,0,0
 53,38805504,6,34268,34268,rootfiles/rts/Rt_BML_2_2_34268.dat,17123,0.170918,0.236141,0.000000,0.000000,0,0,0,0,0,0,0,0
 54,55582720,6,34268,34268,rootfiles/rts/Rt_BMS_2_2_34268.dat,9274,0.133825,0.209580,0.000000,0.000000,0,0,0,0,0,0,0,0
 55,70787072,6,34268,34268,rootfiles/rts/Rt_BOL_2_-1_34268.dat,2533,0.067008,0.307509,0.000000,0.000000,0,0,0,0,0,0,0,0
 56,5251072,6,34268,34268,rootfiles/rts/Rt_BIL_2_2_34268.dat,3672,0.190752,0.218128,0.000000,0.000000,0,0,0,0,0,0,0,0
 57,0,6,34268,34268,rootfiles/rts/Rt_BIL_2_5_34268.dat,0,0.000000,0.000000,0.000000,0.000000,0,0,0,0,0,0,0,0
 58,53485568,6,34268,34268,rootfiles/rts/Rt_BMS_2_-2_34268.dat,8533,0.082325,0.313608,0.000000,0.000000,0,0,0,0,0,0,0,0
 59,3678208,6,34268,34268,rootfiles/rts/Rt_BIL_2_-1_34268.dat,0,0.000000,0.000000,0.000000,0.000000,0,0,0,0,0,0,0,0
 60,51388416,6,34268,34268,rootfiles/rts/Rt_BMS_2_-6_34268.dat,7959,-0.052992,0.290411,0.000000,0.000000,0,0,0,0,0,0,0,0
 61,39329792,6,34268,34268,rootfiles/rts/Rt_BML_2_3_34268.dat,16950,0.149961,0.211359,0.000000,0.000000,0,0,0,0,0,0,0,0
 62,40378368,6,34268,34268,rootfiles/rts/Rt_BML_2_5_34268.dat,13886,0.094636,0.192622,0.000000,0.000000,0,0,0,0,0,0,0,0
 63,18882560,6,34268,34268,rootfiles/rts/Rt_BIS_2_-4_34268.dat,0,0.000000,0.000000,0.000000,0.000000,0,0,0,0,0,0,0,0
 64,68165632,6,34268,34268,rootfiles/rts/Rt_BOL_2_-6_34268.dat,137,-0.074799,0.315306,0.000000,0.000000,0,0,0,0,0,0,0,0
 65,69738496,6,34268,34268,rootfiles/rts/Rt_BOL_2_-3_34268.dat,1928,-0.098716,0.303964,0.000000,0.000000,0,0,0,0,0,0,0,0
 66,74457088,6,34268,34268,rootfiles/rts/Rt_BOL_2_6_34268.dat,0,0.000000,0.000000,0.000000,0.000000,0,0,0,0,0,0,0,0
 67,73408512,6,34268,34268,rootfiles/rts/Rt_BOL_2_4_34268.dat,14087,0.061056,0.202349,0.000000,0.000000,0,0,0,0,0,0,0,0
 68,87040000,6,34268,34268,rootfiles/rts/Rt_BOS_2_-2_34268.dat,10132,0.039456,0.320278,0.000000,0.000000,0,0,0,0,0,0,0,0
 69,35659776,6,34268,34268,rootfiles/rts/Rt_BML_2_-4_34268.dat,1461,0.019272,0.347144,0.000000,0.000000,0,0,0,0,0,0,0,0
 70,38281216,6,34268,34268,rootfiles/rts/Rt_BML_2_1_34268.dat,12623,0.197259,0.268199,0.000000,0.000000,0,0,0,0,0,0,0,0
 71,34611200,6,34268,34268,rootfiles/rts/Rt_BML_2_-6_34268.dat,0,0.000000,0.000000,0.000000,0.000000,0,0,0,0,0,0,0,0
 72,55058432,6,34268,34268,rootfiles/rts/Rt_BMS_2_1_34268.dat,15891,0.139225,0.246206,0.000000,0.000000,0,0,0,0,0,0,0,0
