SAMPLE     FS   CROSSECTION[pb]     K-FACTOR     FILTEREFF   REL.UNCERT
370250	2  	0.6774778962	          1.0000	          1.0000	      0.158762
370251	2  	0.6774778962	          1.0000	          1.0000	      0.158762
370252	2  	0.6774778962	          1.0000	          1.0000	      0.158762
370253	2  	0.6774778962	          1.0000	          1.0000	      0.158762
370254	2  	0.6774778962	          1.0000	          1.0000	      0.158762
370255	2  	0.6774778962	          1.0000	          1.0000	      0.158762
370256	2  	0.3253876865	          1.0000	          1.0000	      0.167580
370257	2  	0.3253876865	          1.0000	          1.0000	      0.167580
370258	2  	0.3253876865	          1.0000	          1.0000	      0.167580
370259	2  	0.3253876865	          1.0000	          1.0000	      0.167580
370260	2  	0.3253876865	          1.0000	          1.0000	      0.167580
370261	2  	0.3253876865	          1.0000	          1.0000	      0.167580
370262	2  	0.1634905636	          1.0000	          1.0000	      0.176402
370263	2  	0.1634905636	          1.0000	          1.0000	      0.176402
370264	2  	0.1634905636	          1.0000	          1.0000	      0.176402
370265	2  	0.1634905636	          1.0000	          1.0000	      0.176402
370266	2  	0.1634905636	          1.0000	          1.0000	      0.176402
370267	2  	0.1634905636	          1.0000	          1.0000	      0.176402
370268	2  	0.1634905636	          1.0000	          1.0000	      0.176402
370269	2  	0.0856417939	          1.0000	          1.0000	      0.184814
370270	2  	0.0856417939	          1.0000	          1.0000	      0.184814
370271	2  	0.0856417939	          1.0000	          1.0000	      0.184814
370272	2  	0.0856417939	          1.0000	          1.0000	      0.184814
370273	2  	0.0856417939	          1.0000	          1.0000	      0.184814
370274	2  	0.0856417939	          1.0000	          1.0000	      0.184814
370275	2  	0.0856417939	          1.0000	          1.0000	      0.184814
370276	2  	0.0459823012	          1.0000	          1.0000	      0.198226
370277	2  	0.0459823012	          1.0000	          1.0000	      0.198226
370278	2  	0.0459823012	          1.0000	          1.0000	      0.198226
370279	2  	0.0459823012	          1.0000	          1.0000	      0.198226
370280	2  	0.0459823012	          1.0000	          1.0000	      0.198226
370281	2  	0.0459823012	          1.0000	          1.0000	      0.198226
370282	2  	0.0459823012	          1.0000	          1.0000	      0.198226
370283	2  	0.0459823012	          1.0000	          1.0000	      0.198226
370284	2  	0.0252601262	          1.0000	          1.0000	      0.210963
370285	2  	0.0252601262	          1.0000	          1.0000	      0.210963
370286	2  	0.0252601262	          1.0000	          1.0000	      0.210963
370287	2  	0.0252601262	          1.0000	          1.0000	      0.210963
370288	2  	0.0252601262	          1.0000	          1.0000	      0.210963
370289	2  	0.0252601262	          1.0000	          1.0000	      0.210963
370290	2  	0.0252601262	          1.0000	          1.0000	      0.210963
370291	2  	0.0252601262	          1.0000	          1.0000	      0.210963
370292	2  	0.0141714504	          1.0000	          1.0000	      0.228925
370293	2  	0.0141714504	          1.0000	          1.0000	      0.228925
370294	2  	0.0141714504	          1.0000	          1.0000	      0.228925
370295	2  	0.0141714504	          1.0000	          1.0000	      0.228925
370296	2  	0.0141714504	          1.0000	          1.0000	      0.228925
370297	2  	0.0141714504	          1.0000	          1.0000	      0.228925
370298	2  	0.0141714504	          1.0000	          1.0000	      0.228925
370299	2  	0.0141714504	          1.0000	          1.0000	      0.228925
370300	2  	0.0141714504	          1.0000	          1.0000	      0.228925
370301	2  	0.0080897603	          1.0000	          1.0000	      0.244372
370302	2  	0.0080897603	          1.0000	          1.0000	      0.244372
370303	2  	0.0080897603	          1.0000	          1.0000	      0.244372
370304	2  	0.0080897603	          1.0000	          1.0000	      0.244372
370305	2  	0.0080897603	          1.0000	          1.0000	      0.244372
370306	2  	0.0080897603	          1.0000	          1.0000	      0.244372
370307	2  	0.0080897603	          1.0000	          1.0000	      0.244372
370308	2  	0.0080897603	          1.0000	          1.0000	      0.244372
370309	2  	0.0080897603	          1.0000	          1.0000	      0.244372
370310	2  	0.0046974686	          1.0000	          1.0000	      0.262567
370311	2  	0.0046974686	          1.0000	          1.0000	      0.262567
370312	2  	0.0046974686	          1.0000	          1.0000	      0.262567
370313	2  	0.0046974686	          1.0000	          1.0000	      0.262567
370314	2  	0.0046974686	          1.0000	          1.0000	      0.262567
370315	2  	0.0046974686	          1.0000	          1.0000	      0.262567
370316	2  	0.0046974686	          1.0000	          1.0000	      0.262567
370317	2  	0.0046974686	          1.0000	          1.0000	      0.262567
370318	2  	0.0046974686	          1.0000	          1.0000	      0.262567
370319	2  	0.0046974686	          1.0000	          1.0000	      0.262567
370320	2  	0.0027583649	          1.0000	          1.0000	      0.282458
370321	2  	0.0027583649	          1.0000	          1.0000	      0.282458
370322	2  	0.0027583649	          1.0000	          1.0000	      0.282458
370323	2  	0.0027583649	          1.0000	          1.0000	      0.282458
370324	2  	0.0027583649	          1.0000	          1.0000	      0.282458
370325	2  	0.0027583649	          1.0000	          1.0000	      0.282458
370326	2  	0.0027583649	          1.0000	          1.0000	      0.282458
370327	2  	0.0027583649	          1.0000	          1.0000	      0.282458
370328	2  	0.0027583649	          1.0000	          1.0000	      0.282458
370329	2  	0.0027583649	          1.0000	          1.0000	      0.282458
370330	2  	0.0016337908	          1.0000	          1.0000	      0.300377
370331	2  	0.0016337908	          1.0000	          1.0000	      0.300377
370332	2  	0.0016337908	          1.0000	          1.0000	      0.300377
370333	2  	0.0016337908	          1.0000	          1.0000	      0.300377
370334	2  	0.0016337908	          1.0000	          1.0000	      0.300377
370335	2  	0.0016337908	          1.0000	          1.0000	      0.300377
370336	2  	0.0016337908	          1.0000	          1.0000	      0.300377
370337	2  	0.0016337908	          1.0000	          1.0000	      0.300377
370338	2  	0.0016337908	          1.0000	          1.0000	      0.300377
370339	2  	0.0016337908	          1.0000	          1.0000	      0.300377
370340	2  	0.0016337908	          1.0000	          1.0000	      0.300377
370341	2  	0.0009802603	          1.0000	          1.0000	      0.319521
370342	2  	0.0009802603	          1.0000	          1.0000	      0.319521
370343	2  	0.0009802603	          1.0000	          1.0000	      0.319521
370344	2  	0.0009802603	          1.0000	          1.0000	      0.319521
370345	2  	0.0009802603	          1.0000	          1.0000	      0.319521
370346	2  	0.0009802603	          1.0000	          1.0000	      0.319521
370347	2  	0.0009802603	          1.0000	          1.0000	      0.319521
370348	2  	0.0009802603	          1.0000	          1.0000	      0.319521
370349	2  	0.0009802603	          1.0000	          1.0000	      0.319521
370350	2  	0.0009802603	          1.0000	          1.0000	      0.319521
370351	2  	0.0009802603	          1.0000	          1.0000	      0.319521
370352	2  	0.0005919180	          1.0000	          1.0000	      0.339326
370353	2  	0.0005919180	          1.0000	          1.0000	      0.339326
370354	2  	0.0005919180	          1.0000	          1.0000	      0.339326
370355	2  	0.0005919180	          1.0000	          1.0000	      0.339326
370356	2  	0.0005919180	          1.0000	          1.0000	      0.339326
370357	2  	0.0005919180	          1.0000	          1.0000	      0.339326
370358	2  	0.0005919180	          1.0000	          1.0000	      0.339326
370359	2  	0.0005919180	          1.0000	          1.0000	      0.339326
370360	2  	0.0005919180	          1.0000	          1.0000	      0.339326
370361	2  	0.0005919180	          1.0000	          1.0000	      0.339326
370362	2  	0.0003593180	          1.0000	          1.0000	      0.339326
370363	2  	0.0003593180	          1.0000	          1.0000	      0.339326
370364	2  	0.0003593180	          1.0000	          1.0000	      0.339326
370365	2  	0.0003593180	          1.0000	          1.0000	      0.339326
370366	2  	0.0003593180	          1.0000	          1.0000	      0.339326
370367	2  	0.0003593180	          1.0000	          1.0000	      0.339326
370368	2  	0.0003593180	          1.0000	          1.0000	      0.339326
370369	2  	0.0003593180	          1.0000	          1.0000	      0.339326
370370	2  	0.0003593180	          1.0000	          1.0000	      0.339326
370371	2  	0.0003593180	          1.0000	          1.0000	      0.339326
370372	2  	0.0002190490	          1.0000	          1.0000	      0.385249
370373	2  	0.0002190490	          1.0000	          1.0000	      0.385249
370374	2  	0.0002190490	          1.0000	          1.0000	      0.385249
370375	2  	0.0002190490	          1.0000	          1.0000	      0.385249
370376	2  	0.0002190490	          1.0000	          1.0000	      0.385249
370377	2  	0.0002190490	          1.0000	          1.0000	      0.385249
370378	2  	0.0002190490	          1.0000	          1.0000	      0.385249
370379	2  	0.0002190490	          1.0000	          1.0000	      0.385249
370380	2  	0.0002190490	          1.0000	          1.0000	      0.385249
370381	2  	0.0002190490	          1.0000	          1.0000	      0.385249
370382	2  	0.0001339650	          1.0000	          1.0000	      0.407945
370383	2  	0.0001339650	          1.0000	          1.0000	      0.407945
370384	2  	0.0001339650	          1.0000	          1.0000	      0.407945
370385	2  	0.0001339650	          1.0000	          1.0000	      0.407945
370386	2  	0.0001339650	          1.0000	          1.0000	      0.407945
370387	2  	0.0001339650	          1.0000	          1.0000	      0.407945
370388	2  	0.0001339650	          1.0000	          1.0000	      0.407945
370389	2  	0.0001339650	          1.0000	          1.0000	      0.407945
370390	2  	0.0001339650	          1.0000	          1.0000	      0.407945
370391	2  	0.0001339650	          1.0000	          1.0000	      0.407945

#######################################################################################################################################################

375933	2	0.1634910000	          1.0000	          1.0000	      0.176402
375934	2	0.1634910000	          1.0000	          1.0000	      0.176402
375935	2	0.1634910000	          1.0000	          1.0000	      0.176402
375936	2	0.1634910000	          1.0000	          1.0000	      0.176402
375937	2	0.1634910000	          1.0000	          1.0000	      0.176402
375938	2	0.1634910000	          1.0000	          1.0000	      0.176402
375939	2	0.1634910000	          1.0000	          1.0000	      0.176402
375940	2	0.0856418000	          1.0000	          1.0000	      0.184814
375941	2	0.0856418000	          1.0000	          1.0000	      0.184814
375942	2	0.0856418000	          1.0000	          1.0000	      0.184814
375943	2	0.0856418000	          1.0000	          1.0000	      0.184814
375944	2	0.0856418000	          1.0000	          1.0000	      0.184814
375945	2	0.0856418000	          1.0000	          1.0000	      0.184814
375946	2	0.0856418000	          1.0000	          1.0000	      0.184814
375947	2	0.0460525000	          1.0000	          1.0000	      0.196400
375948	2	0.0460525000	          1.0000	          1.0000	      0.196400
375949	2	0.0460525000	          1.0000	          1.0000	      0.196400
375950	2	0.0460525000	          1.0000	          1.0000	      0.196400
375951	2	0.0460525000	          1.0000	          1.0000	      0.196400
375952	2	0.0460525000	          1.0000	          1.0000	      0.196400
375953	2	0.0460525000	          1.0000	          1.0000	      0.196400
375954	2	0.0460525000	          1.0000	          1.0000	      0.196400
375955	2	0.0252977000	          1.0000	          1.0000	      0.209163
375956	2	0.0252977000	          1.0000	          1.0000	      0.209163
375957	2	0.0252977000	          1.0000	          1.0000	      0.209163
375958	2	0.0252977000	          1.0000	          1.0000	      0.209163
375959	2	0.0252977000	          1.0000	          1.0000	      0.209163
375960	2	0.0252977000	          1.0000	          1.0000	      0.209163
375961	2	0.0252977000	          1.0000	          1.0000	      0.209163
375962	2	0.0252977000	          1.0000	          1.0000	      0.209163
375963	2	0.0141903000	          1.0000	          1.0000	      0.227296
375964	2	0.0141903000	          1.0000	          1.0000	      0.227296
375965	2	0.0141903000	          1.0000	          1.0000	      0.227296
375966	2	0.0141903000	          1.0000	          1.0000	      0.227296
375967	2	0.0141903000	          1.0000	          1.0000	      0.227296
375968	2	0.0141903000	          1.0000	          1.0000	      0.227296
375969	2	0.0141903000	          1.0000	          1.0000	      0.227296
375970	2	0.0141903000	          1.0000	          1.0000	      0.227296
375971	2	0.0141903000	          1.0000	          1.0000	      0.227296
375972	2	0.0081007800	          1.0000	          1.0000	      0.242679
375973	2	0.0081007800	          1.0000	          1.0000	      0.242679
375974	2	0.0081007800	          1.0000	          1.0000	      0.242679
375975	2	0.0081007800	          1.0000	          1.0000	      0.242679
375976	2	0.0081007800	          1.0000	          1.0000	      0.242679
375977	2	0.0081007800	          1.0000	          1.0000	      0.242679
375978	2	0.0081007800	          1.0000	          1.0000	      0.242679
375979	2	0.0081007800	          1.0000	          1.0000	      0.242679
375980	2	0.0081007800	          1.0000	          1.0000	      0.242679
375981	2	0.0047032300	          1.0000	          1.0000	      0.261021
375982	2	0.0047032300	          1.0000	          1.0000	      0.261021
375983	2	0.0047032300	          1.0000	          1.0000	      0.261021
375984	2	0.0047032300	          1.0000	          1.0000	      0.261021
375985	2	0.0047032300	          1.0000	          1.0000	      0.261021
375986	2	0.0047032300	          1.0000	          1.0000	      0.261021
375987	2	0.0047032300	          1.0000	          1.0000	      0.261021
375988	2	0.0047032300	          1.0000	          1.0000	      0.261021
375989	2	0.0047032300	          1.0000	          1.0000	      0.261021
375990	2	0.0047032300	          1.0000	          1.0000	      0.261021
375991	2	0.0027613300	          1.0000	          1.0000	      0.281080
375992	2	0.0027613300	          1.0000	          1.0000	      0.281080
375993	2	0.0027613300	          1.0000	          1.0000	      0.281080
375994	2	0.0027613300	          1.0000	          1.0000	      0.281080
375995	2	0.0027613300	          1.0000	          1.0000	      0.281080
375996	2	0.0027613300	          1.0000	          1.0000	      0.281080
375997	2	0.0027613300	          1.0000	          1.0000	      0.281080
375998	2	0.0027613300	          1.0000	          1.0000	      0.281080
375999	2	0.0027613300	          1.0000	          1.0000	      0.281080
376000	2	0.0027613300	          1.0000	          1.0000	      0.281080
376001	2	0.0016354700	          1.0000	          1.0000	      0.299045
376002	2	0.0016354700	          1.0000	          1.0000	      0.299045
376003	2	0.0016354700	          1.0000	          1.0000	      0.299045
376004	2	0.0016354700	          1.0000	          1.0000	      0.299045
376005	2	0.0016354700	          1.0000	          1.0000	      0.299045
376006	2	0.0016354700	          1.0000	          1.0000	      0.299045
376007	2	0.0016354700	          1.0000	          1.0000	      0.299045
376008	2	0.0016354700	          1.0000	          1.0000	      0.299045
376009	2	0.0016354700	          1.0000	          1.0000	      0.299045
376010	2	0.0016354700	          1.0000	          1.0000	      0.299045
376011	2	0.0016354700	          1.0000	          1.0000	      0.299045
376012	2	0.0009810770	          1.0000	          1.0000	      0.318422
376013	2	0.0009810770	          1.0000	          1.0000	      0.318422
376014	2	0.0009810770	          1.0000	          1.0000	      0.318422
376015	2	0.0009810770	          1.0000	          1.0000	      0.318422
376016	2	0.0009810770	          1.0000	          1.0000	      0.318422
376017	2	0.0009810770	          1.0000	          1.0000	      0.318422
376018	2	0.0009810770	          1.0000	          1.0000	      0.318422
376019	2	0.0009810770	          1.0000	          1.0000	      0.318422
376020	2	0.0009810770	          1.0000	          1.0000	      0.318422
376021	2	0.0009810770	          1.0000	          1.0000	      0.318422
376022	2	0.0009810770	          1.0000	          1.0000	      0.318422
376023	2	0.0005919180	          1.0000	          1.0000	      0.339326
376024	2	0.0005919180	          1.0000	          1.0000	      0.339326
376025	2	0.0005919180	          1.0000	          1.0000	      0.339326
376026	2	0.0005919180	          1.0000	          1.0000	      0.339326
376027	2	0.0005919180	          1.0000	          1.0000	      0.339326
376028	2	0.0005919180	          1.0000	          1.0000	      0.339326
376029	2	0.0005919180	          1.0000	          1.0000	      0.339326
376030	2	0.0005919180	          1.0000	          1.0000	      0.339326
376031	2	0.0005919180	          1.0000	          1.0000	      0.339326
376032	2	0.0005919180	          1.0000	          1.0000	      0.339326
376033	2	0.0003593180	          1.0000	          1.0000	      0.359623
376034	2	0.0003593180	          1.0000	          1.0000	      0.359623
376035	2	0.0003593180	          1.0000	          1.0000	      0.359623
376036	2	0.0003593180	          1.0000	          1.0000	      0.359623
376037	2	0.0003593180	          1.0000	          1.0000	      0.359623
376038	2	0.0003593180	          1.0000	          1.0000	      0.359623
376039	2	0.0003593180	          1.0000	          1.0000	      0.359623
376040	2	0.0003593180	          1.0000	          1.0000	      0.359623
376041	2	0.0003593180	          1.0000	          1.0000	      0.359623
376042	2	0.0003593180	          1.0000	          1.0000	      0.359623
376043	2	0.0002190490	          1.0000	          1.0000	      0.385249
376044	2	0.0002190490	          1.0000	          1.0000	      0.385249
376045	2	0.0002190490	          1.0000	          1.0000	      0.385249
376046	2	0.0002190490	          1.0000	          1.0000	      0.385249
376047	2	0.0002190490	          1.0000	          1.0000	      0.385249
376048	2	0.0002190490	          1.0000	          1.0000	      0.385249
376049	2	0.0002190490	          1.0000	          1.0000	      0.385249
376050	2	0.0002190490	          1.0000	          1.0000	      0.385249
376051	2	0.0002190490	          1.0000	          1.0000	      0.385249
376052	2	0.0002190490	          1.0000	          1.0000	      0.385249
376053	2	0.0001339650	          1.0000	          1.0000	      0.407945
376054	2	0.0001339650	          1.0000	          1.0000	      0.407945
376055	2	0.0001339650	          1.0000	          1.0000	      0.407945
376056	2	0.0001339650	          1.0000	          1.0000	      0.407945
376057	2	0.0001339650	          1.0000	          1.0000	      0.407945
376058	2	0.0001339650	          1.0000	          1.0000	      0.407945
376059	2	0.0001339650	          1.0000	          1.0000	      0.407945
376060	2	0.0001339650	          1.0000	          1.0000	      0.407945
376061	2	0.0001339650	          1.0000	          1.0000	      0.407945
376062	2	0.0001339650	          1.0000	          1.0000	      0.407945

