# FilterEff of -1 indicates that the sample is not available in prod.
#SAMPLE     FS   CROSSECTION[pb]     K-FACTOR     FILTEREFF   REL.UNCERT
372448      2      0.3253876883     1.00000000    0.082330   0.16758000
372449      2      0.3253876883     1.00000000    0.057625   0.16758000
372525      2     98.1609998979     1.00000000    0.223130   0.13935352
372526      2      9.2161817929     1.00000000    0.260290   0.13836910
372527      2      9.2161817929     1.00000000    0.231070   0.13836910
372528      2      1.4891045919     1.00000000    0.288420   0.15016704
372529      2      1.4891045919     1.00000000    0.265670   0.15016704
372530      2      1.4891045919     1.00000000    0.231630   0.15016704
372531      2      0.3253876883     1.00000000    0.305960   0.16758000
372532      2      0.3253876883     1.00000000    0.293110   0.16758000
372533      2      0.3253876883     1.00000000    0.268150   0.16758000
372534      2      0.3253876883     1.00000000    0.229940   0.16758000
372535      2      0.0856417975     1.00000000    0.321030   0.18481426
372536      2      0.0856417975     1.00000000    0.313760   0.18481426
372537      2      0.0856417975     1.00000000    0.292500   0.18481426
372538      2      0.0856417975     1.00000000    0.268250   0.18481426
372539      2      0.0856417975     1.00000000    0.231360   0.18481426
372540      2      0.0856417975     1.00000000    0.147820   0.18481426
372541      2      0.0252601268     1.00000000    0.336640   0.21096327
372542      2      0.0252601268     1.00000000    0.329090   0.21096327
372543      2      0.0252601268     1.00000000    0.312720   0.21096327
372544      2      0.0252601268     1.00000000    0.295410   0.21096327
372545      2      0.0252601268     1.00000000    0.270710   0.21096327
372546      2      0.0252601268     1.00000000    0.229070   0.21096327
372547      2      0.0080897601     1.00000000    0.345850   0.24437219
372548      2      0.0080897601     1.00000000    0.341280   0.24437219
372549      2      0.0080897601     1.00000000    0.331620   0.24437219
372550      2      0.0080897601     1.00000000    0.315040   0.24437219
372551      2      0.0080897601     1.00000000    0.298620   0.24437219
372552      2      0.0080897601     1.00000000    0.266310   0.24437219
372553      2      0.0027583649     1.00000000    0.355530   0.28245753
372554      2      0.0027583649     1.00000000    0.352510   0.28245753
372555      2      0.0027583649     1.00000000    0.341230   0.28245753
372556      2      0.0027583649     1.00000000    0.328690   0.28245753
372557      2      0.0027583649     1.00000000    0.316070   0.28245753
372558      2      0.0027583649     1.00000000    0.295490   0.28245753
372559      2      0.1634905706     1.00000000    0.305400   0.17640239
372560      2      0.1634905706     1.00000000    0.283090   0.17640239
372561      2      0.1634905706     1.00000000    0.251160   0.17640239
372562      2      0.0459823026     1.00000000    0.330120   0.19822566
372563      2      0.0459823026     1.00000000    0.319860   0.19822566
372564      2      0.0459823026     1.00000000    0.301340   0.19822566
372565      2      0.0459823026     1.00000000    0.284740   0.19822566
372566      2      0.0141714505     1.00000000    0.344920   0.22892537
372567      2      0.0141714505     1.00000000    0.335170   0.22892537
372568      2      0.0141714505     1.00000000    0.323250   0.22892537
372569      2      0.0141714505     1.00000000    0.304960   0.22892537
372570      2     98.1609998979     1.00000000    0.197760   0.13935352
372571      2      9.2161817929     1.00000000    0.201580   0.13836910
372572      2      1.4891045919     1.00000000    0.200470   0.15016704
372573      2      0.3253876883     1.00000000    0.202660   0.16758000
372574      2     98.1609998979     1.00000000    0.178680   0.13935352
372575      2      9.2161817929     1.00000000    0.182750   0.13836910
372576      2      1.4891045919     1.00000000    0.180710   0.15016704
372577      2      0.3253876883     1.00000000    0.183000   0.16758000
372578      2     98.1609998979     1.00000000    0.156800   0.13935352
372579      2      9.2161817929     1.00000000    0.160100   0.13836910
372580      2      1.4891045919     1.00000000    0.157480   0.15016704
372581      2      0.3253876883     1.00000000    0.159880   0.16758000
372582      2      1.4891045919     1.00000000    0.147780   0.15016704
372583      2      1.4891045919     1.00000000    0.131500   0.15016704
372584      2      1.4891045919     1.00000000    0.111900   0.15016704
372585      2      1.4891045919     1.00000000    0.082323   0.15016704
372586      2      1.4891045919     1.00000000    0.057472   0.15016704
372587      2     98.1609998979     1.00000000    0.143880   0.13935352
372588      2     98.1609998979     1.00000000    0.130290   0.13935352
372589      2     98.1609998979     1.00000000    0.111850   0.13935352
372590      2     98.1609998979     1.00000000    0.081389   0.13935352
372591      2     98.1609998979     1.00000000    0.057369   0.13935352
372592      2      9.2161817929     1.00000000    0.146390   0.13836910
372593      2      9.2161817929     1.00000000    0.131870   0.13836910
372594      2      9.2161817929     1.00000000    0.112660   0.13836910
372595      2      9.2161817929     1.00000000    0.082100   0.13836910
372596      2      9.2161817929     1.00000000    0.057745   0.13836910
372597      2      0.3253876883     1.00000000    0.146870   0.16758000
372598      2      0.3253876883     1.00000000    0.132250   0.16758000
372599      2      0.3253876883     1.00000000    0.112730   0.16758000
373463      2      0.0027583649     1.00000000    0.625290   0.28245753
373464      2      0.0027583649     1.00000000    0.609460   0.28245753
373465      2      0.0009802603     1.00000000    0.660700   0.31952110
373466      2      0.0009802603     1.00000000    0.664480   0.31952110
373467      2      0.0009802603     1.00000000    0.659980   0.31952110
373468      2      0.0009802603     1.00000000    0.653000   0.31952110
373469      2      0.0009802603     1.00000000    0.648770   0.31952110
373470      2      0.0009802603     1.00000000    0.642640   0.31952110
373471      2      0.0009802603     1.00000000    0.630500   0.31952110
373472      2      0.0009802603     1.00000000    0.626890   0.31952110
373473      2      0.0003590692     1.00000000    0.671450   0.36056504
373474      2      0.0003590692     1.00000000    0.665440   0.36056504
373475      2      0.0003590692     1.00000000    0.662630   0.36056504
373476      2      0.0003590692     1.00000000    0.660030   0.36056504
373477      2      0.0003590692     1.00000000    0.655640   0.36056504
373478      2      0.0003590692     1.00000000    0.649930   0.36056504
374203      2      0.3253876883     1.00000000    0.493140   0.16758000
374204      2      0.3253876883     1.00000000    0.494560   0.16758000
374205      2      0.3253876883     1.00000000    0.494440   0.16758000
374206      2      0.3253876883     1.00000000    0.500800   0.16758000
374207      2      0.0856417975     1.00000000    0.529710   0.18481426
374208      2      0.0856417975     1.00000000    0.499670   0.18481426
374209      2      0.0856417975     1.00000000    0.500930   0.18481426
374210      2      0.0856417975     1.00000000    0.498260   0.18481426
374211      2      0.0856417975     1.00000000    0.502400   0.18481426
374212      2      0.0856417975     1.00000000   -1.000000   0.18481426
374213      2     98.1609998979     1.00000000    0.360350   0.13935352
374214      2     98.1609998979     1.00000000    0.362560   0.13935352
374215      2     98.1609998979     1.00000000   -1.000000   0.13935352
374216      2     98.1609998979     1.00000000   -1.000000   0.13935352
374217      2      9.2161817929     1.00000000    0.445250   0.13836910
374218      2      9.2161817929     1.00000000    0.442010   0.13836910
374219      2      9.2161817929     1.00000000    0.447360   0.13836910
374220      2      9.2161817929     1.00000000   -1.000000   0.13836910
374221      2      1.4891045919     1.00000000    0.479790   0.15016704
374222      2      1.4891045919     1.00000000    0.480000   0.15016704
374223      2      1.4891045919     1.00000000   -1.000000   0.15016704
374224      2      1.4891045919     1.00000000    0.477500   0.15016704
374790      2      0.0009802603     1.00000000    0.366000   0.31952110   #2000_100
374791      2      0.0009802603     1.00000000    0.365120   0.31952110   #2000_300
374792      2      0.0009802603     1.00000000    0.351990   0.31952110   #2000_500
374793      2      0.0009802603     1.00000000    0.346920   0.31952110   #2000_700
374794      2      0.0009802603     1.00000000    0.331430   0.31952110   #2000_900
374795      2      0.0009802603     1.00000000    0.318390   0.31952110   #2000_1100
# SignalUncertainties for dilepton edge signal grid SM_GG_N2_ZN1
# 2L-filter efficiencies applied
# Points with MadSpin
# SignalUncertainties for dilepton edge signal grid SM_GG_N2_ZN1
#SAMPLE     FS   CROSSECTION[pb]     K-FACTOR     FILTEREFF   REL.UNCERT
374225      2      0.3253876883   1.00000000   0.47758000    0.16758000      #1000_960_2LMET100_MadSpin
374226      2      0.3253876883   1.00000000   0.47623000    0.16758000      #1000_970_2LMET100_MadSpin
374227      2      0.3253876883   1.00000000   0.47197000    0.16758000      #1000_976_2LMET100_MadSpin
374228      2      0.3253876883   1.00000000   0.47781000    0.16758000      #1000_980_2LMET100_MadSpin
374229      2      0.3253876883   1.00000000   0.47475000    0.16758000      #1000_984_2LMET100_MadSpin
374230      2      0.3253876883   1.00000000   0.47696000    0.16758000      #1000_988_2LMET100_MadSpin
374231      2      0.0856417975   1.00000000   0.49881000    0.18481426      #1200_1160_2LMET100_MadSpin
374232      2      0.0856417975   1.00000000   0.49028000    0.18481426      #1200_1170_2LMET100_MadSpin
374233      2      0.0856417975   1.00000000   0.48788000    0.18481426      #1200_1176_2LMET100_MadSpin
374234      2      0.0856417975   1.00000000   0.49037000    0.18481426      #1200_1180_2LMET100_MadSpin
374235      2      0.0856417975   1.00000000   0.49154000    0.18481426      #1200_1184_2LMET100_MadSpin
374236      2      0.0856417975   1.00000000   0.49446000    0.18481426      #1200_1188_2LMET100_MadSpin
374237      2     98.1609998979   1.00000000   0.31921000    0.13935352      #400_360_2LMET100_MadSpin
374238      2     98.1609998979   1.00000000   0.32075000    0.13935352      #400_370_2LMET100_MadSpin
374239      2     98.1609998979   1.00000000   0.32198000    0.13935352      #400_376_2LMET100_MadSpin
374240      2     98.1609998979   1.00000000   0.32236000    0.13935352      #400_380_2LMET100_MadSpin
374241      2     98.1609998979   1.00000000   0.32546000    0.13935352      #400_384_2LMET100_MadSpin
374242      2     98.1609998979   1.00000000   0.33007000    0.13935352      #400_388_2LMET100_MadSpin
374243      2      9.2161817929   1.00000000   0.42002000    0.13836910      #600_560_2LMET100_MadSpin
374244      2      9.2161817929   1.00000000   0.42468000    0.13836910      #600_570_2LMET100_MadSpin
374245      2      9.2161817929   1.00000000   0.42051000    0.13836910      #600_576_2LMET100_MadSpin
374246      2      9.2161817929   1.00000000   0.42014000    0.13836910      #600_580_2LMET100_MadSpin
374247      2      9.2161817929   1.00000000   0.42114000    0.13836910      #600_584_2LMET100_MadSpin
374248      2      9.2161817929   1.00000000   0.42605000    0.13836910      #600_588_2LMET100_MadSpin
374249      2      1.4891045919   1.00000000   0.46671000    0.15016704      #800_760_2LMET100_MadSpin
374441      2      1.4891045919   1.00000000   0.46194000    0.15016704      #800_770_2LMET100_MadSpin
374442      2      1.4891045919   1.00000000   0.46266000    0.15016704      #800_776_2LMET100_MadSpin
374443      2      1.4891045919   1.00000000   0.46941000    0.15016704      #800_780_2LMET100_MadSpin
374444      2      1.4891045919   1.00000000   0.46512000    0.15016704      #800_784_2LMET100_MadSpin
374445      2      1.4891045919   1.00000000   0.46738000    0.15016704      #800_788_2LMET100_MadSpin

