# grid   : Signal grid with associated production of chargino-1 and neutralino-2 with decays via Wh. 13 TeV.
# filter : 2L7
# author : F.Trovato - fabrizio.trovato@cern.ch (please report any problems), Samuel Lo - cheuk.yee.lo@cern.ch
# date   : 02-08-2017
#
# Cross sections taken from https://twiki.cern.ch/twiki/bin/view/LHCPhysics/SUSYCrossSections13TeVn2x1wino
# Filter efficiencies from AMI 
#
#SAMPLE     FS   CROSSECTION[pb]     K-FACTOR     FILTER EFF   REL.UNCERT
393820     125         3.273840        1.00        0.10619        0.038846  # (150.0, 0.0)
393820     127         1.907040        1.00        0.10619        0.066172  # (150.0, 0.0)
393821     125         3.087205        1.00        0.10559        0.039215  # (152.5, 22.5)
393821     127         1.791733        1.00        0.10559        0.066475  # (152.5, 22.5)
393822     125         2.462788        1.00        0.10816        0.040727  # (162.5, 12.5)
393822     127         1.409000        1.00        0.10816        0.067746  # (162.5, 12.5)
393823     125         1.890260        1.00        0.11018        0.042656  # (175.0, 0.0)
393823     127         1.063010        1.00        0.11018        0.069402  # (175.0, 0.0)
393824     125         1.890260        1.00        0.10959        0.042656  # (175.0, 25.0)
393824     127         1.063010        1.00        0.10959        0.069402  # (175.0, 25.0)
393825     125         1.796689        1.00        0.10879        0.043097  # (177.5, 47.5)
393825     127         1.007011        1.00        0.10879        0.069765  # (177.5, 47.5)
393826     125         1.476137        1.00        0.11370        0.044736  # (187.5, 12.5)
393826     127         0.816545        1.00        0.11370        0.071174  # (187.5, 12.5)
393827     125         1.476137        1.00        0.11098        0.044736  # (187.5, 37.5)
393827     127         0.816545        1.00        0.11098        0.071174  # (187.5, 37.5)
393828     125         1.407543        1.00        0.10982        0.045153  # (190.0, 60.0)
393828     127         0.776095        1.00        0.10982        0.071534  # (190.0, 60.0)
393829     125         1.170260        1.00        0.11534        0.046853  # (200.0, 0.0)
393829     127         0.637140        1.00        0.11534        0.072993  # (200.0, 0.0)
393830     125         1.170260        1.00        0.11434        0.046853  # (200.0, 25.0)
393830     127         0.637140        1.00        0.11434        0.072993  # (200.0, 25.0)
393831     125         1.170260        1.00        0.11253        0.046853  # (200.0, 50.0)
393831     127         0.637140        1.00        0.11253        0.072993  # (200.0, 50.0)
393832     125         1.118839        1.00        0.11031        0.047105  # (202.5, 72.5)
393832     127         0.607294        1.00        0.11031        0.073406  # (202.5, 72.5)
393833     125         0.939510        1.00        0.11842        0.048408  # (212.5, 12.5)
393833     127         0.503626        1.00        0.11842        0.074820  # (212.5, 12.5)
393834     125         0.939510        1.00        0.11662        0.048408  # (212.5, 37.5)
393834     127         0.503626        1.00        0.11662        0.074820  # (212.5, 37.5)
393835     125         0.939510        1.00        0.11380        0.048408  # (212.5, 62.5)
393835     127         0.503626        1.00        0.11380        0.074820  # (212.5, 62.5)
393836     125         0.900340        1.00        0.11159        0.048734  # (215.0, 85.0)
393836     127         0.481147        1.00        0.11159        0.075166  # (215.0, 85.0)
393837     125         0.762405        1.00        0.12090        0.049811  # (225.0, 0.0)
393837     127         0.402717        1.00        0.12090        0.076648  # (225.0, 0.0)
393838     125         0.762405        1.00        0.11996        0.049811  # (225.0, 25.0)
393838     127         0.402717        1.00        0.11996        0.076648  # (225.0, 25.0)
393839     125         0.762405        1.00        0.11794        0.049811  # (225.0, 50.0)
393839     127         0.402717        1.00        0.11794        0.076648  # (225.0, 50.0)
393840     125         0.762405        1.00        0.11487        0.049811  # (225.0, 75.0)
393840     127         0.402717        1.00        0.11487        0.076648  # (225.0, 75.0)
393841     125         0.732442        1.00        0.11211        0.050362  # (227.5, 97.5)
393841     127         0.385585        1.00        0.11211        0.076845  # (227.5, 97.5)
393842     125         0.625298        1.00        0.12238        0.051665  # (237.5, 12.5)
393842     127         0.325357        1.00        0.12238        0.078138  # (237.5, 12.5)
393843     125         0.625298        1.00        0.12171        0.051665  # (237.5, 37.5)
393843     127         0.325357        1.00        0.12171        0.078138  # (237.5, 37.5)
393844     125         0.625298        1.00        0.11997        0.051665  # (237.5, 62.5)
393844     127         0.325357        1.00        0.11997        0.078138  # (237.5, 62.5)
393845     125         0.625298        1.00        0.11401        0.051665  # (237.5, 87.5)
393845     127         0.325357        1.00        0.11401        0.078138  # (237.5, 87.5)
393846     125         0.601578        1.00        0.11273        0.051991  # (240.0, 110.0)
393846     127         0.312114        1.00        0.11273        0.078456  # (240.0, 110.0)
393847     125         0.517259        1.00        0.12732        0.053465  # (250.0, 0.0)
393847     127         0.265255        1.00        0.12732        0.079645  # (250.0, 0.0)
393848     125         0.517259        1.00        0.12395        0.053465  # (250.0, 25.0)
393848     127         0.265255        1.00        0.12395        0.079645  # (250.0, 25.0)
393849     125         0.517259        1.00        0.12211        0.053465  # (250.0, 50.0)
393849     127         0.265255        1.00        0.12211        0.079645  # (250.0, 50.0)
393850     125         0.517259        1.00        0.12087        0.053465  # (250.0, 75.0)
393850     127         0.265255        1.00        0.12087        0.079645  # (250.0, 75.0)
393851     125         0.517259        1.00        0.11736        0.053465  # (250.0, 100.0)
393851     127         0.265255        1.00        0.11736        0.079645  # (250.0, 100.0)
393852     125         0.431224        1.00        0.12647        0.054924  # (262.5, 12.5)
393852     127         0.218173        1.00        0.12647        0.081195  # (262.5, 12.5)
393853     125         0.431224        1.00        0.12603        0.054924  # (262.5, 37.5)
393853     127         0.218173        1.00        0.12603        0.081195  # (262.5, 37.5)
393854     125         0.431224        1.00        0.12457        0.054924  # (262.5, 62.5)
393854     127         0.218173        1.00        0.12457        0.081195  # (262.5, 62.5)
393855     125         0.431224        1.00        0.12131        0.054924  # (262.5, 87.5)
393855     127         0.218173        1.00        0.12131        0.081195  # (262.5, 87.5)
393856     125         0.362248        1.00        0.12896        0.056619  # (275.0, 0.0)
393856     127         0.180802        1.00        0.12896        0.082539  # (275.0, 0.0)
393857     125         0.362248        1.00        0.12850        0.056619  # (275.0, 25.0)
393857     127         0.180802        1.00        0.12850        0.082539  # (275.0, 25.0)
393858     125         0.362248        1.00        0.12794        0.056619  # (275.0, 50.0)
393858     127         0.180802        1.00        0.12794        0.082539  # (275.0, 50.0)
393859     125         0.362248        1.00        0.12526        0.056619  # (275.0, 75.0)
393859     127         0.180802        1.00        0.12526        0.082539  # (275.0, 75.0)
393860     125         0.306152        1.00        0.13264        0.058186  # (287.5, 12.5)
393860     127         0.150826        1.00        0.13264        0.084037  # (287.5, 12.5)
393861     125         0.306152        1.00        0.12975        0.058186  # (287.5, 37.5)
393861     127         0.150826        1.00        0.12975        0.084037  # (287.5, 37.5)
393862     125         0.306152        1.00        0.12952        0.058186  # (287.5, 62.5)
393862     127         0.150826        1.00        0.12952        0.084037  # (287.5, 62.5)
393863     125         0.260319        1.00        0.13283        0.059743  # (300.0, 0.0)
393863     127         0.126627        1.00        0.13283        0.085457  # (300.0, 0.0)
393864     125         0.260319        1.00        0.13473        0.059743  # (300.0, 25.0)
393864     127         0.126627        1.00        0.13473        0.085457  # (300.0, 25.0)
393865     125         0.260319        1.00        0.13213        0.059743  # (300.0, 50.0)
393865     127         0.126627        1.00        0.13213        0.085457  # (300.0, 50.0)
393866     125         0.260319        1.00        0.12999        0.059743  # (300.0, 75.0)
393866     127         0.126627        1.00        0.12999        0.085457  # (300.0, 75.0)
393867     125         0.260319        1.00        0.12741        0.059743  # (300.0, 100.0)
393867     127         0.126627        1.00        0.12741        0.085457  # (300.0, 100.0)
393868     125         0.222603        1.00        0.13550        0.061299  # (312.5, 12.5)
393868     127         0.106873        1.00        0.13550        0.086907  # (312.5, 12.5)
393869     125         0.222603        1.00        0.13478        0.061299  # (312.5, 37.5)
393869     127         0.106873        1.00        0.13478        0.086907  # (312.5, 37.5)
393870     125         0.191314        1.00        0.13702        0.063019  # (325.0, 0.0)
393870     127         0.090610        1.00        0.13702        0.088080  # (325.0, 0.0)
393871     125         0.191314        1.00        0.13792        0.063019  # (325.0, 25.0)
393871     127         0.090610        1.00        0.13792        0.088080  # (325.0, 25.0)
393872     125         0.191314        1.00        0.13644        0.063019  # (325.0, 50.0)
393872     127         0.090610        1.00        0.13644        0.088080  # (325.0, 50.0)
393873     125         0.191314        1.00        0.13477        0.063019  # (325.0, 75.0)
393873     127         0.090610        1.00        0.13477        0.088080  # (325.0, 75.0)
393874     125         0.191314        1.00        0.13162        0.063019  # (325.0, 100.0)
393874     127         0.090610        1.00        0.13162        0.088080  # (325.0, 100.0)
393875     125         0.165124        1.00        0.14099        0.064321  # (337.5, 12.5)
393875     127         0.077356        1.00        0.14099        0.089823  # (337.5, 12.5)
393876     125         0.143126        1.00        0.14094        0.065657  # (350.0, 0.0)
393876     127         0.066332        1.00        0.14094        0.091634  # (350.0, 0.0)
393877     125         0.143126        1.00        0.14240        0.065657  # (350.0, 25.0)
393877     127         0.066332        1.00        0.14240        0.091634  # (350.0, 25.0)
393878     125         0.143126        1.00        0.14057        0.065657  # (350.0, 50.0)
393878     127         0.066332        1.00        0.14057        0.091634  # (350.0, 50.0)
393879     125         0.143126        1.00        0.14114        0.065657  # (350.0, 75.0)
393879     127         0.066332        1.00        0.14114        0.091634  # (350.0, 75.0)
393880     125         0.143126        1.00        0.13746        0.065657  # (350.0, 100.0)
393880     127         0.066332        1.00        0.13746        0.091634  # (350.0, 100.0)
393881     125         0.108840        1.00        0.14497        0.068934  # (375.0, 0.0)
393881     127         0.049236        1.00        0.14497        0.093629  # (375.0, 0.0)
393882     125         0.108840        1.00        0.14609        0.068934  # (375.0, 25.0)
393882     127         0.049236        1.00        0.14609        0.093629  # (375.0, 25.0)
393883     125         0.108840        1.00        0.14322        0.068934  # (375.0, 50.0)
393883     127         0.049236        1.00        0.14322        0.093629  # (375.0, 50.0)
393884     125         0.108840        1.00        0.14262        0.068934  # (375.0, 75.0)
393884     127         0.049236        1.00        0.14262        0.093629  # (375.0, 75.0)
393885     125         0.083907        1.00        0.15012        0.072147  # (400.0, 0.0)
393885     127         0.037120        1.00        0.15012        0.096393  # (400.0, 0.0)
393886     125         0.083907        1.00        0.14731        0.072147  # (400.0, 25.0)
393886     127         0.037120        1.00        0.14731        0.096393  # (400.0, 25.0)
393887     125         0.083907        1.00        0.14735        0.072147  # (400.0, 50.0)
393887     127         0.037120        1.00        0.14735        0.096393  # (400.0, 50.0)
393888     125         0.083907        1.00        0.14707        0.072147  # (400.0, 75.0)
393888     127         0.037120        1.00        0.14707        0.096393  # (400.0, 75.0)
393889     125         0.083907        1.00        0.14600        0.072147  # (400.0, 100.0)
393889     127         0.037120        1.00        0.14600        0.096393  # (400.0, 100.0)
393890     125         0.065455        1.00        0.15456        0.075543  # (425.0, 0.0)
393890     127         0.028333        1.00        0.15456        0.099143  # (425.0, 0.0)
393891     125         0.065455        1.00        0.15310        0.075543  # (425.0, 25.0)
393891     127         0.028333        1.00        0.15310        0.099143  # (425.0, 25.0)
393892     125         0.065455        1.00        0.15361        0.075543  # (425.0, 50.0)
393892     127         0.028333        1.00        0.15361        0.099143  # (425.0, 50.0)
393893     125         0.065455        1.00        0.15161        0.075543  # (425.0, 75.0)
393893     127         0.028333        1.00        0.15161        0.099143  # (425.0, 75.0)
393894     125         0.065455        1.00        0.14988        0.075543  # (425.0, 100.0)
393894     127         0.028333        1.00        0.14988        0.099143  # (425.0, 100.0)
393895     125         0.051590        1.00        0.15549        0.078328  # (450.0, 0.0)
393895     127         0.021856        1.00        0.15549        0.101081  # (450.0, 0.0)
393896     125         0.051590        1.00        0.15494        0.078328  # (450.0, 25.0)
393896     127         0.021856        1.00        0.15494        0.101081  # (450.0, 25.0)
393897     125         0.051590        1.00        0.15682        0.078328  # (450.0, 50.0)
393897     127         0.021856        1.00        0.15682        0.101081  # (450.0, 50.0)
393898     125         0.051590        1.00        0.15568        0.078328  # (450.0, 75.0)
393898     127         0.021856        1.00        0.15568        0.101081  # (450.0, 75.0)
393899     125         0.051590        1.00        0.15442        0.078328  # (450.0, 100.0)
393899     127         0.021856        1.00        0.15442        0.101081  # (450.0, 100.0)
393900     125         0.041023        1.00        0.16055        0.080159  # (475.0, 0.0)
393900     127         0.017068        1.00        0.16055        0.103822  # (475.0, 0.0)
393901     125         0.041023        1.00        0.16178        0.080159  # (475.0, 25.0)
393901     127         0.017068        1.00        0.16178        0.103822  # (475.0, 25.0)
393902     125         0.041023        1.00        0.16086        0.080159  # (475.0, 50.0)
393902     127         0.017068        1.00        0.16086        0.103822  # (475.0, 50.0)
393903     125         0.041023        1.00        0.15701        0.080159  # (475.0, 75.0)
393903     127         0.017068        1.00        0.15701        0.103822  # (475.0, 75.0)
393904     125         0.041023        1.00        0.16078        0.080159  # (475.0, 100.0)
393904     127         0.017068        1.00        0.16078        0.103822  # (475.0, 100.0)
393905     125         0.032913        1.00        0.16288        0.083079  # (500.0, 0.0)
393905     127         0.013444        1.00        0.16288        0.106775  # (500.0, 0.0)
393906     125         0.032913        1.00        0.16494        0.083079  # (500.0, 25.0)
393906     127         0.013444        1.00        0.16494        0.106775  # (500.0, 25.0)
393907     125         0.032913        1.00        0.16591        0.083079  # (500.0, 50.0)
393907     127         0.013444        1.00        0.16591        0.106775  # (500.0, 50.0)
393908     125         0.032913        1.00        0.16130        0.083079  # (500.0, 75.0)
393908     127         0.013444        1.00        0.16130        0.106775  # (500.0, 75.0)
393909     125         0.026602        1.00        0.16579        0.086440  # (525.0, 0.0)
393909     127         0.010667        1.00        0.16579        0.110170  # (525.0, 0.0)
393910     125         0.026602        1.00        0.16455        0.086440  # (525.0, 25.0)
393910     127         0.010667        1.00        0.16455        0.110170  # (525.0, 25.0)
393911     125         0.026602        1.00        0.16592        0.086440  # (525.0, 50.0)
393911     127         0.010667        1.00        0.16592        0.110170  # (525.0, 50.0)
393912     125         0.021644        1.00        0.17007        0.088881  # (550.0, 0.0)
393912     127         0.008526        1.00        0.17007        0.112869  # (550.0, 0.0)
393913     125         0.021644        1.00        0.16650        0.088881  # (550.0, 25.0)
393913     127         0.008526        1.00        0.16650        0.112869  # (550.0, 25.0)
393914     125         0.017715        1.00        0.17201        0.090799  # (575.0, 25.0)
393914     127         0.006867        1.00        0.17201        0.116069  # (575.0, 25.0)