# author : alaettin.serhan.mete@cern.ch (please report any problems)
# date   : 16/9/2015
# update : 28/3/2017 (ICKKW bug-free samples and the extension)
# brief  : Based on https://twiki.cern.ch/twiki/bin/view/LHCPhysics/SUSYCrossSections13TeVx1x1wino
# format : datasetID   finalState   XS   BF   filterEff   relUncertainty
392500    157     2.61231       1.0    0.44466    0.0528865    # 150 GeV
392501    157     0.902569      1.0    0.46713    0.0595424    # 200 GeV
392502    157     0.902569      1.0    0.40372    0.0595424    # 200 GeV
392504    157     0.190159      1.0    0.53078    0.0706977    # 300 GeV
392505    157     0.190159      1.0    0.49268    0.0706977    # 300 GeV
392506    157     0.190159      1.0    0.42759    0.0706977    # 300 GeV
392507    157     0.0586311     1.0    0.55662    0.0806330    # 400 GeV
392508    157     0.0586311     1.0    0.54813    0.0806330    # 400 GeV
392509    157     0.0586311     1.0    0.51060    0.0806330    # 400 GeV
392510    157     0.0221265     1.0    0.57150    0.0880862    # 500 GeV
392511    157     0.0221265     1.0    0.56394    0.0880862    # 500 GeV
392512    157     0.0221265     1.0    0.56416    0.0880862    # 500 GeV
392513    157     0.0221265     1.0    0.55665    0.0880862    # 500 GeV
392514    157     0.00949913    1.0    0.57841    0.0960429    # 600 GeV
392515    157     0.00949913    1.0    0.57997    0.0960429    # 600 GeV
392516    157     0.00949913    1.0    0.57189    0.0960429    # 600 GeV
392517    157     0.00949913    1.0    0.56629    0.0960429    # 600 GeV
392518    157     0.00443870    1.0    0.58446    0.1029860    # 700 GeV
392519    157     0.00443870    1.0    0.58737    0.1029860    # 700 GeV
392520    157     0.00443870    1.0    0.58402    0.1029860    # 700 GeV
392521    157     0.00443870    1.0    0.57635    0.1029860    # 700 GeV
393720    157     2.61231       1.0    0.45699    0.0528865    # 150 GeV
393721    157     0.902569      1.0    0.49063    0.0595424    # 200 GeV
393722    157     0.387534      1.0    0.50782    0.0653184    # 250 GeV
393723    157     0.387534      1.0    0.48759    0.0653184    # 250 GeV
393724    157     0.190159      1.0    0.52130    0.0706977    # 300 GeV
393725    157     0.102199      1.0    0.52731    0.075858     # 350 GeV
393726    157     0.102199      1.0    0.50675    0.075858     # 350 GeV
393727    157     0.0586311     1.0    0.53751    0.080633     # 400 GeV
393728    157     0.0353143     1.0    0.54811    0.084182     # 450 GeV
393729    157     0.0353143     1.0    0.51710    0.084182     # 450 GeV
393730    157     0.0221265     1.0    0.52099    0.0880862    # 500 GeV
393731    157     0.0143134     1.0    0.56891    0.0924784    # 550 GeV
393732    157     0.0143134     1.0    0.55671    0.0924784    # 550 GeV
393733    157     0.00949913    1.0    0.56003    0.0960429    # 600 GeV
393734    157     0.00643244    1.0    0.57974    0.099323     # 650 GeV
393735    157     0.00643244    1.0    0.57336    0.099323     # 650 GeV
393736    157     0.00643244    1.0    0.57238    0.099323     # 650 GeV
393737    157     0.00643244    1.0    0.58065    0.099323     # 650 GeV
393738    157     0.00443870    1.0    0.57530    0.102986     # 700 GeV
393739    157     0.00310861    1.0    0.58188    0.10627      # 750 GeV
393740    157     0.00310861    1.0    0.58612    0.10627      # 750 GeV
393741    157     0.00310861    1.0    0.58185    0.10627      # 750 GeV
393742    157     0.00310861    1.0    0.58804    0.10627      # 750 GeV
393743    157     0.00221197    1.0    0.58985    0.11085      # 800 GeV
393744    157     0.00221197    1.0    0.58551    0.11085      # 800 GeV
393745    157     0.00221197    1.0    0.58602    0.11085      # 800 GeV
393746    157     0.00221197    1.0    0.58532    0.11085      # 800 GeV
393747    157     0.00221197    1.0    0.57934    0.11085      # 800 GeV
393748    157     0.00158356    1.0    0.59364    0.112282     # 850 GeV
393749    157     0.00158356    1.0    0.59123    0.112282     # 850 GeV
393750    157     0.00158356    1.0    0.58632    0.112282     # 850 GeV
393751    157     0.00158356    1.0    0.58944    0.112282     # 850 GeV
393752    157     0.00115301    1.0    0.59605    0.117798     # 900 GeV
393753    157     0.00115301    1.0    0.58987    0.117798     # 900 GeV
393754    157     0.00115301    1.0    0.59089    0.117798     # 900 GeV
393755    157     0.00115301    1.0    0.58738    0.117798     # 900 GeV
393756    157     0.00115301    1.0    0.58853    0.117798     # 900 GeV
