4    2
0.0171213615686     0.79122453928
20.0001544952     832.686706543
2                  37
0.00299109239131    0.384525418282
4
4     3     2     2     
-1.8602608669         -2.00339859292        -1.56320679724        
-0.462770805297       0.384316019655        0.0578877597109       
-1.70735083193        1.86905071871         -1.02332370081        
-0.422899690169       0.577559035588        -1.74378749379        
0.58971749128         -3.90732889061        -0.847767388437       


0.688301420059        0.765576328846        
0.506786784271        2.78443373245         
1.14540336057         2.82041036904         
0.543110855599        3.52194286049         


0.800758648436        -0.800573508008       
1.05118551688         -1.05336340935        
3.11654218538         -3.11607378023        




1


1


1


1



0.0171213615686 0.79122453928

20.0001544952 832.686706543

2,37

0.00299109239131 0.384525418282
