   1    0   0.175987
   10    0.0230285   0.0230205
   20    0.022996   0.0229926
   30    0.0229826   0.0229794
   40    0.0229741   0.0229756
   50    0.0229635   0.0229682
   60    0.0229519   0.0229569
   70    0.0229431   0.0229515
   80    0.0229331   0.0229429
   90    0.0229275   0.0229391
   100    0.0229226   0.0229357
   110    0.0229202   0.0229345
   120    0.0229184   0.022933
   130    0.0229166   0.0229316
   140    0.022915   0.0229304
   150    0.0229134   0.0229297
   160    0.0229122   0.0229289
   170    0.022911   0.0229278
   180    0.0229088   0.0229252
   190    0.0229054   0.022923
   200    0.022903   0.0229215
   210    0.0229003   0.0229201
   220    0.0228989   0.0229198
   230    0.0228968   0.022919
   240    0.0228942   0.0229176
   250    0.0228927   0.0229165
   260    0.0228904   0.0229149
   270    0.0228895   0.0229133
   280    0.0228872   0.0229119
   290    0.0228849   0.0229099
   300    0.0228831   0.0229079
   310    0.0228814   0.0229058
   320    0.0228797   0.0229039
   330    0.0228787   0.0229025
   340    0.0228774   0.0229011
   350    0.022876   0.0228995
   360    0.0228747   0.022898
   370    0.0228737   0.0228966
   380    0.0228726   0.0228956
   390    0.0228716   0.0228943
   400    0.0228707   0.0228935
   410    0.0228698   0.0228925
   420    0.0228688   0.0228914
   430    0.0228679   0.0228906
   440    0.022867   0.0228897
   450    0.0228663   0.0228892
   460    0.0228658   0.0228889
   470    0.022865   0.0228883
   480    0.0228645   0.0228879
   490    0.0228638   0.0228874
   500    0.0228631   0.0228868
   510    0.0228626   0.0228863
   520    0.0228619   0.0228856
   530    0.0228614   0.0228854
   540    0.0228606   0.0228858
   550    0.0228599   0.0228858
   560    0.0228595   0.0228853
   570    0.0228591   0.022885
   580    0.0228585   0.0228846
   590    0.0228582   0.0228844
   600    0.0228578   0.022884
   610    0.0228575   0.0228838
   620    0.0228571   0.0228835
   630    0.0228569   0.0228833
   640    0.0228566   0.022883
   650    0.0228562   0.0228827
   660    0.0228559   0.0228825
   670    0.0228556   0.0228823
   680    0.0228552   0.0228819
   690    0.0228547   0.0228816
   700    0.0228545   0.0228814
   710    0.0228542   0.0228811
   720    0.022854   0.0228807
   730    0.0228535   0.0228805
   740    0.0228533   0.0228804
   750    0.0228532   0.0228803
   760    0.0228531   0.0228802
   770    0.0228528   0.02288
   780    0.0228527   0.0228799
   790    0.0228524   0.0228796
   800    0.0228523   0.0228795
   810    0.0228521   0.0228794
   820    0.0228519   0.0228793
   830    0.0228516   0.0228792
   840    0.0228514   0.022879
   850    0.0228513   0.0228789
   860    0.0228512   0.0228789
   870    0.022851   0.0228788
   880    0.0228509   0.0228787
   890    0.0228508   0.0228786
   900    0.0228506   0.0228785
   910    0.0228505   0.0228784
   920    0.0228504   0.0228783
   930    0.0228503   0.0228783
   940    0.0228501   0.0228783
   950    0.02285   0.0228782
   960    0.0228498   0.0228782
   970    0.0228498   0.0228781
   980    0.0228497   0.0228781
   990    0.0228496   0.0228781
   1000    0.0228495   0.0228781
   1010    0.0228494   0.022878
   1020    0.0228493   0.022878
   1030    0.0228493   0.022878
   1040    0.0228492   0.022878
   1050    0.0228491   0.0228779
   1060    0.022849   0.0228779
   1070    0.022849   0.0228779
   1080    0.0228489   0.0228779
   1090    0.0228488   0.0228779
   1100    0.0228488   0.0228779
   1110    0.0228487   0.0228779
   1120    0.0228486   0.0228778
   1130    0.0228486   0.0228778
   1140    0.0228486   0.0228778
   1150    0.0228485   0.0228778
   1160    0.0228485   0.0228778
   1170    0.0228484   0.0228778
   1180    0.0228484   0.0228778
   1190    0.0228484   0.0228778
   1200    0.0228483   0.0228777
   1210    0.0228482   0.0228777
   1220    0.0228482   0.0228777
   1230    0.0228481   0.0228777
   1240    0.0228481   0.0228777
   1250    0.0228481   0.0228777
   1260    0.022848   0.0228777
   1270    0.022848   0.0228777
   1280    0.022848   0.0228777
   1290    0.022848   0.0228777
   1300    0.022848   0.0228777
   1310    0.0228479   0.0228777
   1320    0.0228479   0.0228776
   1330    0.0228479   0.0228776
   1340    0.0228478   0.0228776
   1350    0.0228478   0.0228776
   1360    0.0228478   0.0228776
   1370    0.0228478   0.0228776
   1380    0.0228478   0.0228776
   1390    0.0228478   0.0228776
   1400    0.0228478   0.0228776
   1410    0.0228478   0.0228776
   1420    0.0228478   0.0228776
   1430    0.0228478   0.0228776
   1440    0.0228477   0.0228776
   1450    0.0228477   0.0228776
   1460    0.0228477   0.0228776
   1470    0.0228477   0.0228776
   1480    0.0228477   0.0228776
   1490    0.0228477   0.0228776
   1500    0.0228477   0.0228776
   1510    0.0228477   0.0228776
   1520    0.0228477   0.0228776
   1530    0.0228477   0.0228777
   1540    0.0228477   0.0228777
   1550    0.0228477   0.0228777
   1560    0.0228477   0.0228777
   1570    0.0228477   0.0228777
   1580    0.0228477   0.0228777
   1590    0.0228477   0.0228777
   1600    0.0228477   0.0228777
   1610    0.0228477   0.0228777
   1620    0.0228477   0.0228777
   1630    0.0228477   0.0228777
   1640    0.0228477   0.0228778
   1650    0.0228477   0.0228778
