0.0
0.0
0.0
0.0
0.0
0.0
0.0
0.0
0.0
0.0
0.0
0.0
0.0
0.0
0.0
0.0
0.0
0.0
0.0
1.689855e-06
1.877616e-06
8.637035e-06
6.759418e-06
1.520869e-05
1.595974e-05
2.628663e-05
2.947858e-05
4.262189e-05
4.525055e-05
6.271238e-05
5.839386e-05
9.93259e-05
7.698227e-05
0.0004029364
0.0001209185
0.0001434499
0.0001426988
0.0003462324
0.0002059745
0.001802136
0.0002797648
0.0004654611
0.0003543062
0.0005818733
0.0004149532
0.001329916
0.0006184868
0.00336788
0.0005910736
0.001088642
0.001362398
0.001193601
0.00126833
0.006124972
0.002589045
0.0229272
0.003136933
0.007085936
0.006573722
0.005569385
0.006818563
0.03334985
0.02177453
1
0.02176176
0.03355732
0.007038245
0.006330571
0.007003133
0.008688857
0.003410127
0.03035467
0.002689122
0.006720176
0.001399575
0.001544715
0.001547719
0.001373101
0.0006671171
0.003908258
0.0007337724
0.002261025
0.000476539
0.0006310668
0.0004016221
0.0003777764
0.0002470943
0.000933363
0.0002082276
0.0002666215
0.0003171294
0.0004125123
0.0003597513
0.0001498338
9.463185e-05
0.0001967742
0.0001004525
7.303927e-05
5.726729e-05
0.0003590002
5.989596e-05
4.581383e-05
3.980547e-05
0.00012918
1.013913e-05
3.755232e-06
1.12657e-06
7.510465e-07
1.877616e-07
1.877616e-07
1.877616e-07
1.877616e-07
0.0
0.0
0.0
0.0
0.0
0.0
0.0
0.0
0.0
0.0
0.0
0.0
0.0
0.0
0.0
