0.0
0.0
0.0
0.0
0.0
0.0
0.0
1.900983e-07
0.0
0.0
0.0
0.0
7.603932e-07
5.70295e-07
1.900983e-07
3.801966e-07
1.900983e-07
1.330688e-06
1.710885e-06
7.79403e-06
2.24316e-05
3.117612e-05
3.307711e-05
4.410281e-05
4.923546e-05
5.170674e-05
6.539382e-05
9.067689e-05
8.763532e-05
0.0001100669
0.0001094966
0.0001361104
0.0001414331
0.0001977022
0.000177932
0.0001984626
0.0001908587
0.0003110008
0.0002357219
0.0005035704
0.0002764029
0.0004020579
0.000351872
0.0005208694
0.0004003471
0.0007693279
0.000452434
0.001341524
0.0005250516
0.0008835769
0.001071584
0.001001438
0.001032234
0.003915645
0.001611083
0.01464783
0.002020175
0.005003578
0.005719108
0.004478906
0.005814917
0.02900007
0.02083497
1
0.02033235
0.02617311
0.005894949
0.00454506
0.006924521
0.007013107
0.002406645
0.02714414
0.001906306
0.005325794
0.00119876
0.001244193
0.00158504
0.001090784
0.0005807503
0.002922381
0.0005125051
0.001008281
0.0004341845
0.0005204892
0.0004185965
0.0003682204
0.0002670881
0.000533796
0.0002218447
0.0002990247
0.0002775435
0.0002606248
0.000214621
0.0001773617
0.0001262253
0.0001916191
0.0001252748
8.060168e-05
6.900568e-05
0.0001248946
4.068104e-05
4.695428e-05
2.927514e-05
4.752458e-05
1.17861e-05
7.223736e-06
5.702949e-06
1.710885e-06
5.70295e-07
3.801966e-07
1.900983e-07
1.900983e-07
0.0
0.0
0.0
0.0
0.0
0.0
0.0
0.0
0.0
0.0
0.0
1.900983e-07
0.0
0.0
0.0
