0.0
0.0
0.0
2.141423e-07
2.141423e-07
8.565694e-07
8.565694e-07
1.284854e-06
1.070712e-06
8.565694e-07
1.498996e-06
1.713139e-06
1.713139e-06
2.355566e-06
1.713139e-06
1.713139e-06
2.569708e-06
2.569708e-06
2.783851e-06
5.995986e-06
8.779836e-06
1.734553e-05
2.312737e-05
4.025876e-05
4.989517e-05
6.766898e-05
7.559224e-05
9.422263e-05
0.0001064287
0.000130841
0.0001400491
0.0001978675
0.0002100736
0.0006015258
0.0002788133
0.0003409146
0.0003593309
0.0008525007
0.000532572
0.004194192
0.0006644837
0.001048227
0.000710096
0.001109257
0.0008533573
0.003096926
0.0009797013
0.004576222
0.001053366
0.001709712
0.001852545
0.001743119
0.00176389
0.007378489
0.003144466
0.02500669
0.00336075
0.008132055
0.007645738
0.008050039
0.007178694
0.03907134
0.02400857
1
0.02412378
0.03886876
0.007424101
0.007039073
0.007945323
0.01017583
0.003275736
0.03526132
0.002811475
0.008232488
0.001917216
0.002214018
0.00216862
0.002048058
0.001138809
0.005166613
0.001085916
0.002785778
0.0008546421
0.001232603
0.000813955
0.0007083829
0.0005199376
0.001509489
0.0004398484
0.000669409
0.0007441447
0.0008516441
0.0007013162
0.0004000179
0.0002370556
0.0005025921
0.0003180014
0.0001785947
0.0001762391
0.0006456392
0.0001246308
0.0001329824
8.051752e-05
0.0003002276
2.93375e-05
1.26344e-05
5.353559e-06
3.426278e-06
8.565694e-07
4.282847e-07
0.0
0.0
0.0
2.141423e-07
0.0
0.0
0.0
0.0
0.0
0.0
0.0
0.0
0.0
0.0
0.0
0.0
0.0
