0.0
0.0
0.0
0.0
0.0
1.89861e-07
0.0
3.797221e-07
0.0
1.89861e-07
9.493052e-07
7.594442e-07
7.594442e-07
3.797221e-07
1.329027e-06
1.518888e-06
1.329027e-06
2.847916e-06
5.885692e-06
1.575847e-05
5.012332e-05
0.0001021452
0.0002356176
0.0004220611
0.000452249
0.00032789
0.0003985183
0.0004826268
0.0002715013
0.0002876395
0.0002094167
0.0003218145
0.0002866902
0.0009606968
0.0003550402
0.0005407243
0.0004102897
0.001023731
0.0005938853
0.004022776
0.0007455843
0.00127074
0.0008651968
0.001684067
0.0009475964
0.002112963
0.000975506
0.005745195
0.001074993
0.00173495
0.001969998
0.001718053
0.002025817
0.00781487
0.003932592
0.03014063
0.004084291
0.009738922
0.009051436
0.008179973
0.00759748
0.03998018
0.02183155
1
0.02233943
0.04055906
0.007529889
0.009894988
0.007971506
0.01223844
0.003596538
0.03324885
0.002771402
0.008475397
0.001802541
0.002136316
0.001890826
0.002116191
0.001062652
0.00547844
0.0009519632
0.003304721
0.0008150734
0.001194606
0.0007989352
0.0006675514
0.0004961069
0.001512053
0.0003913036
0.0006119221
0.0006876767
0.001015567
0.002214919
0.0003723175
0.0002284028
0.0004461734
0.0002827031
0.0001710648
0.0001642298
0.0006607164
0.0001125876
0.0001465727
7.119789e-05
0.0003590272
3.474457e-05
1.746722e-05
6.455276e-06
1.139166e-06
0.0
0.0
0.0
0.0
0.0
0.0
0.0
0.0
0.0
0.0
0.0
0.0
0.0
0.0
0.0
0.0
0.0
0.0
0.0
