0.0
0.0
0.0
0.0
0.0
0.0
0.0
0.0
0.0
0.0
0.0
0.0
0.0
0.0
4.323697e-07
0.0
0.0
2.161849e-07
0.0
2.594218e-06
4.539882e-06
9.728318e-06
7.782654e-06
1.405202e-05
1.729479e-05
2.378033e-05
2.486126e-05
4.237223e-05
3.99942e-05
5.70728e-05
4.929015e-05
8.906816e-05
6.312598e-05
9.793174e-05
9.879647e-05
0.0001385745
0.0001277652
0.0002144554
0.0001517618
0.0003389778
0.000180082
0.0002849316
0.0002901201
0.0003677304
0.0003104414
0.0007123291
0.0003495709
0.001436981
0.000479498
0.0009509972
0.001254088
0.001113784
0.001076601
0.005067157
0.001825249
0.03337073
0.002296748
0.006798797
0.006457225
0.004576849
0.005910926
0.029231
0.02296553
1
0.02276059
0.0331113
0.00608582
0.004962091
0.006581964
0.006965476
0.002328959
0.0289011
0.001882754
0.006393019
0.001189017
0.001239388
0.001449303
0.001000071
0.0005158171
0.001922316
0.0003997258
0.000802262
0.0003422206
0.0004049142
0.0002963894
0.0002860126
0.0001759745
0.0003221154
0.0001537074
0.0001869999
0.0001277652
0.0001292785
9.252712e-05
8.755486e-05
6.334216e-05
7.544852e-05
4.647974e-05
4.431789e-05
3.307628e-05
4.129131e-05
2.334796e-05
1.815953e-05
8.43121e-06
1.14578e-05
2.810403e-06
3.026588e-06
2.161849e-07
8.647394e-07
0.0
0.0
0.0
0.0
0.0
0.0
0.0
0.0
0.0
0.0
0.0
0.0
0.0
0.0
0.0
0.0
0.0
0.0
0.0
