0.0
0.0
0.0
0.0
0.0
0.0
0.0
0.0
0.0
0.0
0.0
0.0
0.0
0.0
0.0
1.866838e-07
0.0
0.0
7.467351e-07
1.680154e-06
3.920359e-06
7.654035e-06
1.26945e-05
2.090858e-05
2.29621e-05
2.594904e-05
2.837593e-05
4.107043e-05
4.797773e-05
5.861871e-05
5.544508e-05
8.51278e-05
8.307428e-05
0.0004695097
0.0001207844
0.0001573744
0.0001461734
0.0003619798
0.0003042945
0.002078164
0.0002988807
0.0004879914
0.000349472
0.0005466101
0.0003832618
0.001256382
0.0004898582
0.003326331
0.0006128828
0.001047669
0.001287745
0.001204857
0.001160613
0.006386078
0.00218364
0.02282302
0.002874557
0.006630074
0.006489128
0.005515572
0.006327833
0.03475865
0.02157374
1
0.021556
0.03351384
0.006774194
0.005838722
0.007404812
0.009083286
0.002952964
0.03255541
0.002460866
0.006969838
0.001415436
0.001459307
0.001612014
0.001390234
0.0006640342
0.00352627
0.0005503438
0.001834915
0.0004818308
0.0005581845
0.0003899824
0.0003367775
0.0002217803
0.0006097092
0.0001827634
0.0002245806
0.0002199135
0.0002688246
0.0002486628
0.0001174241
7.672703e-05
0.0001144371
6.776621e-05
6.291243e-05
5.451166e-05
0.0001650285
2.930935e-05
2.594904e-05
1.736159e-05
6.216569e-05
6.347248e-06
2.613573e-06
1.866838e-07
3.733676e-07
0.0
0.0
0.0
0.0
0.0
0.0
0.0
0.0
0.0
0.0
0.0
0.0
0.0
0.0
0.0
0.0
0.0
0.0
0.0
