0.0
0.0
0.0
0.0
0.0
0.0
0.0
0.0
0.0
0.0
0.0
0.0
0.0
0.0
0.0
0.0
0.0
0.0
0.0
1.067214e-06
1.920984e-06
7.89738e-06
8.964594e-06
1.579476e-05
1.707542e-05
2.604001e-05
3.116264e-05
5.058592e-05
4.930526e-05
6.8942e-05
6.125806e-05
0.0001054407
8.751151e-05
0.0001675525
0.0001201682
0.0001562401
0.0001549594
0.0002909224
0.000195727
0.0008407508
0.0002446054
0.000394869
0.0003395873
0.0004717084
0.0004023395
0.001090906
0.0004446011
0.002269109
0.0005468402
0.00103349
0.001336578
0.001215343
0.001146828
0.006055156
0.001959831
0.02278842
0.00232311
0.006580012
0.006518967
0.005091249
0.00612858
0.03365863
0.02186422
1
0.02182751
0.03207745
0.006275216
0.005350795
0.007190244
0.008420101
0.002340186
0.03150756
0.001880857
0.006486097
0.001244584
0.001377773
0.001633264
0.001187595
0.0005880346
0.003034302
0.0004860091
0.001232418
0.0004051143
0.0004772579
0.0003754457
0.0003361723
0.0002294509
0.0006232527
0.0001771574
0.0002384155
0.0002078932
0.0002580522
0.0002063991
0.0001259312
9.049971e-05
0.0001361764
6.936888e-05
6.979577e-05
5.037248e-05
0.0001637106
3.457772e-05
3.116264e-05
2.582657e-05
0.0001022391
1.067214e-05
5.976396e-06
1.920984e-06
6.403281e-07
4.268854e-07
0.0
0.0
0.0
0.0
0.0
0.0
0.0
0.0
0.0
0.0
0.0
0.0
0.0
0.0
0.0
0.0
0.0
0.0
