12   9  1
-8.90331e+09    8.83090e+09   -3.73734e+09    8.81007e+08   -1.26708e+08    1.14567e+07   -6.46996e+05    2.17334e+04   -3.65659e+02   -1.05247e+00
-8.84004e+09    8.76178e+09   -3.70417e+09    8.71886e+08   -1.25142e+08    1.12868e+07   -6.36022e+05    2.14403e+04   -3.86432e+02    2.72924e+00
-7.12742e+09    6.98409e+09   -2.91701e+09    6.77652e+08   -9.58557e+07    8.50400e+06   -4.70766e+05    1.56209e+04   -2.77770e+02   -9.77833e-01
-1.10616e+09    1.30918e+09   -6.68638e+08    1.93246e+08   -3.46580e+07    3.95032e+06   -2.78640e+05    1.10795e+04   -1.95528e+02   -1.88710e+00
-7.16517e+09    7.31091e+09   -3.20141e+09    7.86774e+08   -1.19069e+08    1.14404e+07   -6.90906e+05    2.47475e+04   -4.61467e+02    4.81463e+00
9.33998e+09   -9.14521e+09    3.81588e+09   -8.85883e+08    1.25362e+08   -1.11392e+07    6.16748e+05   -2.03583e+04    3.61726e+02   -7.05836e+00
-3.98683e+09    4.02449e+09   -1.72946e+09    4.11465e+08   -5.88937e+07    5.13711e+06   -2.61396e+05    6.81621e+03   -6.73860e+01   -2.56798e+00
-1.13023e+10    1.14711e+10   -4.98520e+09    1.21154e+09   -1.80275e+08    1.68771e+07   -9.80087e+05    3.32709e+04   -5.93634e+02    7.14002e+00
1.81255e+10   -1.78880e+10    7.56161e+09   -1.79162e+09    2.61271e+08   -2.41850e+07    1.40608e+06   -4.85057e+04    8.77289e+02   -1.26399e+01
-1.53066e+09    1.48678e+09   -6.09300e+08    1.36488e+08   -1.80487e+07    1.41104e+06   -6.09607e+04    1.21604e+03   -1.06445e+01   -2.76963e+00
-1.29683e+10    1.30297e+10   -5.59513e+09    1.34030e+09   -1.95950e+08    1.79490e+07   -1.01493e+06    3.34849e+04   -5.98109e+02    8.67223e+00
2.12346e+10   -2.03656e+10    8.29971e+09   -1.87445e+09    2.56334e+08   -2.17295e+07    1.11696e+06   -3.23939e+04    4.86558e+02   -1.21046e+01
2.70433e+09   -2.63745e+09    1.09347e+09   -2.51380e+08    3.50577e+07   -3.04915e+06    1.63534e+05   -5.10893e+03    7.83967e+01   -3.48869e+00
-5.67112e+09    5.44195e+09   -2.22379e+09    5.05570e+08   -7.00584e+07    6.08161e+06   -3.25483e+05    1.01782e+04   -2.03603e+02    7.30267e+00
3.40010e+10   -3.31872e+10    1.37504e+10   -3.14838e+09    4.34060e+08   -3.67423e+07    1.86063e+06   -5.25868e+04    7.90320e+02   -1.66984e+01
-6.86597e+08    5.65945e+08   -1.79269e+08    2.45431e+07   -3.35604e+05   -3.29562e+05    4.30719e+04   -2.34076e+03    5.28003e+01   -3.43982e+00
-1.46165e+10    1.46887e+10   -6.28860e+09    1.49438e+09   -2.15108e+08    1.91958e+07   -1.04386e+06    3.29045e+04   -5.95418e+02    1.12626e+01
3.87288e+10   -3.73709e+10    1.52937e+10   -3.45690e+09    4.70568e+08   -3.93826e+07    1.97876e+06   -5.60730e+04    8.88522e+02   -2.01205e+01
2.99419e+09   -2.93184e+09    1.21944e+09   -2.80722e+08    3.90485e+07   -3.36146e+06    1.75918e+05   -5.23225e+03    7.34296e+01   -3.30057e+00
-1.12401e+10    1.08030e+10   -4.40008e+09    9.88643e+08   -1.33521e+08    1.10576e+07   -5.48702e+05    1.55567e+04   -2.97906e+02    1.05712e+01
4.22501e+10   -4.10313e+10    1.68983e+10   -3.84408e+09    5.26995e+08   -4.45340e+07    2.27617e+06   -6.68731e+04    1.14185e+03   -2.49369e+01
4.43307e+09   -4.47186e+09    1.92676e+09   -4.62666e+08    6.77185e+07   -6.20161e+06    3.50122e+05   -1.14648e+04    1.87184e+02   -4.03033e+00
-1.29974e+10    1.26585e+10   -5.22933e+09    1.19282e+09   -1.63731e+08    1.38121e+07   -7.02422e+05    2.07526e+04   -4.13607e+02    1.30092e+01
3.05783e+10   -3.12108e+10    1.35661e+10   -3.27190e+09    4.78013e+08   -4.33257e+07    2.39862e+06   -7.77344e+04    1.49363e+03   -3.13117e+01
1.20967e+09   -1.26663e+09    5.70574e+08   -1.44475e+08    2.25209e+07   -2.22087e+06    1.36459e+05   -4.88385e+03    8.43526e+01   -3.25324e+00
-1.03372e+10    1.01747e+10   -4.24781e+09    9.78457e+08   -1.35343e+08    1.14544e+07   -5.79982e+05    1.70416e+04   -3.73432e+02    1.44949e+01
8.45507e+09   -9.35639e+09    4.42975e+09   -1.17137e+09    1.89460e+08   -1.93060e+07    1.23514e+06   -4.90483e+04    1.30218e+03   -3.62894e+01
1.13790e+09   -1.15998e+09    5.06038e+08   -1.23230e+08    1.83091e+07   -1.70152e+06    9.72002e+04   -3.18963e+03    5.00447e+01   -2.94550e+00
-3.99116e+09    4.09449e+09   -1.79548e+09    4.38663e+08   -6.51895e+07    6.04069e+06   -3.46869e+05    1.26088e+04   -3.93996e+02    1.73119e+01
-2.33359e+10    2.44770e+10   -1.10130e+10    2.77455e+09   -4.28257e+08    4.15692e+07   -2.49251e+06    8.48929e+04   -1.14364e+03   -2.33537e+01
-3.01511e+08    3.21743e+08   -1.46989e+08    3.74784e+07   -5.83420e+06    5.70632e+05   -3.49201e+04    1.30837e+03   -2.98254e+01   -1.96394e+00
3.35978e+10   -3.38761e+10    1.46167e+10   -3.52609e+09    5.21391e+08   -4.87139e+07    2.85381e+06   -9.94483e+04    1.71004e+03    3.15375e+00
-1.57173e+10    1.74763e+10   -8.44486e+09    2.31918e+09   -3.96896e+08    4.35540e+07   -3.02158e+06    1.23358e+05   -2.30868e+03   -1.53071e+01
8.56975e+08   -8.47353e+08    3.58106e+08   -8.45489e+07    1.22276e+07   -1.11606e+06    6.36811e+04   -2.14878e+03    3.63919e+01   -7.25863e-01
-3.89064e+10    3.97293e+10   -1.73483e+10    4.22551e+09   -6.27471e+08    5.82228e+07   -3.31500e+06    1.08430e+05   -1.82984e+03    2.68257e+01
5.10529e+10   -4.86599e+10    1.98382e+10   -4.53649e+09    6.40600e+08   -5.76450e+07    3.24223e+06   -1.04238e+05    1.70024e+03   -4.22981e+01

