12   5  1
-3.34333e+04    2.11896e+04   -4.35121e+03    2.54429e+02    1.82550e+01   -3.82904e+00
-3.74046e+04    2.42291e+04   -5.36227e+03    4.54971e+02   -1.32493e+01    4.46887e-02
-2.15389e+04    1.71624e+04   -4.45524e+03    4.40221e+02   -1.43713e+01   -2.82408e+00
-2.04753e+03   -9.27552e+03    5.23317e+03   -9.91972e+02    7.45628e+01   -4.26054e+00
-2.47776e+04    9.18419e+03   -1.04388e+01   -3.14778e+02    2.67693e+01    9.78552e-01
1.38802e+04   -5.82601e+03    7.51152e+02   -5.40330e+01    2.87371e+00   -4.48438e+00
1.37618e+05   -8.14312e+04    1.77966e+04   -1.72233e+03    6.53699e+01   -3.35729e+00
8.06544e+04   -5.21597e+04    1.29336e+04   -1.45986e+03    5.61233e+01    2.23539e+00
-5.25862e+04    4.36821e+04   -1.30287e+04    1.66146e+03   -8.14708e+01   -5.20331e+00
3.11400e+04   -1.71476e+04    3.24206e+03   -2.21689e+02   -3.21389e-01   -2.72289e+00
1.13748e+05   -6.89465e+04    1.56024e+04   -1.52507e+03    3.65047e+01    4.03085e+00
-2.36866e+05    1.45780e+05   -3.30388e+04    3.17879e+03   -9.60037e+01   -8.26819e+00
-1.61490e+03    1.57728e+03   -5.87629e+02    1.06926e+02   -9.79779e+00   -2.88626e+00
5.90287e+04   -3.68793e+04    8.43885e+03   -7.40248e+02   -1.09546e+01    5.91560e+00
-4.65133e+05    2.65079e+05   -5.40213e+04    4.41733e+03   -8.10398e+01   -1.15400e+01
8.04967e+03   -3.20482e+03    2.14321e+02    5.76661e+01   -9.28099e+00   -2.84841e+00
1.58232e+05   -8.65760e+04    1.67331e+04   -1.18658e+03   -2.05893e+01    7.40365e+00
-4.46225e+05    2.57118e+05   -5.23091e+04    4.05750e+03   -3.13143e+01   -1.46230e+01
-1.83076e+04    1.05336e+04   -2.37342e+03    2.64593e+02   -1.52874e+01   -2.73153e+00
1.23241e+05   -6.65059e+04    1.22160e+04   -6.53038e+02   -5.89921e+01    9.22297e+00
-3.32713e+05    1.91497e+05   -3.82201e+04    2.59041e+03    5.78193e+01   -1.82680e+01
-3.29345e+04    2.00010e+04   -4.67760e+03    5.24382e+02   -2.85104e+01   -2.46673e+00
1.21602e+05   -6.28564e+04    1.04518e+04   -2.92500e+02   -9.52978e+01    1.11506e+01
-2.89175e+05    1.64795e+05   -3.18469e+04    1.77900e+03    1.25690e+02   -2.19182e+01
-7.22818e+03    5.20011e+03   -1.52180e+03    2.23835e+02   -1.66046e+01   -2.45262e+00
1.32908e+05   -6.82645e+04    1.10353e+04   -2.00320e+02   -1.19970e+02    1.30944e+01
7.45461e+04   -5.27930e+04    1.70260e+04   -3.36547e+03    3.93079e+02   -2.90624e+01
-1.15951e+04    7.16772e+03   -1.70615e+03    1.97307e+02   -1.15485e+01   -2.49546e+00
5.63548e+04   -2.40446e+04    1.32956e+03    8.47211e+02   -1.84147e+02    1.58133e+01
1.76130e+05   -1.31579e+05    4.00875e+04   -6.56023e+03    6.15621e+02   -3.69406e+01
-4.74205e+03    2.57958e+03   -6.28583e+02    8.67199e+01   -6.78667e+00   -2.13778e+00
1.27592e+05   -6.64894e+04    1.08566e+04   -1.13324e+02   -1.51812e+02    1.72633e+01
-5.96958e+05    3.07118e+05   -5.13825e+04    1.85140e+03    3.21460e+02   -3.78177e+01
-4.20620e+03    2.13776e+03   -4.71918e+02    5.94499e+01   -4.55496e+00   -4.17635e-01
4.63824e+05   -2.88714e+05    6.81800e+04   -7.30780e+03    2.73588e+02    1.14589e+01
-5.87689e+05    4.43406e+05   -1.24153e+05    1.52259e+04   -6.19949e+02   -2.38927e+01

