6   5  1
 3.2101094136612709e+06 -9.4705630748389300e+05  1.0829875911775141e+05 -6.1863554011577025e+03  2.0135361106894280e+02 -8.0761514988818153e+00 
 4.5079440999297943e+05 -1.0647181055807657e+05  9.0139114799507752e+03 -3.6081366141823679e+02  7.0376737639960325e+00 -2.3610285047746506e+00 
 7.4586241329435969e+05 -1.6634188647165423e+05  1.2838436550628834e+04 -4.5120828291620853e+02  8.1842526809672229e+00 -5.9197536687071333e+00 
 3.5884379653355042e+06 -1.0531756617027025e+06  1.1934641124479045e+05 -6.7061190805056403e+03  2.1095020483594095e+02 -6.5568419073184483e+00 
 0.0000000000000000e+00  0.0000000000000000e+00  0.0000000000000000e+00  0.0000000000000000e+00 -1.5062019624783798e+00 -3.1569307956279197e-01 
 0.0000000000000000e+00  0.0000000000000000e+00  0.0000000000000000e+00  0.0000000000000000e+00 -1.3027693288928379e+00 -3.5400481738796068e+00 
 2.3155452602605596e+06 -7.1891501255134703e+05  8.6585158124840658e+04 -5.1799762005076909e+03  1.7441315420719826e+02 -5.3334936315347807e+00 
 0.0000000000000000e+00  0.0000000000000000e+00  0.0000000000000000e+00  0.0000000000000000e+00 -3.6114283847420849e+00  1.5982998291730415e+00 
 0.0000000000000000e+00  0.0000000000000000e+00  0.0000000000000000e+00  0.0000000000000000e+00 -9.8697714460669317e-01 -4.0296821938338319e+00 
 2.5492741738774744e+06 -7.8599345529792004e+05  9.3737591740107193e+04 -5.5326423872095538e+03  1.8118619438298339e+02 -5.2390153677605218e+00 
-3.1098153044707078e+05  1.1007248411865601e+05 -1.4280144141196661e+04  8.4109025518696251e+02 -2.5970904293141370e+01  3.1892310883718391e+00 
-5.5577338590808783e+05  1.3154358085719805e+05 -1.1694747055412488e+04  5.6105436016810438e+02 -1.5530677686084243e+01 -6.1618612270588793e+00 
 2.6932154305977230e+06 -8.2250052647013229e+05  9.6899959691172277e+04 -5.6297294779617941e+03  1.7951168208697126e+02 -4.6983951237217196e+00 
 0.0000000000000000e+00  0.0000000000000000e+00  0.0000000000000000e+00  0.0000000000000000e+00 -5.4812317220100892e+00  4.7513315671141720e+00 
-5.2836565144663176e+05  1.2409531281512717e+05 -1.0931090612321719e+04  5.2509257144231174e+02 -1.3301367935777353e+01 -9.1621620095231666e+00 
-2.7011359673979054e+06  8.2180193078306376e+05 -9.6658466651702445e+04  5.6226808449705832e+03 -1.8772212765456376e+02  3.8617748667187937e+00 
-5.2076889316070534e+05  1.5949629384340727e+05 -1.8999044900140336e+04  1.1022106651944848e+03 -3.4436466136411170e+01  7.4376238285956164e+00 
 6.4766725322662554e+04 -2.6994996461319020e+04  2.0876601827129484e+03  7.6609049415560705e+01  2.6995934389534368e+00 -1.6338670795256700e+01 
