6   5  1
 0.0000000000000000e+00  0.0000000000000000e+00  0.0000000000000000e+00  0.0000000000000000e+00  3.4177030972717031e+00 -4.5023370509744884e+00 
 0.0000000000000000e+00  0.0000000000000000e+00  0.0000000000000000e+00  0.0000000000000000e+00 -3.9457052964315942e+00 -2.0763454756086683e+00 
 0.0000000000000000e+00  0.0000000000000000e+00  0.0000000000000000e+00  0.0000000000000000e+00 -7.1457121881276997e+00 -5.3628979048490102e+00 
 0.0000000000000000e+00  0.0000000000000000e+00  0.0000000000000000e+00  0.0000000000000000e+00  1.1451687460393387e+00 -2.8495425297831072e+00 
 0.0000000000000000e+00  0.0000000000000000e+00  0.0000000000000000e+00  0.0000000000000000e+00 -5.2948114471475387e+00 -9.8180069037555190e-02 
 0.0000000000000000e+00  0.0000000000000000e+00  0.0000000000000000e+00  0.0000000000000000e+00 -6.2682749645404909e+00 -3.1860384549381653e+00 
-1.6121439489178472e+04  1.5384843175364240e+04 -5.6689338934841298e+03  9.8861606625107947e+02 -7.4716003818930389e+01 -3.8665489218520077e-04 
 0.0000000000000000e+00  0.0000000000000000e+00  0.0000000000000000e+00  0.0000000000000000e+00 -5.3892009434433490e+00  1.6646106984668607e+00 
 8.5418865316008014e+04 -8.4729845210357686e+04  3.2509874328900842e+04 -6.0360232287805875e+03  5.4703207243206543e+02 -2.3269764393538701e+01 
-2.1753363459026186e+03  2.5480537135521458e+03 -1.0800153221381784e+03  1.9801727578735878e+02 -1.1004696684536585e+01 -1.9122411799639756e+00 
-7.2398222368353381e+04  7.1692026459293120e+04 -2.7540169230500542e+04  5.1273037919535100e+03 -4.6741803632344750e+02  1.9108986234485663e+01 
 1.1990918855988217e+05 -1.1822072172982995e+05  4.5191687950925800e+04 -8.3693591975687395e+03  7.5772428412511772e+02 -3.2747029952012895e+01 
 3.9301134316298808e+03 -3.7541418325082136e+03  1.4425795489191560e+03 -2.9377291122879348e+02  3.3552924307793113e+01 -3.1130586170893051e+00 
 0.0000000000000000e+00  0.0000000000000000e+00  0.0000000000000000e+00  0.0000000000000000e+00 -6.1138164489828783e+00  4.6083958462708150e+00 
 1.5753424210854530e+05 -1.5644030230854396e+05  6.0286848768357333e+04 -1.1264081605869356e+04  1.0303907886480429e+03 -4.5437223190174670e+01 
 3.2397164095336298e+04 -3.2114134513896468e+04  1.2294103984600111e+04 -2.2470209645997870e+03  1.8686345236342740e+02 -5.6709849549599838e+00 
-5.3617340636071443e+04  5.4302846581616992e+04 -2.1435558635721187e+04  4.1270402937878653e+03 -3.9750537586689597e+02  2.1789322216626250e+01 
 1.7215536713492026e+05 -1.7277470681531032e+05  6.7174146724203878e+04 -1.2602759089486393e+04  1.1522785437972470e+03 -5.3827210284314098e+01 
