-1 0 0.708
-1 1 0.568
-1 2 0.308
-1 3 0.268
-1 4 0.0779999
-1 5 -0.0720001
-1 6 -0.132
-1 7 -0.362
-1 8 -0.582
-1 9 -0.782
-1 10 0.99
-1 11 0.68
-1 12 0.46
-1 13 0.45
-1 14 0.24
-1 15 -0.0200001
-1 16 -0.16
-1 17 -0.37
-1 18 -0.58
-1 19 -0.72
-1 20 -0.97
-1 21 1.39333
-1 22 1.10333
-1 23 0.963333
-1 24 0.743333
-1 25 0.523333
-1 26 0.303333
-1 27 0.203333
-1 28 0.0533332
-1 29 -0.0466669
-1 30 -0.476667
-1 31 -0.536667
-1 32 -0.766667
-1 33 -0.916667
-1 34 -1.17667
-1 35 -1.36667
-1 36 -0.694444
-1 37 -0.514444
-1 38 -0.264444
-1 39 -0.244444
-1 40 -0.0144444
-1 41 0.0655556
-1 42 0.255556
-1 43 0.615556
-1 44 0.795556
-1 45 0.798889
-1 46 0.698889
-1 47 0.338889
-1 48 0.168889
-1 49 0.0688889
-1 50 -0.101111
-1 51 -0.481111
-1 52 -0.611111
-1 53 -0.881111
-1 54 0.959091
-1 55 0.729091
-1 56 0.509091
-1 57 0.369091
-1 58 0.229091
-1 59 -0.140909
-1 60 -0.290909
-1 61 -0.370909
-1 62 -0.490909
-1 63 -0.670909
-1 64 -0.830909
-1 65 1.20083
-1 66 0.930833
-1 67 0.730833
-1 68 0.550833
-1 69 0.390833
-1 70 0.160833
-1 71 0.0808332
-1 72 -0.309167
-1 73 -0.639167
-1 74 -0.839167
-1 75 -0.999167
-1 76 -1.25917
-1 77 1.18231
-1 78 0.972308
-1 79 0.752308
-1 80 0.602308
-1 81 0.412308
-1 82 0.172308
-1 83 0.0223076
-1 84 -0.107692
-1 85 -0.267692
-1 86 -0.697692
-1 87 -0.887692
-1 88 -0.987692
-1 89 -1.16769
-1 90 1.50357
-1 91 1.16357
-1 92 0.883571
-1 93 0.783571
-1 94 0.413571
-1 95 0.183571
-1 96 0.113571
-1 97 -0.0264286
-1 98 -0.286429
-1 99 -0.656429
-1 100 -0.756429
-1 101 -0.816429
-1 102 -1.12643
-1 103 -1.37643
1 0 0.893
1 1 0.663
1 2 0.553
1 3 0.313
1 4 0.0630001
1 5 -0.157
1 6 -0.127
1 7 -0.427
1 8 -0.727
1 9 -1.047
1 10 0.916364
1 11 0.826364
1 12 0.696364
1 13 0.526364
1 14 0.356364
1 15 -0.0136362
1 16 -0.243636
1 17 -0.433636
1 18 -0.643636
1 19 -0.793636
1 20 -1.19364
1 21 0.733333
1 22 0.803333
1 23 1.13333
1 24 1.32333
1 25 1.52333
1 26 -0.256667
1 27 -0.0466667
1 28 0.123333
1 29 0.283333
1 30 -0.746667
1 31 -0.526667
1 32 -0.496667
1 33 -1.21667
1 34 -1.13667
1 35 -1.49667
1 36 -0.753333
1 37 -0.513333
1 38 -0.343333
1 39 -0.193333
1 40 0.0566667
1 41 0.116667
1 42 0.456667
1 43 0.446667
1 44 0.726667
1 45 1.00778
1 46 0.707778
1 47 0.497778
1 48 0.337778
1 49 -0.0522221
1 50 -0.262222
1 51 -0.552222
1 52 -0.802222
1 53 -0.882222
1 54 0.937273
1 55 0.807273
1 56 0.687273
1 57 0.397273
1 58 0.267273
1 59 0.0472728
1 60 -0.282727
1 61 -0.502727
1 62 -0.642727
1 63 -0.752727
1 64 -0.962727
1 65 1.325
1 66 1.105
1 67 1.065
1 68 0.765
1 69 0.375
1 70 0.145
1 71 -0.0650001
1 72 -0.385
1 73 -0.635
1 74 -1.025
1 75 -1.425
1 76 -1.245
1 77 0.320769
1 78 0.140769
1 79 0.0107692
1 80 -0.219231
1 81 -0.369231
1 82 -0.799231
1 83 -0.859231
1 84 -1.29923
1 85 -1.31923
1 86 1.53077
1 87 1.22077
1 88 0.940769
1 89 0.700769
1 90 0.224286
1 91 0.394286
1 92 0.614286
1 93 0.804286
1 94 1.04429
1 95 1.36429
1 96 1.52429
1 97 -0.215714
1 98 -0.0657144
1 99 -0.645714
1 100 -0.835714
1 101 -1.12571
1 102 -1.61571
1 103 -1.46571
