# lxplus: ~sfratina/public/TRT/swIndex.txt, columns:
# barrel only, perhaps order of chips for side C is slightly different in one board
# - straw number 0-1641
# - chip number 0-103
# - layer number 0-2
# - straw layer number 0-29
# - straw number within a layer 0-15
   0   0 0  0 14
   1   0 0  0 13
   2   0 0  0 12
   3   1 0  0 11
   4   1 0  0 10
   5   1 0  0  9
   6   1 0  0  8
   7   2 0  0  7
   8   2 0  0  6
   9   2 0  0  5
  10   2 0  0  4
  11   3 0  0  3
  12   3 0  0  2
  13   3 0  0  1
  14   3 0  0  0
  15   0 0  1 15
  16   0 0  1 14
  17   0 0  1 13
  18   0 0  1 12
  19   1 0  1 11
  20   1 0  1 10
  21   1 0  1  9
  22   2 0  1  8
  23   2 0  1  7
  24   2 0  1  6
  25   2 0  1  5
  26   3 0  1  4
  27   3 0  1  3
  28   3 0  1  2
  29   3 0  1  1
  30   3 0  1  0
  31   0 0  2 15
  32   0 0  2 14
  33   0 0  2 13
  34   0 0  2 12
  35   1 0  2 11
  36   1 0  2 10
  37   1 0  2  9
  38   2 0  2  8
  39   2 0  2  7
  40   2 0  2  6
  41   3 0  2  5
  42   3 0  2  4
  43   3 0  2  3
  44   3 0  2  2
  45  20 0  2  1
  46  20 0  2  0
  47   0 0  3 15
  48   0 0  3 14
  49   0 0  3 13
  50   0 0  3 12
  51   1 0  3 11
  52   1 0  3 10
  53   2 0  3  9
  54   2 0  3  8
  55   2 0  3  7
  56   2 0  3  6
  57   3 0  3  5
  58   3 0  3  4
  59   3 0  3  3
  60  20 0  3  2
  61  20 0  3  1
  62  20 0  3  0
  63   0 0  4 15
  64   6 0  4 14
  65   6 0  4 13
  66   6 0  4 12
  67   6 0  4 11
  68   5 0  4 10
  69   5 0  4  9
  70   5 0  4  8
  71   4 0  4  7
  72   4 0  4  6
  73   4 0  4  5
  74   4 0  4  4
  75   4 0  4  3
  76  20 0  4  2
  77  20 0  4  1
  78  20 0  4  0
  79   6 0  5 16
  80   6 0  5 15
  81   6 0  5 14
  82   6 0  5 13
  83   5 0  5 12
  84   5 0  5 11
  85   5 0  5 10
  86   5 0  5  9
  87   4 0  5  8
  88   4 0  5  7
  89   4 0  5  6
  90   4 0  5  5
  91  20 0  5  4
  92  20 0  5  3
  93  20 0  5  2
  94  20 0  5  1
  95  20 0  5  0
  96   6 0  6 16
  97   6 0  6 15
  98   6 0  6 14
  99   6 0  6 13
 100   5 0  6 12
 101   5 0  6 11
 102   5 0  6 10
 103   5 0  6  9
 104   4 0  6  8
 105   4 0  6  7
 106   4 0  6  6
 107  19 0  6  5
 108  19 0  6  4
 109  20 0  6  3
 110  20 0  6  2
 111  20 0  6  1
 112  18 0  6  0
 113   6 0  7 16
 114   6 0  7 15
 115   6 0  7 14
 116   6 0  7 13
 117   5 0  7 12
 118   5 0  7 11
 119   5 0  7 10
 120   4 0  7  9
 121   4 0  7  8
 122   4 0  7  7
 123  19 0  7  6
 124  19 0  7  5
 125  19 0  7  4
 126  19 0  7  3
 127  18 0  7  2
 128  18 0  7  1
 129  18 0  7  0
 130   7 0  8 16
 131   7 0  8 15
 132   7 0  8 14
 133   7 0  8 13
 134   8 0  8 12
 135   8 0  8 11
 136   8 0  8 10
 137   8 0  8  9
 138   4 0  8  8
 139  19 0  8  7
 140  19 0  8  6
 141  19 0  8  5
 142  19 0  8  4
 143  18 0  8  3
 144  18 0  8  2
 145  18 0  8  1
 146  18 0  8  0
 147   7 0  9 16
 148   7 0  9 15
 149   7 0  9 14
 150   8 0  9 13
 151   8 0  9 12
 152   8 0  9 11
 153   8 0  9 10
 154  19 0  9  9
 155  19 0  9  8
 156  19 0  9  7
 157  19 0  9  6
 158  19 0  9  5
 159  18 0  9  4
 160  18 0  9  3
 161  18 0  9  2
 162  18 0  9  1
 163  18 0  9  0
 164   7 0 10 17
 165   7 0 10 16
 166   7 0 10 15
 167   8 0 10 14
 168   8 0 10 13
 169   8 0 10 12
 170   8 0 10 11
 171  15 0 10 10
 172  15 0 10  9
 173  19 0 10  8
 174  15 0 10  7
 175  16 0 10  6
 176  16 0 10  5
 177  18 0 10  4
 178  18 0 10  3
 179  18 0 10  2
 180  17 0 10  1
 181  17 0 10  0
 182   7 0 11 17
 183   7 0 11 16
 184   7 0 11 15
 185   8 0 11 14
 186   8 0 11 13
 187   8 0 11 12
 188   8 0 11 11
 189  15 0 11 10
 190  15 0 11  9
 191  15 0 11  8
 192  16 0 11  7
 193  16 0 11  6
 194  16 0 11  5
 195  16 0 11  4
 196  17 0 11  3
 197  17 0 11  2
 198  17 0 11  1
 199  17 0 11  0
 200   7 0 12 17
 201   7 0 12 16
 202   7 0 12 15
 203   9 0 12 14
 204   9 0 12 13
 205  15 0 12 12
 206  15 0 12 11
 207  15 0 12 10
 208  15 0 12  9
 209  15 0 12  8
 210  16 0 12  7
 211  16 0 12  6
 212  16 0 12  5
 213  16 0 12  4
 214  17 0 12  3
 215  17 0 12  2
 216  17 0 12  1
 217  17 0 12  0
 218   9 0 13 17
 219   9 0 13 16
 220   9 0 13 15
 221   9 0 13 14
 222  14 0 13 13
 223  13 0 13 12
 224  15 0 13 11
 225  15 0 13 10
 226  15 0 13  9
 227  16 0 13  8
 228  16 0 13  7
 229  16 0 13  6
 230  16 0 13  5
 231  16 0 13  4
 232  17 0 13  3
 233  17 0 13  2
 234  17 0 13  1
 235  17 0 13  0
 236   9 0 14 17
 237   9 0 14 16
 238   9 0 14 15
 239  14 0 14 14
 240  14 0 14 13
 241  15 0 14 12
 242  15 0 14 11
 243  13 0 14 10
 244  13 0 14  9
 245  12 0 14  8
 246  12 0 14  7
 247  12 0 14  6
 248  16 0 14  5
 249  17 0 14  4
 250  17 0 14  3
 251  10 0 14  2
 252  10 0 14  1
 253  10 0 14  0
 254   9 0 15 18
 255   9 0 15 17
 256   9 0 15 16
 257  14 0 15 15
 258  14 0 15 14
 259  13 0 15 13
 260  13 0 15 12
 261  13 0 15 11
 262  13 0 15 10
 263  12 0 15  9
 264  12 0 15  8
 265  12 0 15  7
 266  11 0 15  6
 267  11 0 15  5
 268  11 0 15  4
 269  11 0 15  3
 270  10 0 15  2
 271  10 0 15  1
 272  10 0 15  0
 273   9 0 16 18
 274   9 0 16 17
 275  14 0 16 16
 276  14 0 16 15
 277  14 0 16 14
 278  13 0 16 13
 279  13 0 16 12
 280  13 0 16 11
 281  13 0 16 10
 282  12 0 16  9
 283  12 0 16  8
 284  12 0 16  7
 285  11 0 16  6
 286  11 0 16  5
 287  11 0 16  4
 288  11 0 16  3
 289  10 0 16  2
 290  10 0 16  1
 291  10 0 16  0
 292   9 0 17 18
 293  14 0 17 17
 294  14 0 17 16
 295  14 0 17 15
 296  14 0 17 14
 297  13 0 17 13
 298  13 0 17 12
 299  13 0 17 11
 300  12 0 17 10
 301  12 0 17  9
 302  12 0 17  8
 303  11 0 17  7
 304  11 0 17  6
 305  11 0 17  5
 306  11 0 17  4
 307  10 0 17  3
 308  10 0 17  2
 309  10 0 17  1
 310  10 0 17  0
 311   9 0 18 17
 312  14 0 18 16
 313  14 0 18 15
 314  14 0 18 14
 315  14 0 18 13
 316  13 0 18 12
 317  13 0 18 11
 318  12 0 18 10
 319  12 0 18  9
 320  12 0 18  8
 321  12 0 18  7
 322  11 0 18  6
 323  11 0 18  5
 324  11 0 18  4
 325  11 0 18  3
 326  10 0 18  2
 327  10 0 18  1
 328  10 0 18  0
 329  25 1  0 18
 330  25 1  0 17
 331  25 1  0 16
 332  25 1  0 15
 333  24 1  0 14
 334  24 1  0 13
 335  24 1  0 12
 336  24 1  0 11
 337  23 1  0 10
 338  23 1  0  9
 339  23 1  0  8
 340  23 1  0  7
 341  22 1  0  6
 342  22 1  0  5
 343  22 1  0  4
 344  21 1  0  3
 345  21 1  0  2
 346  21 1  0  1
 347  21 1  0  0
 348  25 1  1 19
 349  25 1  1 18
 350  25 1  1 17
 351  25 1  1 16
 352  24 1  1 15
 353  24 1  1 14
 354  24 1  1 13
 355  24 1  1 12
 356  23 1  1 11
 357  23 1  1 10
 358  23 1  1  9
 359  23 1  1  8
 360  22 1  1  7
 361  22 1  1  6
 362  22 1  1  5
 363  22 1  1  4
 364  21 1  1  3
 365  21 1  1  2
 366  21 1  1  1
 367  21 1  1  0
 368  53 1  2 19
 369  25 1  2 18
 370  25 1  2 17
 371  24 1  2 16
 372  24 1  2 15
 373  24 1  2 14
 374  24 1  2 13
 375  24 1  2 12
 376  23 1  2 11
 377  23 1  2 10
 378  23 1  2  9
 379  23 1  2  8
 380  22 1  2  7
 381  22 1  2  6
 382  22 1  2  5
 383  22 1  2  4
 384  21 1  2  3
 385  21 1  2  2
 386  21 1  2  1
 387  21 1  2  0
 388  53 1  3 19
 389  53 1  3 18
 390  53 1  3 17
 391  25 1  3 16
 392  25 1  3 15
 393  25 1  3 14
 394  24 1  3 13
 395  24 1  3 12
 396  24 1  3 11
 397  23 1  3 10
 398  23 1  3  9
 399  23 1  3  8
 400  22 1  3  7
 401  22 1  3  6
 402  22 1  3  5
 403  22 1  3  4
 404  22 1  3  3
 405  21 1  3  2
 406  21 1  3  1
 407  21 1  3  0
 408  53 1  4 19
 409  53 1  4 18
 410  53 1  4 17
 411  53 1  4 16
 412  25 1  4 15
 413  26 1  4 14
 414  27 1  4 13
 415  27 1  4 12
 416  23 1  4 11
 417  27 1  4 10
 418  27 1  4  9
 419  28 1  4  8
 420  28 1  4  7
 421  28 1  4  6
 422  28 1  4  5
 423  29 1  4  4
 424  29 1  4  3
 425  29 1  4  2
 426  29 1  4  1
 427  21 1  4  0
 428  53 1  5 19
 429  53 1  5 18
 430  53 1  5 17
 431  25 1  5 16
 432  25 1  5 15
 433  26 1  5 14
 434  26 1  5 13
 435  26 1  5 12
 436  26 1  5 11
 437  27 1  5 10
 438  27 1  5  9
 439  27 1  5  8
 440  28 1  5  7
 441  28 1  5  6
 442  28 1  5  5
 443  28 1  5  4
 444  29 1  5  3
 445  29 1  5  2
 446  29 1  5  1
 447  29 1  5  0
 448  53 1  6 20
 449  53 1  6 19
 450  53 1  6 18
 451  53 1  6 17
 452  53 1  6 16
 453  26 1  6 15
 454  26 1  6 14
 455  26 1  6 13
 456  27 1  6 12
 457  27 1  6 11
 458  27 1  6 10
 459  27 1  6  9
 460  27 1  6  8
 461  28 1  6  7
 462  28 1  6  6
 463  28 1  6  5
 464  28 1  6  4
 465  29 1  6  3
 466  29 1  6  2
 467  29 1  6  1
 468  29 1  6  0
 469  52 1  7 20
 470  52 1  7 19
 471  51 1  7 18
 472  51 1  7 17
 473  51 1  7 16
 474  26 1  7 15
 475  26 1  7 14
 476  26 1  7 13
 477  26 1  7 12
 478  26 1  7 11
 479  27 1  7 10
 480  27 1  7  9
 481  27 1  7  8
 482  28 1  7  7
 483  28 1  7  6
 484  28 1  7  5
 485  28 1  7  4
 486  29 1  7  3
 487  29 1  7  2
 488  29 1  7  1
 489  29 1  7  0
 490  52 1  8 20
 491  52 1  8 19
 492  52 1  8 18
 493  51 1  8 17
 494  51 1  8 16
 495  51 1  8 15
 496  51 1  8 14
 497  26 1  8 13
 498  26 1  8 12
 499  27 1  8 11
 500  32 1  8 10
 501  32 1  8  9
 502  32 1  8  8
 503  31 1  8  7
 504  31 1  8  6
 505  31 1  8  5
 506  31 1  8  4
 507  30 1  8  3
 508  30 1  8  2
 509  30 1  8  1
 510  30 1  8  0
 511  52 1  9 20
 512  52 1  9 19
 513  52 1  9 18
 514  52 1  9 17
 515  51 1  9 16
 516  51 1  9 15
 517  51 1  9 14
 518  51 1  9 13
 519  26 1  9 12
 520  32 1  9 11
 521  32 1  9 10
 522  32 1  9  9
 523  32 1  9  8
 524  31 1  9  7
 525  31 1  9  6
 526  31 1  9  5
 527  31 1  9  4
 528  30 1  9  3
 529  30 1  9  2
 530  30 1  9  1
 531  30 1  9  0
 532  52 1 10 20
 533  52 1 10 19
 534  52 1 10 18
 535  52 1 10 17
 536  51 1 10 16
 537  51 1 10 15
 538  51 1 10 14
 539  51 1 10 13
 540  49 1 10 12
 541  32 1 10 11
 542  32 1 10 10
 543  32 1 10  9
 544  32 1 10  8
 545  31 1 10  7
 546  31 1 10  6
 547  31 1 10  5
 548  31 1 10  4
 549  30 1 10  3
 550  30 1 10  2
 551  30 1 10  1
 552  30 1 10  0
 553  47 1 11 21
 554  47 1 11 20
 555  52 1 11 19
 556  52 1 11 18
 557  52 1 11 17
 558  51 1 11 16
 559  49 1 11 15
 560  49 1 11 14
 561  49 1 11 13
 562  49 1 11 12
 563  49 1 11 11
 564  32 1 11 10
 565  32 1 11  9
 566  32 1 11  8
 567  31 1 11  7
 568  31 1 11  6
 569  31 1 11  5
 570  31 1 11  4
 571  30 1 11  3
 572  30 1 11  2
 573  30 1 11  1
 574  30 1 11  0
 575  47 1 12 21
 576  47 1 12 20
 577  47 1 12 19
 578  48 1 12 18
 579  48 1 12 17
 580  48 1 12 16
 581  48 1 12 15
 582  49 1 12 14
 583  49 1 12 13
 584  49 1 12 12
 585  50 1 12 11
 586  50 1 12 10
 587  32 1 12  9
 588  32 1 12  8
 589  33 1 12  7
 590  33 1 12  6
 591  33 1 12  5
 592  33 1 12  4
 593  34 1 12  3
 594  34 1 12  2
 595  34 1 12  1
 596  34 1 12  0
 597  47 1 13 21
 598  47 1 13 20
 599  47 1 13 19
 600  48 1 13 18
 601  48 1 13 17
 602  48 1 13 16
 603  48 1 13 15
 604  49 1 13 14
 605  49 1 13 13
 606  49 1 13 12
 607  50 1 13 11
 608  50 1 13 10
 609  50 1 13  9
 610  50 1 13  8
 611  33 1 13  7
 612  33 1 13  6
 613  33 1 13  5
 614  33 1 13  4
 615  34 1 13  3
 616  34 1 13  2
 617  34 1 13  1
 618  34 1 13  0
 619  47 1 14 21
 620  47 1 14 20
 621  47 1 14 19
 622  47 1 14 18
 623  48 1 14 17
 624  48 1 14 16
 625  48 1 14 15
 626  48 1 14 14
 627  49 1 14 13
 628  49 1 14 12
 629  50 1 14 11
 630  50 1 14 10
 631  50 1 14  9
 632  50 1 14  8
 633  50 1 14  7
 634  33 1 14  6
 635  33 1 14  5
 636  33 1 14  4
 637  34 1 14  3
 638  34 1 14  2
 639  34 1 14  1
 640  34 1 14  0
 641  47 1 15 21
 642  47 1 15 20
 643  47 1 15 19
 644  47 1 15 18
 645  48 1 15 17
 646  48 1 15 16
 647  48 1 15 15
 648  48 1 15 14
 649  49 1 15 13
 650  49 1 15 12
 651  50 1 15 11
 652  50 1 15 10
 653  50 1 15  9
 654  50 1 15  8
 655  50 1 15  7
 656  33 1 15  6
 657  33 1 15  5
 658  33 1 15  4
 659  34 1 15  3
 660  34 1 15  2
 661  34 1 15  1
 662  34 1 15  0
 663  46 1 16 22
 664  46 1 16 21
 665  46 1 16 20
 666  46 1 16 19
 667  45 1 16 18
 668  45 1 16 17
 669  45 1 16 16
 670  44 1 16 15
 671  44 1 16 14
 672  44 1 16 13
 673  43 1 16 12
 674  43 1 16 11
 675  43 1 16 10
 676  43 1 16  9
 677  42 1 16  8
 678  42 1 16  7
 679  42 1 16  6
 680  33 1 16  5
 681  33 1 16  4
 682  35 1 16  3
 683  35 1 16  2
 684  35 1 16  1
 685  35 1 16  0
 686  46 1 17 22
 687  46 1 17 21
 688  46 1 17 20
 689  46 1 17 19
 690  45 1 17 18
 691  45 1 17 17
 692  45 1 17 16
 693  45 1 17 15
 694  44 1 17 14
 695  44 1 17 13
 696  44 1 17 12
 697  43 1 17 11
 698  43 1 17 10
 699  43 1 17  9
 700  43 1 17  8
 701  42 1 17  7
 702  42 1 17  6
 703  42 1 17  5
 704  42 1 17  4
 705  35 1 17  3
 706  35 1 17  2
 707  35 1 17  1
 708  35 1 17  0
 709  46 1 18 22
 710  46 1 18 21
 711  46 1 18 20
 712  46 1 18 19
 713  45 1 18 18
 714  45 1 18 17
 715  45 1 18 16
 716  45 1 18 15
 717  45 1 18 14
 718  44 1 18 13
 719  44 1 18 12
 720  43 1 18 11
 721  43 1 18 10
 722  43 1 18  9
 723  43 1 18  8
 724  42 1 18  7
 725  42 1 18  6
 726  42 1 18  5
 727  42 1 18  4
 728  42 1 18  3
 729  35 1 18  2
 730  35 1 18  1
 731  35 1 18  0
 732  36 1 19 22
 733  46 1 19 21
 734  46 1 19 20
 735  46 1 19 19
 736  46 1 19 18
 737  45 1 19 17
 738  45 1 19 16
 739  45 1 19 15
 740  45 1 19 14
 741  44 1 19 13
 742  44 1 19 12
 743  43 1 19 11
 744  43 1 19 10
 745  43 1 19  9
 746  43 1 19  8
 747  42 1 19  7
 748  42 1 19  6
 749  40 1 19  5
 750  42 1 19  4
 751  42 1 19  3
 752  35 1 19  2
 753  35 1 19  1
 754  35 1 19  0
 755  36 1 20 22
 756  36 1 20 21
 757  36 1 20 20
 758  36 1 20 19
 759  37 1 20 18
 760  37 1 20 17
 761  37 1 20 16
 762  37 1 20 15
 763  38 1 20 14
 764  38 1 20 13
 765  38 1 20 12
 766  39 1 20 11
 767  39 1 20 10
 768  39 1 20  9
 769  39 1 20  8
 770  40 1 20  7
 771  40 1 20  6
 772  40 1 20  5
 773  41 1 20  4
 774  41 1 20  3
 775  41 1 20  2
 776  35 1 20  1
 777  35 1 20  0
 778  36 1 21 23
 779  36 1 21 22
 780  36 1 21 21
 781  36 1 21 20
 782  37 1 21 19
 783  37 1 21 18
 784  37 1 21 17
 785  37 1 21 16
 786  38 1 21 15
 787  38 1 21 14
 788  38 1 21 13
 789  38 1 21 12
 790  39 1 21 11
 791  39 1 21 10
 792  39 1 21  9
 793  40 1 21  8
 794  40 1 21  7
 795  40 1 21  6
 796  40 1 21  5
 797  41 1 21  4
 798  41 1 21  3
 799  41 1 21  2
 800  41 1 21  1
 801  41 1 21  0
 802  36 1 22 23
 803  36 1 22 22
 804  36 1 22 21
 805  36 1 22 20
 806  37 1 22 19
 807  37 1 22 18
 808  37 1 22 17
 809  37 1 22 16
 810  38 1 22 15
 811  38 1 22 14
 812  38 1 22 13
 813  38 1 22 12
 814  39 1 22 11
 815  39 1 22 10
 816  39 1 22  9
 817  39 1 22  8
 818  40 1 22  7
 819  40 1 22  6
 820  40 1 22  5
 821  40 1 22  4
 822  41 1 22  3
 823  41 1 22  2
 824  41 1 22  1
 825  41 1 22  0
 826  36 1 23 22
 827  36 1 23 21
 828  36 1 23 20
 829  37 1 23 19
 830  37 1 23 18
 831  37 1 23 17
 832  37 1 23 16
 833  38 1 23 15
 834  38 1 23 14
 835  38 1 23 13
 836  38 1 23 12
 837  38 1 23 11
 838  39 1 23 10
 839  39 1 23  9
 840  39 1 23  8
 841  40 1 23  7
 842  40 1 23  6
 843  40 1 23  5
 844  40 1 23  4
 845  41 1 23  3
 846  41 1 23  2
 847  41 1 23  1
 848  41 1 23  0
 849  54 2  0 22
 850  54 2  0 21
 851  54 2  0 20
 852  54 2  0 19
 853  55 2  0 18
 854  55 2  0 17
 855  55 2  0 16
 856  55 2  0 15
 857  56 2  0 14
 858  56 2  0 13
 859  56 2  0 12
 860  56 2  0 11
 861  57 2  0 10
 862  57 2  0  9
 863  57 2  0  8
 864  58 2  0  7
 865  58 2  0  6
 866  58 2  0  5
 867  58 2  0  4
 868  59 2  0  3
 869  59 2  0  2
 870  59 2  0  1
 871  59 2  0  0
 872  54 2  1 23
 873  54 2  1 22
 874  54 2  1 21
 875  54 2  1 20
 876  55 2  1 19
 877  55 2  1 18
 878  55 2  1 17
 879  55 2  1 16
 880  56 2  1 15
 881  56 2  1 14
 882  56 2  1 13
 883  56 2  1 12
 884  57 2  1 11
 885  57 2  1 10
 886  57 2  1  9
 887  57 2  1  8
 888  58 2  1  7
 889  58 2  1  6
 890  58 2  1  5
 891  58 2  1  4
 892  59 2  1  3
 893  59 2  1  2
 894  59 2  1  1
 895  59 2  1  0
 896  54 2  2 23
 897  54 2  2 22
 898  54 2  2 21
 899  54 2  2 20
 900  55 2  2 19
 901  55 2  2 18
 902  55 2  2 17
 903  55 2  2 16
 904  56 2  2 15
 905  56 2  2 14
 906  56 2  2 13
 907  56 2  2 12
 908  57 2  2 11
 909  57 2  2 10
 910  57 2  2  9
 911  58 2  2  8
 912  58 2  2  7
 913  58 2  2  6
 914  58 2  2  5
 915  59 2  2  4
 916  59 2  2  3
 917  59 2  2  2
 918 103 2  2  1
 919 103 2  2  0
 920  54 2  3 23
 921  54 2  3 22
 922  54 2  3 21
 923  55 2  3 20
 924  55 2  3 19
 925  55 2  3 18
 926  55 2  3 17
 927  56 2  3 16
 928  56 2  3 15
 929  56 2  3 14
 930  56 2  3 13
 931  57 2  3 12
 932  57 2  3 11
 933  57 2  3 10
 934  57 2  3  9
 935  58 2  3  8
 936  58 2  3  7
 937  58 2  3  6
 938  59 2  3  5
 939  59 2  3  4
 940  59 2  3  3
 941 103 2  3  2
 942 103 2  3  1
 943 103 2  3  0
 944  54 2  4 23
 945  64 2  4 22
 946  64 2  4 21
 947  64 2  4 20
 948  64 2  4 19
 949  63 2  4 18
 950  63 2  4 17
 951  63 2  4 16
 952  62 2  4 15
 953  62 2  4 14
 954  62 2  4 13
 955  62 2  4 12
 956  61 2  4 11
 957  61 2  4 10
 958  61 2  4  9
 959  60 2  4  8
 960  60 2  4  7
 961  58 2  4  6
 962  60 2  4  5
 963  59 2  4  4
 964  59 2  4  3
 965 103 2  4  2
 966 103 2  4  1
 967 103 2  4  0
 968  64 2  5 24
 969  64 2  5 23
 970  64 2  5 22
 971  64 2  5 21
 972  63 2  5 20
 973  63 2  5 19
 974  63 2  5 18
 975  63 2  5 17
 976  63 2  5 16
 977  62 2  5 15
 978  62 2  5 14
 979  62 2  5 13
 980  61 2  5 12
 981  61 2  5 11
 982  61 2  5 10
 983  61 2  5  9
 984  60 2  5  8
 985  60 2  5  7
 986  60 2  5  6
 987  60 2  5  5
 988 103 2  5  4
 989 103 2  5  3
 990 103 2  5  2
 991 103 2  5  1
 992 103 2  5  0
 993  64 2  6 24
 994  64 2  6 23
 995  64 2  6 22
 996  64 2  6 21
 997  63 2  6 20
 998  63 2  6 19
 999  63 2  6 18
1000  63 2  6 17
1001  62 2  6 16
1002  62 2  6 15
1003  62 2  6 14
1004  62 2  6 13
1005  61 2  6 12
1006  61 2  6 11
1007  61 2  6 10
1008  61 2  6  9
1009  60 2  6  8
1010  60 2  6  7
1011  60 2  6  6
1012  60 2  6  5
1013 103 2  6  4
1014 103 2  6  3
1015 102 2  6  2
1016 102 2  6  1
1017 102 2  6  0
1018  64 2  7 24
1019  64 2  7 23
1020  64 2  7 22
1021  64 2  7 21
1022  63 2  7 20
1023  63 2  7 19
1024  63 2  7 18
1025  63 2  7 17
1026  62 2  7 16
1027  62 2  7 15
1028  62 2  7 14
1029  62 2  7 13
1030  61 2  7 12
1031  61 2  7 11
1032  61 2  7 10
1033  60 2  7  9
1034  60 2  7  8
1035  60 2  7  7
1036  60 2  7  6
1037 103 2  7  5
1038 102 2  7  4
1039 102 2  7  3
1040 102 2  7  2
1041 102 2  7  1
1042 102 2  7  0
1043  65 2  8 24
1044  65 2  8 23
1045  65 2  8 22
1046  65 2  8 21
1047  66 2  8 20
1048  66 2  8 19
1049  66 2  8 18
1050  66 2  8 17
1051  67 2  8 16
1052  67 2  8 15
1053  67 2  8 14
1054  67 2  8 13
1055  68 2  8 12
1056  68 2  8 11
1057  68 2  8 10
1058  68 2  8  9
1059  61 2  8  8
1060  60 2  8  7
1061 101 2  8  6
1062 100 2  8  5
1063 102 2  8  4
1064 102 2  8  3
1065 102 2  8  2
1066 102 2  8  1
1067 102 2  8  0
1068  65 2  9 24
1069  65 2  9 23
1070  65 2  9 22
1071  65 2  9 21
1072  66 2  9 20
1073  66 2  9 19
1074  66 2  9 18
1075  66 2  9 17
1076  67 2  9 16
1077  67 2  9 15
1078  67 2  9 14
1079  67 2  9 13
1080  68 2  9 12
1081  68 2  9 11
1082  68 2  9 10
1083  68 2  9  9
1084  68 2  9  8
1085 101 2  9  7
1086 101 2  9  6
1087 100 2  9  5
1088 100 2  9  4
1089 102 2  9  3
1090 102 2  9  2
1091 102 2  9  1
1092  99 2  9  0
1093  65 2 10 25
1094  65 2 10 24
1095  65 2 10 23
1096  65 2 10 22
1097  66 2 10 21
1098  66 2 10 20
1099  66 2 10 19
1100  66 2 10 18
1101  67 2 10 17
1102  67 2 10 16
1103  67 2 10 15
1104  68 2 10 14
1105  68 2 10 13
1106  68 2 10 12
1107  68 2 10 11
1108  68 2 10 10
1109  68 2 10  9
1110 101 2 10  8
1111 101 2 10  7
1112 100 2 10  6
1113 100 2 10  5
1114 100 2 10  4
1115 100 2 10  3
1116  99 2 10  2
1117  99 2 10  1
1118  99 2 10  0
1119  65 2 11 25
1120  65 2 11 24
1121  65 2 11 23
1122  65 2 11 22
1123  66 2 11 21
1124  66 2 11 20
1125  66 2 11 19
1126  66 2 11 18
1127  67 2 11 17
1128  67 2 11 16
1129  67 2 11 15
1130  67 2 11 14
1131  68 2 11 13
1132  69 2 11 12
1133  69 2 11 11
1134 101 2 11 10
1135 101 2 11  9
1136 101 2 11  8
1137 101 2 11  7
1138 100 2 11  6
1139 100 2 11  5
1140 100 2 11  4
1141  99 2 11  3
1142  99 2 11  2
1143  99 2 11  1
1144  99 2 11  0
1145  71 2 12 25
1146  71 2 12 24
1147  71 2 12 23
1148  71 2 12 22
1149  71 2 12 21
1150  70 2 12 20
1151  70 2 12 19
1152  70 2 12 18
1153  70 2 12 17
1154  69 2 12 16
1155  69 2 12 15
1156  69 2 12 14
1157  69 2 12 13
1158  69 2 12 12
1159  69 2 12 11
1160 101 2 12 10
1161 101 2 12  9
1162 101 2 12  8
1163 100 2 12  7
1164 100 2 12  6
1165 100 2 12  5
1166 100 2 12  4
1167  99 2 12  3
1168  99 2 12  2
1169  99 2 12  1
1170  99 2 12  0
1171  71 2 13 25
1172  71 2 13 24
1173  71 2 13 23
1174  71 2 13 22
1175  71 2 13 21
1176  70 2 13 20
1177  70 2 13 19
1178  70 2 13 18
1179  70 2 13 17
1180  69 2 13 16
1181  69 2 13 15
1182  69 2 13 14
1183  69 2 13 13
1184  95 2 13 12
1185 101 2 13 11
1186 101 2 13 10
1187 101 2 13  9
1188 101 2 13  8
1189 100 2 13  7
1190 100 2 13  6
1191  97 2 13  5
1192  99 2 13  4
1193  99 2 13  3
1194  99 2 13  2
1195  98 2 13  1
1196  99 2 13  0
1197  71 2 14 25
1198  71 2 14 24
1199  71 2 14 23
1200  71 2 14 22
1201  70 2 14 21
1202  70 2 14 20
1203  70 2 14 19
1204  70 2 14 18
1205  70 2 14 17
1206  69 2 14 16
1207  69 2 14 15
1208  69 2 14 14
1209  95 2 14 13
1210  95 2 14 12
1211  95 2 14 11
1212  96 2 14 10
1213  96 2 14  9
1214  96 2 14  8
1215  96 2 14  7
1216  96 2 14  6
1217  97 2 14  5
1218  97 2 14  4
1219  97 2 14  3
1220  98 2 14  2
1221  98 2 14  1
1222  98 2 14  0
1223  71 2 15 26
1224  71 2 15 25
1225  72 2 15 24
1226  72 2 15 23
1227  72 2 15 22
1228  70 2 15 21
1229  70 2 15 20
1230  70 2 15 19
1231  73 2 15 18
1232  73 2 15 17
1233  73 2 15 16
1234  69 2 15 15
1235  95 2 15 14
1236  95 2 15 13
1237  95 2 15 12
1238  95 2 15 11
1239  96 2 15 10
1240  96 2 15  9
1241  96 2 15  8
1242  96 2 15  7
1243  97 2 15  6
1244  97 2 15  5
1245  97 2 15  4
1246  98 2 15  3
1247  98 2 15  2
1248  98 2 15  1
1249  98 2 15  0
1250  72 2 16 26
1251  72 2 16 25
1252  72 2 16 24
1253  72 2 16 23
1254  72 2 16 22
1255  72 2 16 21
1256  73 2 16 20
1257  73 2 16 19
1258  73 2 16 18
1259  73 2 16 17
1260  73 2 16 16
1261  95 2 16 15
1262  95 2 16 14
1263  95 2 16 13
1264  95 2 16 12
1265  96 2 16 11
1266  96 2 16 10
1267  96 2 16  9
1268  96 2 16  8
1269  97 2 16  7
1270  97 2 16  6
1271  97 2 16  5
1272  97 2 16  4
1273  98 2 16  3
1274  98 2 16  2
1275  98 2 16  1
1276  98 2 16  0
1277  72 2 17 26
1278  72 2 17 25
1279  72 2 17 24
1280  72 2 17 23
1281  72 2 17 22
1282  73 2 17 21
1283  73 2 17 20
1284  73 2 17 19
1285  73 2 17 18
1286  73 2 17 17
1287  73 2 17 16
1288  95 2 17 15
1289  95 2 17 14
1290  95 2 17 13
1291  95 2 17 12
1292  96 2 17 11
1293  96 2 17 10
1294  96 2 17  9
1295  97 2 17  8
1296  97 2 17  7
1297  97 2 17  6
1298  97 2 17  5
1299  97 2 17  4
1300  98 2 17  3
1301  98 2 17  2
1302  98 2 17  1
1303  98 2 17  0
1304  75 2 18 26
1305  75 2 18 25
1306  75 2 18 24
1307  72 2 18 23
1308  72 2 18 22
1309  74 2 18 21
1310  74 2 18 20
1311  73 2 18 19
1312  73 2 18 18
1313  94 2 18 17
1314  94 2 18 16
1315  94 2 18 15
1316  94 2 18 14
1317  93 2 18 13
1318  93 2 18 12
1319  93 2 18 11
1320  93 2 18 10
1321  92 2 18  9
1322  92 2 18  8
1323  92 2 18  7
1324  92 2 18  6
1325  91 2 18  5
1326  91 2 18  4
1327  91 2 18  3
1328  90 2 18  2
1329  90 2 18  1
1330  90 2 18  0
1331  75 2 19 26
1332  75 2 19 25
1333  75 2 19 24
1334  75 2 19 23
1335  74 2 19 22
1336  74 2 19 21
1337  74 2 19 20
1338  74 2 19 19
1339  74 2 19 18
1340  94 2 19 17
1341  94 2 19 16
1342  94 2 19 15
1343  94 2 19 14
1344  93 2 19 13
1345  93 2 19 12
1346  93 2 19 11
1347  92 2 19 10
1348  92 2 19  9
1349  92 2 19  8
1350  92 2 19  7
1351  92 2 19  6
1352  91 2 19  5
1353  91 2 19  4
1354  91 2 19  3
1355  91 2 19  2
1356  90 2 19  1
1357  90 2 19  0
1358  75 2 20 27
1359  75 2 20 26
1360  75 2 20 25
1361  75 2 20 24
1362  74 2 20 23
1363  74 2 20 22
1364  74 2 20 21
1365  74 2 20 20
1366  94 2 20 19
1367  94 2 20 18
1368  94 2 20 17
1369  94 2 20 16
1370  94 2 20 15
1371  93 2 20 14
1372  93 2 20 13
1373  93 2 20 12
1374  93 2 20 11
1375  92 2 20 10
1376  92 2 20  9
1377  92 2 20  8
1378  91 2 20  7
1379  91 2 20  6
1380  91 2 20  5
1381  91 2 20  4
1382  91 2 20  3
1383  90 2 20  2
1384  90 2 20  1
1385  90 2 20  0
1386  75 2 21 27
1387  75 2 21 26
1388  75 2 21 25
1389  75 2 21 24
1390  74 2 21 23
1391  74 2 21 22
1392  74 2 21 21
1393  84 2 21 20
1394  85 2 21 19
1395  85 2 21 18
1396  94 2 21 17
1397  94 2 21 16
1398  94 2 21 15
1399  93 2 21 14
1400  93 2 21 13
1401  93 2 21 12
1402  92 2 21 11
1403  92 2 21 10
1404  92 2 21  9
1405  92 2 21  8
1406  91 2 21  7
1407  91 2 21  6
1408  91 2 21  5
1409  88 2 21  4
1410  90 2 21  3
1411  90 2 21  2
1412  90 2 21  1
1413  90 2 21  0
1414  75 2 22 27
1415  76 2 22 26
1416  76 2 22 25
1417  76 2 22 24
1418  74 2 22 23
1419  74 2 22 22
1420  84 2 22 21
1421  84 2 22 20
1422  84 2 22 19
1423  85 2 22 18
1424  85 2 22 17
1425  85 2 22 16
1426  86 2 22 15
1427  86 2 22 14
1428  86 2 22 13
1429  86 2 22 12
1430  87 2 22 11
1431  87 2 22 10
1432  87 2 22  9
1433  87 2 22  8
1434  91 2 22  7
1435  88 2 22  6
1436  88 2 22  5
1437  88 2 22  4
1438  90 2 22  3
1439  90 2 22  2
1440  90 2 22  1
1441  90 2 22  0
1442  76 2 23 27
1443  76 2 23 26
1444  76 2 23 25
1445  76 2 23 24
1446  76 2 23 23
1447  84 2 23 22
1448  84 2 23 21
1449  84 2 23 20
1450  84 2 23 19
1451  85 2 23 18
1452  85 2 23 17
1453  85 2 23 16
1454  86 2 23 15
1455  86 2 23 14
1456  86 2 23 13
1457  86 2 23 12
1458  87 2 23 11
1459  87 2 23 10
1460  87 2 23  9
1461  87 2 23  8
1462  88 2 23  7
1463  88 2 23  6
1464  88 2 23  5
1465  88 2 23  4
1466  89 2 23  3
1467  89 2 23  2
1468  89 2 23  1
1469  89 2 23  0
1470  76 2 24 27
1471  76 2 24 26
1472  76 2 24 25
1473  76 2 24 24
1474  84 2 24 23
1475  84 2 24 22
1476  84 2 24 21
1477  84 2 24 20
1478  85 2 24 19
1479  85 2 24 18
1480  85 2 24 17
1481  85 2 24 16
1482  86 2 24 15
1483  86 2 24 14
1484  86 2 24 13
1485  86 2 24 12
1486  87 2 24 11
1487  87 2 24 10
1488  87 2 24  9
1489  87 2 24  8
1490  88 2 24  7
1491  88 2 24  6
1492  88 2 24  5
1493  89 2 24  4
1494  89 2 24  3
1495  89 2 24  2
1496  89 2 24  1
1497  89 2 24  0
1498  76 2 25 28
1499  76 2 25 27
1500  76 2 25 26
1501  84 2 25 25
1502  84 2 25 24
1503  84 2 25 23
1504  82 2 25 22
1505  84 2 25 21
1506  85 2 25 20
1507  85 2 25 19
1508  85 2 25 18
1509  85 2 25 17
1510  86 2 25 16
1511  86 2 25 15
1512  86 2 25 14
1513  86 2 25 13
1514  87 2 25 12
1515  87 2 25 11
1516  87 2 25 10
1517  87 2 25  9
1518  88 2 25  8
1519  88 2 25  7
1520  88 2 25  6
1521  89 2 25  5
1522  89 2 25  4
1523  89 2 25  3
1524  89 2 25  2
1525  89 2 25  1
1526  77 2 25  0
1527  76 2 26 28
1528  83 2 26 27
1529  83 2 26 26
1530  83 2 26 25
1531  82 2 26 24
1532  82 2 26 23
1533  82 2 26 22
1534  82 2 26 21
1535  81 2 26 20
1536  81 2 26 19
1537  81 2 26 18
1538  81 2 26 17
1539  80 2 26 16
1540  80 2 26 15
1541  80 2 26 14
1542  80 2 26 13
1543  79 2 26 12
1544  79 2 26 11
1545  79 2 26 10
1546  79 2 26  9
1547  88 2 26  8
1548  88 2 26  7
1549  78 2 26  6
1550  78 2 26  5
1551  78 2 26  4
1552  89 2 26  3
1553  89 2 26  2
1554  77 2 26  1
1555  77 2 26  0
1556  83 2 27 28
1557  83 2 27 27
1558  83 2 27 26
1559  83 2 27 25
1560  83 2 27 24
1561  82 2 27 23
1562  82 2 27 22
1563  82 2 27 21
1564  81 2 27 20
1565  81 2 27 19
1566  81 2 27 18
1567  81 2 27 17
1568  80 2 27 16
1569  80 2 27 15
1570  80 2 27 14
1571  80 2 27 13
1572  79 2 27 12
1573  79 2 27 11
1574  79 2 27 10
1575  79 2 27  9
1576  78 2 27  8
1577  78 2 27  7
1578  78 2 27  6
1579  78 2 27  5
1580  78 2 27  4
1581  77 2 27  3
1582  77 2 27  2
1583  77 2 27  1
1584  77 2 27  0
1585  83 2 28 28
1586  83 2 28 27
1587  83 2 28 26
1588  83 2 28 25
1589  82 2 28 24
1590  82 2 28 23
1591  82 2 28 22
1592  82 2 28 21
1593  81 2 28 20
1594  81 2 28 19
1595  81 2 28 18
1596  81 2 28 17
1597  80 2 28 16
1598  80 2 28 15
1599  80 2 28 14
1600  80 2 28 13
1601  79 2 28 12
1602  79 2 28 11
1603  79 2 28 10
1604  79 2 28  9
1605  78 2 28  8
1606  78 2 28  7
1607  78 2 28  6
1608  78 2 28  5
1609  77 2 28  4
1610  77 2 28  3
1611  77 2 28  2
1612  77 2 28  1
1613  77 2 28  0
1614  83 2 29 27
1615  83 2 29 26
1616  83 2 29 25
1617  83 2 29 24
1618  82 2 29 23
1619  82 2 29 22
1620  82 2 29 21
1621  82 2 29 20
1622  81 2 29 19
1623  81 2 29 18
1624  81 2 29 17
1625  81 2 29 16
1626  80 2 29 15
1627  80 2 29 14
1628  80 2 29 13
1629  80 2 29 12
1630  79 2 29 11
1631  79 2 29 10
1632  79 2 29  9
1633  79 2 29  8
1634  78 2 29  7
1635  78 2 29  6
1636  78 2 29  5
1637  78 2 29  4
1638  77 2 29  3
1639  77 2 29  2
1640  77 2 29  1
1641  77 2 29  0
