
Table BPipeSections
MATERIAL	RMIN1	RMAX1	RMIN2	RMAX2	Z	DZ	SECNUM	
std::Vacuum	0.0	27.998	0.0	27.998	0.0	3550.0	1	
std::Getter	27.998	28.0	27.998	28.0	0.0	3550.0	2	
std::Beryllium	28.0	28.8	28.0	28.8	0.0	3550.0	3	
std::Kapton	28.875	28.9	28.875	28.9	0.0	3550.0	4	
std::Inconel	28.9	28.91	28.9	28.91	1800.0	1750.0	5	
std::Kapton	29.0	29.12	29.0	29.12	0.0	3550.0	6	
std::Aerogel	29.12	31.83	29.12	31.83	0.0	3550.0	7	
std::Kapton	31.83	31.95	31.83	31.95	0.0	3550.0	8	
std::Aluminium	31.95	32.0	31.95	32.0	0.0	3550.0	9	
std::Vacuum	0.0	25.0	0.0	29.0	3600.0	50.0	10	
std::Aluminium	25.0	26.0	29.0	30.0	3600.0	50.0	11	
std::Vacuum	0.0	29.0	0.0	29.0	3747.0	97.0	13	
std::SSteel	29.0	29.8	29.0	29.8	3747.0	97.0	14	
std::Aerogel	29.8	34.2	29.8	34.2	3747.0	97.0	15	
std::Vacuum	0.0	29.0	0.0	29.0	6422.0	2578.0	16	
std::SSteel	29.0	29.8	29.0	29.8	6422.0	2578.0	17	
std::Aerogel	29.8	34.2	29.8	34.2	6422.0	2578.0	18	
std::Vacuum	0.0	29.0	0.0	29.0	9721.0	721.0	19	
std::SSteel	29.0	29.8	29.0	29.8	9721.0	721.0	20	
std::Aerogel	29.8	34.2	29.8	34.2	9721.0	721.0	21	
std::Vacuum	0.0	29.0	0.0	40.0	10486.5	44.5	22	
std::SSteel	29.0	29.8	40.0	40.8	10486.5	44.5	23	
std::Aerogel	29.8	34.2	40.8	45.2	10486.5	44.5	24	
std::Vacuum	0.0	40.0	0.0	40.0	11869.0	1338.0	25	
std::SSteel	40.0	41.0	40.0	41.0	11869.0	1338.0	26	
std::Aerogel	41.0	45.4	41.0	45.4	11869.0	1338.0	27	
std::Vacuum	0.0	40.0	0.0	40.0	13749.5	542.5	28	
std::SSteel	40.0	41.0	40.0	41.0	13749.5	542.5	29	
std::Aerogel	41.0	45.4	41.0	45.4	13749.5	542.5	30	
std::Vacuum	0.0	40.0	0.0	60.0	14362.0	70.0	31	
std::SSteel	40.0	41.0	60.0	61.0	14362.0	70.0	32	
std::Aerogel	41.0	45.4	61.0	65.4	14362.0	70.0	33	
std::Vacuum	0.0	60.0	0.0	60.0	15216.0	784.0	34	
std::SSteel	60.0	61.5	60.0	61.5	15216.0	784.0	35	
std::Aerogel	61.5	65.9	61.5	65.9	15216.0	784.0	36	
std::Vacuum	0.0	60.0	0.0	60.0	17249.5	1249.5	37	
std::SSteel	60.0	61.5	60.0	61.5	17249.5	1249.5	38	
std::Aerogel	61.5	70.3	61.5	70.3	17249.5	1249.5	39	
std::Vacuum	0.0	60.0	0.0	60.0	18574.5	75.5	40	
std::SSteel	60.0	61.5	60.0	61.5	18574.5	75.5	41	
std::Aerogel	61.5	70.3	61.5	70.3	18574.5	75.5	42	
std::Vacuum	0.0	60.0	0.0	17.0	18845.0	195.0	43	
std::SSteel	60.0	61.5	17.0	30.0	18845.0	195.0	44	
std::Aerogel	61.5	70.3	30.0	38.8	18845.0	195.0	45	
std::Vacuum	0.0	17.0	0.0	17.0	19990.0	950.0	46	
std::Copper	17.0	30.0	17.0	30.0	19990.0	950.0	47	
std::Copper	30.0	250.0	30.0	250.0	19940.0	900.0	48	
std::Aluminium	34.4	43.0	34.4	43.0	3643.0	7.0	49	
std::SSteel	34.2	43.0	34.2	43.0	3657.0	7.0	50	
std::SSteel	34.2	43.0	34.2	43.0	8993.0	7.0	51	
std::SSteel	34.2	43.0	34.2	43.0	9007.0	7.0	52	
std::SSteel	45.4	63.0	45.4	63.0	13196.0	11.0	53	
std::SSteel	45.4	63.0	45.4	63.0	13218.0	11.0	54	
std::SSteel	87.0	88.0	87.0	88.0	3815.0	29.0	55	
std::SSteel	47.0	88.0	47.0	88.0	3785.5	0.5	56	
std::SSteel	47.0	88.0	47.0	88.0	3844.5	0.5	57	
std::SSteel	34.2	35.2	46.0	47.0	3778.5	7.5	58	
std::SSteel	46.0	47.0	34.2	35.2	3851.5	7.5	59	
std::Pump_Ti	48.0	71.0	48.0	71.0	3815.0	23.0	60	
shield::ShieldSteel	286.0	436.0	286.0	436.0	19772.5	1102.5	61
std::Vacuum	0.	0.	0.	0.	0.	0. 	-1
TableEnd


Table BPipeEnvelope
Z	R	
3550.0	32.1	
3550.0	37.4	
3636.0	37.4	
3636.0	43.0	
3664.0	43.0	
3664.0	34.2	
3771.0	34.2	
3771.0	88.0	
3859.0	88.0	
3859.0	34.2	
8986.0	34.2	
8986.0	43.0	
9014.0	43.0	
9014.0	34.2	
10442.0	34.2	
10442.0	45.4	
13185.0	45.4	
13185.0	63.0	
13229.0	63.0	
13229.0	45.4	
14292.0	45.4	
14292.0	65.9	
16000.0	65.9	
16000.0	70.3	
18670.0	70.3	
18670.0	436.0	
20940.0	436.0	
0 -1
TableEnd
