
Table BPipeSections
MATERIAL	RMIN1	RMAX1	RMIN2	RMAX2	Z	DZ	SECNUM	
std::Vacuum	0.0	27.998	0.0	27.998	0.0	3550.0	1	
std::Getter	27.998	28.0	27.998	28.0	0.0	3550.0	2	
std::Beryllium	28.0	28.8	28.0	28.8	0.0	3550.0	3	
std::Kapton	28.875	28.9	28.875	28.9	0.0	3550.0	4	
std::Inconel	28.9	28.91	28.9	28.91	1800.0	1750.0	5	
std::Kapton	29.0	29.12	29.0	29.12	0.0	3550.0	6	
std::Aerogel	29.12	31.83	29.12	31.83	0.0	3550.0	7	
std::Kapton	31.83	31.95	31.83	31.95	0.0	3550.0	8	
std::Aluminium	31.95	32.0	31.95	32.0	0.0	3550.0	9	
std::Copper	32.01	32.5	32.01	32.5	0.0	200.	10
std::Vacuum	0.	0.	0.	0.	0.	0. 	-1
TableEnd


Table BPipeEnvelope
Z	R	
3550.0	32.1	
3550.0	37.4	
3636.0	37.4	
3636.0	43.0	
3664.0	43.0	
3664.0	34.2	
3771.0	34.2	
3771.0	88.0	
3859.0	88.0	
3859.0	34.2	
8986.0	34.2	
8986.0	43.0	
9014.0	43.0	
9014.0	34.2	
10442.0	34.2	
10442.0	45.4	
0 -1
TableEnd
