v0.0 1 MdtTubeFullInfoContainer T0CalibrationClassic 0 432
  BOL  1  2  0  1  1  1 0 100.311 2 454 0 0 0 0 0 0 0 0
  BOL  1  2  0  1  1  2 0 100.721 2 963 0 0 0 0 0 0 0 0
  BOL  1  2  0  1  1  3 810.98 99.296 1 1211 1.52167 0.0863296 1503.56 0.00386548 -4.28697 0.00365987 0.00155455 4.05553
  BOL  1  2  0  1  1  4 813.03 99.694 1 1140 1.87849 0.359805 1524 10.6925 -1.49847 1.32956 0.0729099 0.894193
  BOL  1  2  0  1  1  5 842.338 100.667 1 1125 1.5247 5.06781 1512.45 0.888737 -2.66523 0.271984 27.3659 1.99432
  BOL  1  2  0  1  1  6 875.754 102.246 1 1203 1.5483 2.24984 1005.25 29.8237 -1.16297 0.063442 6.11797 0.0456048
  BOL  1  2  0  1  1  7 850.328 101.889 1 1218 2.10011 1.05472 1823.88 26.235 -14.2442 0.0503079 27.9222 0.151938
  BOL  1  2  0  1  1  8 811.833 100.82 1 1267 2.16461 0.614611 -173.725 3.56061 -1.91694 0.0189845 1.30137 0.447469
  BOL  1  2  0  1  1  9 816.405 100.16 1 1147 1.81582 658.328 323.082 4.905 -6.27713 164.035 1.51703 647.237
  BOL  1  2  0  1  1  10 814.732 100.7 1 1178 1.77399 0.425861 1522.7 12.5963 -7.00825 0.0933881 16.3053 1.2827
  BOL  1  2  0  1  1  11 809.985 99.5461 1 1151 1.90745 0.05443 1507.23 0.196148 -0.791076 0.0985544 1.39575 0.0354394
  BOL  1  2  0  1  1  12 814.577 100.742 1 1105 1.7804 0.944262 1503.11 4.87985 -0.115329 0.213957 1.6549 0.579823
  BOL  1  2  0  1  1  13 809.613 100.872 1 1253 2.27301 0.261448 1542.56 1.96346 -4.89072 0.220726 0.07825 5.84033e-08
  BOL  1  2  0  1  1  14 810.974 100.712 1 1107 1.85173 0.189766 1532.33 1.27707 -3.04757 0.0646632 0.157927 1.13855
  BOL  1  2  0  1  1  15 808.578 99.7626 1 1224 1.78118 0.181663 819.434 39.9906 -1.62221 1.65827 0.0015713 1.2924e-06
  BOL  1  2  0  1  1  16 811.494 101.077 1 1189 1.90786 0.760312 1459.26 6.87744 -0.064311 0.0190715 1.45193 0.400807
  BOL  1  2  0  1  1  17 772.724 99.8859 1 1244 2.2636 3.10158 1500.67 23.8122 -49.0845 20.551 52.7114 24.9119
  BOL  1  2  0  1  1  18 813.001 101.443 1 1202 1.50208 0.103448 1504.86 0.0115891 -0.0844222 0.23957 0.252255 0.790556
  BOL  1  2  0  1  1  19 816.305 99.95 1 1291 2.30652 0.915951 1502.81 39.7099 -1.45564 1.3296 3.64649 1.61851
  BOL  1  2  0  1  1  20 803.465 101.424 1 1219 2.05939 nan 1316.5 nan -1.60456 nan 0.367032 nan
  BOL  1  2  0  1  1  21 810.502 98.2487 1 1200 1.76936 1.17086 1511.97 1.88652 -1.50507 0.281022 3.27543 0.758776
  BOL  1  2  0  1  1  22 812.861 98.5758 1 1336 2.30667 8.21155 1499.06 2.11229 -6.12801 0.336556 9.61446 7.74281
  BOL  1  2  0  1  1  23 816.533 98.3397 1 1196 1.70615 2.66319 1499.25 2.61817 -0.00187344 0.021701 4.3681 1.37986
  BOL  1  2  0  1  1  24 811.064 98.9574 1 1268 2.06329 1.50214 1498.18 1.4486 -1.68846 1.50672 0.00673226 1.50214
  BOL  1  2  0  1  1  25 890.391 101.014 1 1379 2.53264 3.03238 1552.44 19.1235 -35.3888 1.08263 40.1497 0.0563536
  BOL  1  2  0  1  1  26 812.604 99.9617 1 1409 2.06972 0.694645 1486.89 5.60026 -0.0316452 0.0227996 1.62665 0.183944
  BOL  1  2  0  1  1  27 812.385 100.71 1 1366 2.00619 0.614135 1507.43 1.35012 -1.58328 0.271581 0.72446 0.176825
  BOL  1  2  0  1  1  28 815.618 101.361 1 1335 2.54468 0.891777 1496.5 4.84209 -0.00673358 0.0732316 1.59905 0.45639
  BOL  1  2  0  1  1  29 813.23 100.277 1 1361 1.7818 1.44974 1487.43 2.82506 -3.0519e-06 0.000622334 2.28018 0.76198
  BOL  1  2  0  1  1  30 823.804 99.0936 1 1242 1.99227 0.925663 1523.23 4.25211 -3.18952 0.349282 13.5045 0.813083
  BOL  1  2  0  1  1  31 809.325 100.212 1 1480 3.59577 0.31712 1559.22 12.5964 -3.40176 0.258072 4.82307 0.159366
  BOL  1  2  0  1  1  32 807.498 99.6763 1 1402 2.17474 0.525959 1501.36 3.8657 -2.4974e-05 0.000916679 0.798627 0.266666
  BOL  1  2  0  1  1  33 812.454 97.5008 1 1230 1.94548 0.481384 1503.12 0.147226 -1.544 0.0230016 3.52787 0.202845
  BOL  1  2  0  1  1  34 819.976 100.681 1 1433 2.38684 3.39199 1502.8 2.59741 -5.29953 1.28917 10.915 2.42103
  BOL  1  2  0  1  1  35 813.26 97.1599 1 1350 1.79213 1.63067 1508.47 3.20634 -2.88041 0.7508 4.4444 1.38138
  BOL  1  2  0  1  1  36 811.125 99.6239 1 1328 1.93514 0.315489 1501.99 0.254056 -0.559674 0.494575 0.212838 0.443904
  BOL  1  2  0  1  1  37 811.863 100.367 1 1439 2.28629 1.76639 1501.23 3.15705 -0.928175 0.672183 3.84448 1.99132
  BOL  1  2  0  1  1  38 797.9 99.8204 1 1277 1.99296 0.276334 1583.13 15.8415 -17.7375 0.112702 12.713 0.523989
  BOL  1  2  0  1  1  39 822.716 100.324 1 1210 1.57567 0.459356 1499.31 0.229793 -0.751116 0.0204455 5.93001 0.243828
  BOL  1  2  0  1  1  40 811.046 98.308 1 1335 1.84731 0.301607 1493.84 0.904457 -0.163427 0.0215818 0.100573 0.664037
  BOL  1  2  0  1  1  41 816.022 98.8586 1 1429 2.28099 1.1633 1476.81 2.72044 -0.213306 0.0496766 2.85217 0.494151
  BOL  1  2  0  1  1  42 811.983 99.3248 1 1397 2.30518 1.01587 1502.43 2.25652 -0.623927 0.244464 2.06164 0.0920362
  BOL  1  2  0  1  1  43 809.385 100.013 1 1374 1.7386 1.60777 1504.23 0.17802 -0.583217 0.154691 0.333524 1.35917
  BOL  1  2  0  1  1  44 817.031 100.45 1 1409 2.05356 1.40414 1496.77 0.559945 -0.157137 0.0165934 3.52655 0.750719
  BOL  1  2  0  1  1  45 808.274 98.5702 1 1298 1.67364 1.48996 1774.19 20.0758 -48.292 0.095726 30.828 2.28104
  BOL  1  2  0  1  1  46 794.913 98.1062 1 1392 2.24382 0.416607 1600.49 2.17052 -34.3203 2.56886 25.6694 2.35566
  BOL  1  2  0  1  1  47 813.852 100.389 1 1346 2.27105 0.697156 1492.01 2.28598 -7.5824e-05 0.00174904 1.08076 0.37264
  BOL  1  2  0  1  1  48 815.125 99.6639 1 1288 1.555 4.37016 1502.74 4.33431 -0.14498 3.45396 5.25929 4.2975
  BOL  1  2  0  1  1  49 809.053 99.6418 1 1294 1.87525 0.40218 1510.16 0.110065 -0.0952951 0.0650792 0.457242 0.077874
  BOL  1  2  0  1  1  50 893.051 98.746 1 1320 2.5336 0.445243 2060.1 75.7633 -48.1651 3.83169 0.419933 0.000905326
  BOL  1  2  0  1  1  51 817.907 99.7684 1 1290 1.99125 17.9676 1504.7 0.351744 -0.0303417 0.118859 3.66561 12.2102
  BOL  1  2  0  1  1  52 814.034 99.1105 1 1228 1.62006 0.53095 1505.36 0.0123663 -4.44721 0.0289467 3.58755 1.15416
  BOL  1  2  0  1  1  53 815.684 99.8825 1 1294 2.03175 1.20175 1493.75 6.31171 -0.0897123 0.0267436 2.12885 0.666363
  BOL  1  2  0  1  1  54 793.536 100.406 1 1338 2.27648 1.15421 1645.83 46.4353 -39.4622 0.0873028 35.9768 1.63922
  BOL  1  2  0  1  1  55 807.733 99.7438 1 1151 1.48434 2.94098 1518.8 1.23915 -7.12669 1.46087 14.9377 1.81196
  BOL  1  2  0  1  1  56 798.009 101.841 1 1254 2.09118 1.22301 1511.71 0.0797979 -32.3215 1.73818 7.53824 1.04715
  BOL  1  2  0  1  1  57 809.283 97.3108 1 1263 1.98433 0.586326 1508.25 1.55316 -25.4823 0.528768 1.42468 0.459935
  BOL  1  2  0  1  1  58 809.831 100.221 1 1343 1.52804 0.752778 1499.31 1.13878 -1.0056 0.296511 0.793707 0.683231
  BOL  1  2  0  1  1  59 815.543 99.9227 1 1267 1.90098 4.6243 1504.38 0.879152 -0.120444 0.170288 1.44488 1.76183
  BOL  1  2  0  1  1  60 808.643 100.006 1 1325 1.59105 0.0656422 1537.6 0.209378 -10.1332 0.0186397 10.8678 1.01904
  BOL  1  2  0  1  1  61 791.652 101.084 1 1319 1.86814 3.36302 1561.83 0.186231 -24.7667 4.00711 18.7393 3.90245
  BOL  1  2  0  1  1  62 811.514 100.653 1 1284 1.72516 243.013 1505.48 226.92 -0.926155 131.927 0.545221 243.024
  BOL  1  2  0  1  1  63 811.201 100.996 1 1382 2.00231 1.67995 1491.18 3.21081 -0.000148788 0.000642084 0.128142 1.02473
  BOL  1  2  0  1  1  64 813.025 99.6288 1 1406 1.67919 0.0351754 1527.01 3.31441 -3.77903 0.334588 0.0727879 0.0202704
  BOL  1  2  0  1  1  65 814.804 100.318 1 1270 1.39042 0.11927 1508.59 0.297718 -1.1722 0.133386 3.37359 0.179499
  BOL  1  2  0  1  1  66 813.939 100.962 1 1402 1.57712 0.775293 1508 5.13324 -0.969108 0.532044 1.98269 0.116292
  BOL  1  2  0  1  1  67 799.619 99.3855 1 1349 2.04651 0.941131 1521.85 12.3298 -21.7126 0.126208 21.5741 1.55189
  BOL  1  2  0  1  1  68 816.707 99.1859 1 1385 1.85629 1.69875 1505.9 0.508258 -2.3971 0.664182 4.85465 0.643676
  BOL  1  2  0  1  1  69 0 102.542 2 588 0 0 0 0 0 0 0 0
  BOL  1  2  0  1  1  70 800 1 1 0 0 0 0 0 0 0 0 0
  BOL  1  2  0  1  1  71 800 1 1 0 0 0 0 0 0 0 0 0
  BOL  1  2  0  1  1  72 800 1 1 0 0 0 0 0 0 0 0 0
  BOL  1  2  0  1  2  1 0 100.194 2 943 0 0 0 0 0 0 0 0
  BOL  1  2  0  1  2  2 895.838 101.368 1 1002 1.51934 1.99293 1651.06 8.44733 -6.45872 0.0904625 10.1892 0.0248611
  BOL  1  2  0  1  2  3 849.985 100.092 1 1276 1.77387 6.84284 1497 1.55182 -2.10762 1.75936 19.0891 2.55478
  BOL  1  2  0  1  2  4 836.765 100.365 1 1154 1.69499 6.96453 1531.42 1.916 -15.1138 0.193019 44.2186 2.78199
  BOL  1  2  0  1  2  5 857.009 102.466 1 1085 1.1621 1.70012 1514.97 3.16215 -1.95182 0.0829046 26.5852 0.602804
  BOL  1  2  0  1  2  6 903.102 101.931 1 1244 1.67883 2.06099 1581.32 3.8572 -6.47604 0.112958 22.8848 0.109125
  BOL  1  2  0  1  2  7 848.275 102.163 1 1196 1.7485 2.31201 1503.84 3.39775 -0.0264962 0.0556643 10.0281 1.40566
  BOL  1  2  0  1  2  8 843.026 101.412 1 1190 1.61911 3.42591 5403.3 1164.87 -1.03824 0.107471 20.958 1.12205
  BOL  1  2  0  1  2  9 803.722 100.459 1 1195 2.24669 3.47798 4044.89 10.3148 -117.793 4.09624 0.0113918 0.000704734
  BOL  1  2  0  1  2  10 786.327 101.396 1 1158 2.0585 1.04377 1536.34 1.09136 -28.4149 0.0580797 42.1317 1.34926
  BOL  1  2  0  1  2  11 815.486 101.033 1 1091 1.42925 0.916915 1493.81 3.02514 -0.0182204 0.0235678 1.69135 0.133333
  BOL  1  2  0  1  2  12 813.875 100.867 1 1216 2.30337 0.787257 1503.18 2.65438 -1.26995 0.165552 2.49231 0.0591071
  BOL  1  2  0  1  2  13 809.795 99.5835 1 1193 1.52084 0.847927 1493.08 0.22266 -0.858754 0.163418 2.13222 0.224805
  BOL  1  2  0  1  2  14 812.408 100.046 1 1135 1.69881 2.52526 1502.09 0.949394 -2.14855 0.172124 10.6703 1.6969
  BOL  1  2  0  1  2  15 832.195 100.27 1 1189 1.7181 0.77253 2257.37 34.9539 -25.9067 1.46286 2.00534 0.000863874
  BOL  1  2  0  1  2  16 828.13 99.7307 1 1335 2.47812 0.158325 2027 15.376 -22.8008 0.123478 0.389991 5.79038e-05
  BOL  1  2  0  1  2  17 818.997 99.4505 1 1094 1.64295 1.61707 1511.74 40.2996 -1.98599 1.47396 0.121259 28.4747
  BOL  1  2  0  1  2  18 810.948 100.794 1 1297 2.45418 0.110802 1608.24 10.3685 -0.381574 0.59133 0.0902169 0.000769196
  BOL  1  2  0  1  2  19 803.701 100.082 1 1241 1.58452 1.51454 33.1864 21.2942 -10.5179 0.154077 6.08601 1.60579
  BOL  1  2  0  1  2  20 840.338 99.916 1 1210 1.96916 9.33588e-08 254.655 149.415 -21.4166 2.49206 0.340108 0.42994
  BOL  1  2  0  1  2  21 808.983 100.455 1 1210 1.92948 0.596403 1501.89 0.337624 -1.25375 0.435874 1.05751 0.513046
  BOL  1  2  0  1  2  22 810.223 100.278 1 1368 2.16967 1.51276 1530.15 20.0728 -8.70205 1.63543 4.8722 1.44145
  BOL  1  2  0  1  2  23 811.707 99.5331 1 1132 1.604 1.1621 1508.97 5.2169 -2.21274 0.265854 3.27059 0.594648
  BOL  1  2  0  1  2  24 816.348 99.0652 1 1283 2.02 0.544421 1508.16 4.24855 -2.22366 0.131235 3.73255 0.155632
  BOL  1  2  0  1  2  25 811.954 99.2526 1 1437 3.08286 0.723592 1507.62 0.850172 -1.00761 0.0321382 1.25438 0.577603
  BOL  1  2  0  1  2  26 815.924 99.1925 1 1334 2.21226 1.07777 1489.31 4.1298 -0.0199308 0.034737 2.10362 0.49123
  BOL  1  2  0  1  2  27 815.838 100.423 1 1402 2.06618 1.05307 1491.44 2.38663 -5.21994e-05 0.000275625 2.41297 0.535979
  BOL  1  2  0  1  2  28 809.891 99.8184 1 1373 2.0318 0.800405 1503.33 1.34627 -0.620985 0.0197804 0.562941 0.517315
  BOL  1  2  0  1  2  29 765.396 101.521 1 1326 1.99536 3.62612 545.161 163.977 -8.17292 1.76163 1.76087 4.95484e-05
  BOL  1  2  0  1  2  30 843.602 99.6526 1 1297 2.20942 1.77261 2254.63 183.565 -28.7696 6.04103 3.17919 0.445715
  BOL  1  2  0  1  2  31 814.747 101.649 1 1481 2.3689 0.693765 1504.09 3.32806 -0.116338 0.195937 1.24536 0.330165
  BOL  1  2  0  1  2  32 833.298 100.773 1 1232 1.93409 1177.61 2728.76 11.2137 -48.2553 1170.31 4.36264 897.562
  BOL  1  2  0  1  2  33 841.36 99.9947 1 1279 2.02235 5.43984 1500.84 0.365713 -14.5014 0.58829 30.8989 0.877176
  BOL  1  2  0  1  2  34 813.52 99.3536 1 1464 2.0283 0.11464 1502.79 2.49403 -0.84116 0.0392114 0.98702 0.0294816
  BOL  1  2  0  1  2  35 812.282 98.9912 1 1316 2.57211 1.46749 1505.01 1.06799 -0.000709624 1.07735 2.02392 1.16134
  BOL  1  2  0  1  2  36 813.08 99.0773 1 1380 2.03335 0.958028 1510.86 0.0599503 -0.209298 0.654224 2.58928 0.863442
  BOL  1  2  0  1  2  37 813.977 98.2857 1 1372 1.81609 0.280255 1515.67 0.641989 -3.62747 0.0498354 1.02866 0.270941
  BOL  1  2  0  1  2  38 812.192 97.7129 1 1273 1.6791 0.991373 1519.85 8.03654 -1.74365 0.608004 2.70151 0.287841
  BOL  1  2  0  1  2  39 819.186 99.5559 1 1270 1.71708 1.38132 1504.54 0.458609 -0.190224 0.0305235 3.13584 0.653803
  BOL  1  2  0  1  2  40 813.941 99.456 1 1363 2.02711 106.596 1504.81 106.647 -0.771291 106.646 2.86795 106.647
  BOL  1  2  0  1  2  41 813.868 99.073 1 1433 2.47475 0.693606 1497.46 3.08686 -0.0512115 0.0922846 1.73695 0.438419
  BOL  1  2  0  1  2  42 815.941 99.9113 1 1319 1.77402 1.11063 1497.68 3.20761 -0.0144922 0.0877815 2.05726 0.5503
  BOL  1  2  0  1  2  43 812.991 100.765 1 1401 1.94031 16.0278 1502.81 2.7397 -1.21317 15.9707 1.93245 15.9622
  BOL  1  2  0  1  2  44 816.089 100.862 1 1343 2.52467 0.100971 1507.91 5.45687 -6.15137 0.022321 8.85067 0.0580691
  BOL  1  2  0  1  2  45 818.238 100.625 1 1341 2.01286 1.57606 1526.84 1.09176 -4.54689 0.16414 7.35711 1.49433
  BOL  1  2  0  1  2  46 806.417 98.0154 1 1403 1.9787 0.815023 1595.42 16.6187 -91.9959 0.54849 34.6883 0.537853
  BOL  1  2  0  1  2  47 810.014 100.19 1 1285 1.7134 0.755178 1684.03 1.681 -27.9102 0.119241 19.9492 1.37692
  BOL  1  2  0  1  2  48 816.08 98.224 1 1289 1.69753 1.89147 1506.85 0.262947 -2.47383 0.0198035 6.83183 1.32038
  BOL  1  2  0  1  2  49 817.547 100.214 1 1274 1.73607 1781.65 -444.784 1257.64 -20.2314 1703.77 10.6339 1778.46
  BOL  1  2  0  1  2  50 821.842 99.9961 1 1303 2.46577 6.91349 1592.75 88.4389 -7.32478 7.09452 13.4045 4.53709
  BOL  1  2  0  1  2  51 816.367 99.4806 1 1303 1.78372 0.379627 1510.27 4.14356 -1.20543 0.104134 2.38059 0.170613
  BOL  1  2  0  1  2  52 799.253 101.3 1 1307 2.12705 2.42423 1546.17 0.460627 -23.501 0.193395 11.6909 3.28632
  BOL  1  2  0  1  2  53 811.837 100.021 1 1253 1.89603 9.67264 1494.43 1.78868 -1.19075 9.56687 0.0455227 9.61564
  BOL  1  2  0  1  2  54 814.969 99.5755 1 1280 1.8309 0.520014 1503.44 2.84549 -1.73692 0.126876 2.98915 0.142848
  BOL  1  2  0  1  2  55 816.802 99.4764 1 1132 1.46401 0.858408 1505.71 3.79067 -0.0108771 0.00256105 0.871709 0.392243
  BOL  1  2  0  1  2  56 816.038 99.5503 1 1263 1.80564 1.44505 1505.21 0.949874 -1.57124 0.0347443 4.0728 0.926819
  BOL  1  2  0  1  2  57 811.017 99.8979 1 1316 1.74032 0.0146101 1514.62 1.65264 -3.08682 0.158234 0.000570389 2.3468e-05
  BOL  1  2  0  1  2  58 815.605 100.366 1 1281 1.92799 1.04448 1496.1 5.90536 -0.025182 0.0657997 1.32756 0.542616
  BOL  1  2  0  1  2  59 811.124 99.5536 1 1313 1.69829 90.61 1507.63 85.0177 -3.25516 90.2972 0.023309 90.6097
  BOL  1  2  0  1  2  60 819.297 101.611 1 1342 1.70771 1.75803 1504.31 3.09986 -4.15944 0.708378 8.18324 1.16978
  BOL  1  2  0  1  2  61 750.598 100.52 1 1292 1.58588 4.60111 1643.45 56.0997 -157.017 7.48307 33.6556 4.84529
  BOL  1  2  0  1  2  62 808.587 100.516 1 1273 1.70665 1.73374 1544.88 17.3369 -14.6155 0.533188 14.6119 2.33196
  BOL  1  2  0  1  2  63 816.64 99.3755 1 1382 1.54177 1.42548 1500.06 0.355437 -1.74151 0.0421544 4.684 0.918959
  BOL  1  2  0  1  2  64 811.039 101.622 1 1376 1.87094 0.387378 1501.83 0.216549 -0.363788 0.027035 0.57168 0.118236
  BOL  1  2  0  1  2  65 812.003 100.932 1 1300 1.77519 0.678431 1476.22 9.92645 -0.305586 0.0510549 0.537076 0.39379
  BOL  1  2  0  1  2  66 809.634 99.6478 1 1447 1.82843 0.6105 1533.23 0.611815 -12.9132 0.064453 12.6457 1.62657
  BOL  1  2  0  1  2  67 808.927 99.949 1 1323 1.53678 28.4618 1501.52 18.4285 -14.36 26.0168 16.1135 28.8509
  BOL  1  2  0  1  2  68 815.94 101.004 1 1366 2.37006 2.24117 1506.41 10.1239 -0.694492 0.79521 4.45018 1.09846
  BOL  1  2  0  1  2  69 0 94.3775 2 176 0 0 0 0 0 0 0 0
  BOL  1  2  0  1  2  70 800 1 1 0 0 0 0 0 0 0 0 0
  BOL  1  2  0  1  2  71 800 1 1 0 0 0 0 0 0 0 0 0
  BOL  1  2  0  1  2  72 800 1 1 0 0 0 0 0 0 0 0 0
  BOL  1  2  0  1  3  1 0 100.278 2 451 0 0 0 0 0 0 0 0
  BOL  1  2  0  1  3  2 0 101.016 2 955 0 0 0 0 0 0 0 0
  BOL  1  2  0  1  3  3 884.439 101.716 1 1195 1.64609 0.519497 1683.61 4.18287 -9.02662 0.0649617 9.23636 0.00507895
  BOL  1  2  0  1  3  4 808.814 101.25 1 1140 1.73084 0.117982 1526.22 10.2464 -6.60152 0.32979 10.0107 0.649754
  BOL  1  2  0  1  3  5 806.378 99.8665 1 1123 1.40124 1.29932 -4354.04 24.0945 -8.29685 0.512483 11.1582 2.29395
  BOL  1  2  0  1  3  6 807.594 100.27 1 1201 1.85622 1.35841 100258 11684.9 -7.13385 1.11907 3.0044 1.90898
  BOL  1  2  0  1  3  7 828.252 100.441 1 1237 1.85652 3.39131 1497.83 3.14026 -0.871488 0.144366 10.1555 0.893119
  BOL  1  2  0  1  3  8 858.789 101.997 1 1234 1.8389 1.53011 608.221 86.4204 -3.34998 1.01635 0.368805 0.00423517
  BOL  1  2  0  1  3  9 827.969 101.669 1 1128 1.47606 1.05769 1510.46 2.15276 -4.86016 0.0720845 17.4486 0.61832
  BOL  1  2  0  1  3  10 817.128 101.501 1 1184 1.91011 2.09447 304.471 4.39569 -3.44199 0.047948 2.66732 0.0560565
  BOL  1  2  0  1  3  11 808.841 101.786 1 1124 1.69928 0.980678 -515.357 359.823 -12.0944 2.55803 3.00317 0.447866
  BOL  1  2  0  1  3  12 816.358 98.7552 1 1105 1.79683 1.52893 1501.6 2.56694 -0.000388917 0.00586442 2.32094 0.782048
  BOL  1  2  0  1  3  13 812.762 99.1446 1 1217 2.14852 0.397255 1504.09 4.26074 -0.0396816 0.00827595 0.316435 0.13188
  BOL  1  2  0  1  3  14 804.669 101.499 1 1156 1.71132 0.285749 1574.52 0.880756 -20.5935 0.0306933 15.6591 1.10545
  BOL  1  2  0  1  3  15 812.116 99.9732 1 1160 1.65898 3.79719 1534.21 8.19743 -8.87781 2.93079 11.2122 1.81931
  BOL  1  2  0  1  3  16 807.347 100.526 1 1240 1.60635 0.209493 1526.89 0.181292 -14.5266 0.0288411 14.5612 1.56184
  BOL  1  2  0  1  3  17 808.246 101.575 1 1246 2.23738 1.16141 1540.11 1.42314 -24.1835 1.31112 29.6183 1.25839
  BOL  1  2  0  1  3  18 816.247 100.681 1 1144 1.51392 0.996562 1503.6 0.902935 -0.220489 0.0673895 1.89052 0.301652
  BOL  1  2  0  1  3  19 814.045 99.8571 1 1292 2.09015 0.980349 1467.03 2.30256 -0.223571 0.160995 2.8491 0.0113673
  BOL  1  2  0  1  3  20 777.078 100.387 1 1241 2.03047 3.6221 1573.02 46.5062 -36.1459 0.198667 40.4959 3.01349
  BOL  1  2  0  1  3  21 838.37 102.05 1 1174 1.80345 1.57358 1499 1.67641 -5.01036 1.48967 23.5316 2.28575
  BOL  1  2  0  1  3  22 799.669 101.554 1 1301 2.16311 0.172251 1651.29 1.31573 -28.8061 0.0241822 31.7868 0.590032
  BOL  1  2  0  1  3  23 810.988 99.9584 1 1197 1.43123 4.58495 1506.85 4.86036 -0.550967 0.220822 0.70128 4.26165
  BOL  1  2  0  1  3  24 819.149 100.832 1 1182 1.95909 1.17888 1504.12 3.29186 -0.160828 1.11595 2.86486 1
  BOL  1  2  0  1  3  25 813.516 100.297 1 1399 2.58908 0.371008 1499.72 1.78804 -1.62791 0.204783 2.32108 0.128603
  BOL  1  2  0  1  3  26 813.287 100.536 1 1418 1.96318 11.0288 1545.56 82.1277 -5.0916 10.6112 5.53582 1.31817
  BOL  1  2  0  1  3  27 817.718 99.4308 1 1329 1.78954 4.00612 1507.12 1.99094 -1.27359 0.163896 5.28037 0.843577
  BOL  1  2  0  1  3  28 820.038 98.3854 1 1388 1.93129 1.71003 1501.88 0.270841 -0.25052 0.0242263 4.43939 0.77184
  BOL  1  2  0  1  3  29 816.708 99.529 1 1409 2.21993 0.973985 1504.87 0.0959538 -0.00993652 0.033712 2.20733 0.504499
  BOL  1  2  0  1  3  30 819.619 100.354 1 1182 1.86514 2.77269 1506.82 1.03381 -1.94027 1.53095 6.94803 1.82171
  BOL  1  2  0  1  3  31 816.079 98.9473 1 1425 2.30754 0.438727 1537.34 0.819667 -6.60792 0.133689 6.4939 0.299232
  BOL  1  2  0  1  3  32 809.657 98.1679 1 1455 1.84114 295.595 1486.78 3.94448 -0.111557 40.663 0.0662118 0.000840845
  BOL  1  2  0  1  3  33 815.848 99.7615 1 1187 2.06066 1.0147 1440.45 1.85648 -0.356705 0.0194229 1.78992 0.568574
  BOL  1  2  0  1  3  34 811.644 99.8972 1 1378 2.18358 1.5689 1516.42 28.2623 -2.44946 1.50114 1.99119 1.01002
  BOL  1  2  0  1  3  35 813.007 98.7959 1 1388 1.98526 0.164512 1499.57 3.1264 -0.000547635 0.121896 0.00329817 0.0792774
  BOL  1  2  0  1  3  36 818.615 98.2531 1 1320 1.67227 0.767886 1548.82 4.51328 -16.9451 0.608972 18.3932 2.3629
  BOL  1  2  0  1  3  37 814.033 99.7933 1 1389 1.60391 36.1683 1529.54 119.385 -4.34403 70.0382 1.67722 118.333
  BOL  1  2  0  1  3  38 817.978 98.2201 1 1310 1.84045 1.12842 1504.58 0.921052 -0.553839 0.194086 3.44932 0.986825
  BOL  1  2  0  1  3  39 817.572 98.0845 1 1206 1.71724 1.8238 1487.91 1.08414 -1.75001 0.0216168 5.66169 0.938204
  BOL  1  2  0  1  3  40 814.68 99.1262 1 1367 1.68369 2.24944 1499.71 2.30332 -0.0540036 0.0602918 1.76499 0.505343
  BOL  1  2  0  1  3  41 816.424 101.315 1 1400 2.22354 0.763106 1498.11 0.730973 -0.515796 0.243973 1.69407 0.176916
  BOL  1  2  0  1  3  42 820.686 101.204 1 1401 1.75619 1.88163 1532.92 0.769587 -3.65619 0.209719 7.77049 0.726938
  BOL  1  2  0  1  3  43 813.961 100.322 1 1326 2.01108 0.470638 1503.41 2.12742 -0.000281006 0.00271577 0.667761 0.230691
  BOL  1  2  0  1  3  44 812.386 98.9156 1 1376 1.92194 0.542732 1501.02 0.284771 -0.0384105 0.117234 0.603078 0.260114
  BOL  1  2  0  1  3  45 780.054 99.7388 1 1366 2.12886 0.201548 1565.74 0.268428 -70.593 0.135769 22.1821 0.259988
  BOL  1  2  0  1  3  46 800.826 99.1042 1 1286 1.7221 1.12317 1549.54 2.5709 -36.4455 0.31001 23.1109 0.982832
  BOL  1  2  0  1  3  47 815.328 100.631 1 1359 1.8886 0.269247 1512.4 0.923732 -0.00388731 0.00897843 1.56269 0.149859
  BOL  1  2  0  1  3  48 816.381 99.347 1 1313 2.00478 1.24468 1502.96 0.636089 -1.24502 0.023404 3.37108 0.8214
  BOL  1  2  0  1  3  49 812.021 98.8372 1 1301 1.87628 0.155677 1530.22 0.999043 -4.91114 0.634667 1.18639 0.146633
  BOL  1  2  0  1  3  50 813.521 100.87 1 1250 1.85962 0.0128031 1494.73 0.692987 -0.532155 0.0148376 1.57071 0.00514887
  BOL  1  2  0  1  3  51 815.301 98.8147 1 1337 1.81211 6.07222 1490.82 3.86367 -0.0977816 0.168843 2.62133 1.02104
  BOL  1  2  0  1  3  52 812.834 99.8553 1 1246 1.5576 5.08936 1548.54 6.10989 -6.78383 4.17398 4.21504 5.50381
  BOL  1  2  0  1  3  53 808.98 99.866 1 1270 1.99813 0.172828 1583.34 2.42364 -15.3102 0.0873955 8.12072 1.19226
  BOL  1  2  0  1  3  54 815.059 99.0854 1 1305 1.67025 1.27244 1545.25 8.01055 -11.4634 0.177239 14.7224 1.23198
  BOL  1  2  0  1  3  55 813.588 98.9592 1 1252 1.71949 0.830045 1523.79 0.797846 -4.0204 0.143118 8.59627 0.844362
  BOL  1  2  0  1  3  56 815.717 99.0196 1 1157 1.73677 1.25298 1500.56 0.718832 -0.368565 0.036368 3.12311 0.736976
  BOL  1  2  0  1  3  57 802.655 101.211 1 1264 1.72405 29.8539 1632.44 2.77347 -21.1624 28.0409 15.1896 30.1754
  BOL  1  2  0  1  3  58 815.177 99.0132 1 1351 1.85949 14.5184 1551.86 7.38505 -6.71275 3.82615 8.45398 16.3752
  BOL  1  2  0  1  3  59 815.88 100.023 1 1270 1.8394 1.12703 1500.39 2.60274 -0.00399924 0.00117059 1.75127 0.662618
  BOL  1  2  0  1  3  60 813.739 100.32 1 1261 1.46976 0.944085 1510.37 0.423703 -0.249386 0.475022 0.74583 0.781926
  BOL  1  2  0  1  3  61 813.799 99.1633 1 1334 1.82627 0.228976 1505.38 0.0345798 -7.20739 0.674809 7.08683 0.379029
  BOL  1  2  0  1  3  62 816.191 99.5959 1 1266 1.52045 1.04139 1697.42 2.97426 -40.1144 0.0401048 29.4802 0.831578
  BOL  1  2  0  1  3  63 814.733 99.6808 1 1350 1.75638 2.43015 1538.63 16.6257 -7.97477 1.79486 12.1962 8.3339
  BOL  1  2  0  1  3  64 816.639 99.187 1 1346 1.61316 0.28137 1502.61 0.0492314 -0.342326 0.227074 3.09306 0.404871
  BOL  1  2  0  1  3  65 814.875 100.185 1 1387 1.92856 0.178699 1519.66 1.59552 -3.86141 0.268649 5.72199 0.344764
  BOL  1  2  0  1  3  66 814.695 100.159 1 1327 1.63138 0.279469 1497.01 1.78115 -0.403756 0.109861 1.74126 0.190258
  BOL  1  2  0  1  3  67 815.447 100.549 1 1396 2.06823 1.29692 1515.22 0.738938 -2.35112 0.0716125 4.88594 0.710162
  BOL  1  2  0  1  3  68 813.966 100.167 1 1443 2.24627 0.817497 1487.79 3.12755 -0.00918074 0.0160325 1.5154 0.25126
  BOL  1  2  0  1  3  69 816.31 100.718 1 1044 1.5301 0.30633 1527.71 2.02784 -2.0855 0.0303441 6.17026 0.163436
  BOL  1  2  0  1  3  70 800 1 1 0 0 0 0 0 0 0 0 0
  BOL  1  2  0  1  3  71 800 1 1 0 0 0 0 0 0 0 0 0
  BOL  1  2  0  1  3  72 800 1 1 0 0 0 0 0 0 0 0 0
  BOL  1  2  0  2  1  1 0 100.259 2 245 0 0 0 0 0 0 0 0
  BOL  1  2  0  2  1  2 0 99.4505 2 920 0 0 0 0 0 0 0 0
  BOL  1  2  0  2  1  3 864.411 99.7209 1 1009 1.10725 7.87253 1699.87 3.33578 -16.6913 0.0642223 22.9114 1.95851
  BOL  1  2  0  2  1  4 819.722 99.6893 1 1158 1.67234 1.16902 1510.81 0.813136 -2.66054 0.609247 7.71167 0.650425
  BOL  1  2  0  2  1  5 802.933 100.639 1 1101 1.42496 1.80595 1499.6 1.92823 -12.7066 1.76677 12.7142 1
  BOL  1  2  0  2  1  6 811.087 101.734 1 1058 1.66766 1.78549 1495.44 0.106476 -4.90563 0.108224 15.2011 2.15859
  BOL  1  2  0  2  1  7 812.981 101.162 1 1226 1.68811 0.187459 1551.62 2.36336 -7.5217 0.31925 19.6411 5.17519
  BOL  1  2  0  2  1  8 854.488 103.539 1 1184 1.61154 15.3314 1492.5 2.29123 -0.249912 0.208347 15.2757 3.26064
  BOL  1  2  0  2  1  9 851.87 101.081 1 1184 1.38305 1.38621 1513.34 2.32346 -4.0592 0.117336 30.3562 0.405881
  BOL  1  2  0  2  1  10 716.823 102.544 1 1133 1.6271 0.512335 187.756 0.400718 -9.30133 0.00949546 11.0847 0.423911
  BOL  1  2  0  2  1  11 817.828 100.249 1 1132 2.41339 1.1577 1002.28 7.27831 -3.45689 0.0294562 0.295978 0.00221192
  BOL  1  2  0  2  1  12 818.155 101.535 1 1039 1.74007 1.46114 1503.56 3.79314 -0.0484236 0.0602827 3.17894 0.734259
  BOL  1  2  0  2  1  13 812.534 99.5327 1 1135 1.66009 1.03825 1511.67 1.55433 -1.82075 0.143094 4.53926 0.335318
  BOL  1  2  0  2  1  14 818.394 98.1649 1 1086 1.62686 0.478642 1506.66 3.00605 -1.29302 0.0596063 4.2411 0.163232
  BOL  1  2  0  2  1  15 816.835 99.3877 1 1080 1.73928 1.05053 1500.6 3.2703 -0.0395675 0.0324657 2.042 0.257538
  BOL  1  2  0  2  1  16 816.236 100.892 1 1179 2.20108 0.580364 1494.48 4.5152 -0.559674 0.591361 3.72527 0.981322
  BOL  1  2  0  2  1  17 811.003 99.3093 1 1190 1.90282 29.9487 1499.29 22.9067 -0.000526087 29.9487 0.00249591 29.9487
  BOL  1  2  0  2  1  18 811.97 98.938 1 1134 1.78416 43.2051 1505.6 134.79 -0.155491 0.893245 1.29566 16.2961
  BOL  1  2  0  2  1  19 807.346 101.253 1 1191 1.68513 1.08854 509.467 9.94075 -9.98545 0.523647 2.14955 0.906514
  BOL  1  2  0  2  1  20 814.004 100.15 1 1288 2.39202 1.10652 1498.94 2.29108 -0.00016151 0.00125755 1.92379 0.541084
  BOL  1  2  0  2  1  21 781.413 101.413 1 1163 1.6641 1.96613 1579.45 2.01869 -47.4865 0.131442 57.4789 1.6764
  BOL  1  2  0  2  1  22 805.42 101.256 1 1150 2.0462 4.12347 1559.26 42.6583 -17.7288 3.2391 21.956 11.608
  BOL  1  2  0  2  1  23 818.422 101.784 1 1257 2.29133 1.08023 1499.59 0.964469 -0.120744 0.0620744 3.99339 0.642651
  BOL  1  2  0  2  1  24 817.236 99.502 1 1159 1.79757 1.02845 1507.44 1.42012 -1.37848 0.688645 4.90429 0.461305
  BOL  1  2  0  2  1  25 815.173 99.7911 1 1143 1.93574 0.653586 1497.22 1.07598 -0.750073 0.11151 2.42669 0.138744
  BOL  1  2  0  2  1  26 809.817 99.3766 1 1319 2.31536 2.20989 1502.68 1.3777 -3.83281 1.42459 4.42349 2.06278
  BOL  1  2  0  2  1  27 814.357 100.845 1 1376 2.41286 1.1054 1496.43 3.98526 -0.0724032 0.0947734 2.15596 0.551326
  BOL  1  2  0  2  1  28 813.953 99.1843 1 1254 1.69076 1.46217 1487.61 1.80988 -0.16455 0.0261856 3.43712 0.798437
  BOL  1  2  0  2  1  29 813.699 99.8094 1 1318 1.91656 1.27102 1505.63 0.182872 -0.491659 0.410874 0.630616 1.08742
  BOL  1  2  0  2  1  30 813.915 99.8792 1 1356 2.00038 0.910287 1489.41 1.0193 -0.383932 0.0187859 1.51232 0.563965
  BOL  1  2  0  2  1  31 815.043 99.4847 1 1221 1.77583 1.31204 1498.69 1.00709 -2.72457 1.00327 4.62198 1.11589
  BOL  1  2  0  2  1  32 918.183 100.656 1 1250 2.01447 0.105511 1913.34 8.32954 -25.1208 0.0818483 0.452491 0.000106319
  BOL  1  2  0  2  1  33 815.844 100.511 1 1451 3.12719 0.726627 1504.75 0.190407 -0.133224 0.0583032 1.5673 0.169345
  BOL  1  2  0  2  1  34 816.385 97.5749 1 1229 2.00551 1.09387 1492.36 0.767541 -7.50478e-07 0.000409645 2.29321 0.555968
  BOL  1  2  0  2  1  35 814.538 100.638 1 1234 1.65923 7.79609 1515.74 15.0059 -3.13868 1.4433 5.06497 7.40515
  BOL  1  2  0  2  1  36 813.813 98.5363 1 1420 2.27608 0.278966 1502.9 1.07607 -0.402656 0.0683613 0.840553 0.0885916
  BOL  1  2  0  2  1  37 812.086 100.387 1 1271 1.86505 5.57571 1553.93 19.2623 -8.87483 2.95462 15.5469 0.6671
  BOL  1  2  0  2  1  38 814.31 99.5933 1 1270 1.6822 0.296 1544.09 0.104028 -16.7079 0.0126747 25.7975 0.156442
  BOL  1  2  0  2  1  39 814.616 99.6289 1 1349 1.75002 0.0162426 1514.54 2.43154 -8.71962 0.0558113 3.87289 0.0263372
  BOL  1  2  0  2  1  40 815.172 98.4135 1 1223 1.79531 151.096 1504.82 385.14 -1.99575 184.152 3.14675 12.5327
  BOL  1  2  0  2  1  41 814.413 100.364 1 1119 1.45266 1.46162 1505.85 1.93437 -0.263804 0.14812 1.56105 0.279728
  BOL  1  2  0  2  1  42 815.692 100.583 1 1321 2.05443 0.704245 1500.2 1.0968 -0.0208772 0.0269156 1.40344 0.469765
  BOL  1  2  0  2  1  43 811.89 99.0029 1 1376 1.92002 0.140075 1500.86 0.205902 -14.4213 2.35488 8.46334 1.27228
  BOL  1  2  0  2  1  44 812.726 100.465 1 1369 2.1592 0.0168165 1529.17 0.796131 -5.06659 0.0131319 2.46467 0.0204128
  BOL  1  2  0  2  1  45 815.52 100.405 1 1319 2.08505 0.0129691 1547.16 0.989117 -5.48489 0.0521182 0.647709 0.0169858
  BOL  1  2  0  2  1  46 814.388 100.183 1 1320 2.27736 2.70838 1507.6 1.39377 -1.14951 0.404801 1.65482 0.986634
  BOL  1  2  0  2  1  47 811.084 100.655 1 1285 1.90761 0.405346 1498.6 2.94736 -0.000151074 0.00523379 0.080114 0.385542
  BOL  1  2  0  2  1  48 807.508 101.028 1 1319 2.2389 0.387128 1558.02 0.613461 -11.7118 0.63065 20.5424 1.50123
  BOL  1  2  0  2  1  49 815.011 98.8227 1 1276 2.05429 0.1662 1501.9 0.327599 -1.39878 0.0552636 0.149437 1.97397
  BOL  1  2  0  2  1  50 817.266 97.9078 1 1244 1.5949 1.69881 1499.1 0.0051011 -0.0987718 0.121831 2.96552 0.9137
  BOL  1  2  0  2  1  51 834.129 98.8518 1 1254 1.65724 25.9724 1642.29 2.26902 -38.9438 25.8467 20.0665 25.9228
  BOL  1  2  0  2  1  52 814.406 99.5909 1 1220 1.78188 0.268663 1478.7 4.61052 -0.129426 0.0367888 1.23246 0.040766
  BOL  1  2  0  2  1  53 818.799 99.6379 1 1295 1.58814 1.22292 1499.96 2.50902 -0.0198923 0.022164 2.20487 0.636109
  BOL  1  2  0  2  1  54 814.541 101.284 1 1199 1.61325 0.813699 1497.63 1.20553 -0.218946 0.040352 2.47784 0.147858
  BOL  1  2  0  2  1  55 811.188 100.563 1 1240 1.82853 0.301155 1530.09 0.558473 -11.177 0.0382941 8.1695 0.400281
  BOL  1  2  0  2  1  56 823.928 101.064 1 1225 1.62686 3.8816 1531.94 12.3866 -4.52625 2.38867 10.481 2.08873
  BOL  1  2  0  2  1  57 813.332 100.254 1 1240 1.81777 2.14002 1497.5 2.24537 -0.18154 0.159596 1.61367 0.380942
  BOL  1  2  0  2  1  58 814.844 98.0228 1 1074 1.56905 0.989478 1514.56 0.172602 -2.79173 0.165118 3.77521 0.856721
  BOL  1  2  0  2  1  59 814.622 99.9576 1 1206 1.84508 0.528137 1500.54 3.21405 -0.224495 0.162713 2.25672 0.428468
  BOL  1  2  0  2  1  60 817.015 99.9309 1 1288 1.94809 2.08523 1510.99 0.687287 -1.60838 0.589778 6.26549 1.45849
  BOL  1  2  0  2  1  61 813.349 99.6472 1 1255 1.9245 0.404073 1518.47 1.40038 -1.47178 0.0409249 2.38357 0.151906
  BOL  1  2  0  2  1  62 814.926 101.055 1 1240 1.91373 1.11495 1499.45 0.283347 -3.19145 0.920739 4.73263 0.658779
  BOL  1  2  0  2  1  63 818.157 99.8599 1 1273 1.69024 1.32589 1500.68 1.00202 -9.62482e-06 1 1.62042 1.1129
  BOL  1  2  0  2  1  64 818.095 99.682 1 1261 2.07378 1.7834 1492.99 0.417269 0.00640325 0.00644457 3.24424 0.853376
  BOL  1  2  0  2  1  65 822.865 99.134 1 1192 1.42298 2.72781 1475.13 1.57232 -0.239121 0.0379596 4.79191 0.351999
  BOL  1  2  0  2  1  66 799.527 99.4056 1 1321 1.86296 16.1474 1543.92 32.711 -43.952 82.4118 8.11446 1.68118
  BOL  1  2  0  2  1  67 816.609 99.368 1 1361 1.60963 1.67871 1502.82 1.013 -0.167619 1.17139 2.32243 1.20775
  BOL  1  2  0  2  1  68 811.36 101.234 1 1228 1.45379 90.3653 1488.32 3.42224 -1.13823e-05 0.000571587 0.0141348 8.50315e-05
  BOL  1  2  0  2  1  69 817.221 98.3122 1 1351 1.72254 1.77065 1502.36 0.0806228 -0.143429 0.399213 4.06759 1.71692
  BOL  1  2  0  2  1  70 814.605 99.6316 1 1303 1.86162 0.916009 1533.89 3.32043 -4.53901 0.96907 7.491 1.00764
  BOL  1  2  0  2  1  71 816.047 99.6458 1 1333 1.9185 0.536718 1499.45 3.7716 -0.0340308 0.0774153 0.850364 0.314874
  BOL  1  2  0  2  1  72 0 100.892 2 759 0 0 0 0 0 0 0 0
  BOL  1  2  0  2  2  1 0 102.222 2 676 0 0 0 0 0 0 0 0
  BOL  1  2  0  2  2  2 0 100.157 2 985 0 0 0 0 0 0 0 0
  BOL  1  2  0  2  2  3 846.038 101.716 1 1137 1.35537 1.18064 1501.04 0.148297 -0.478369 0.0220587 12.3561 0.173082
  BOL  1  2  0  2  2  4 839.907 101.91 1 1049 1.49432 5.587 1499.09 0.0544163 -3.22142 0.93726 24.9869 4.86388
  BOL  1  2  0  2  2  5 839.102 101.993 1 1054 1.54349 0.990506 1506.1 0.0952547 -1.33053 0.0810217 19.683 0.133093
  BOL  1  2  0  2  2  6 843.45 101.144 1 1198 1.52063 3.05059 1494.37 4.30604 -0.125952 0.0235995 11.1032 0.781207
  BOL  1  2  0  2  2  7 848.95 100.689 1 1236 1.92142 4.05403 1430.09 2.2388 -0.409577 0.0221079 11.703 1.23839
  BOL  1  2  0  2  2  8 867.669 101.21 1 1199 1.79456 67.7393 864.865 1.55751 -3.40807 67.6797 1.14717 67.6807
  BOL  1  2  0  2  2  9 811.609 100.985 1 1090 1.59144 1.0898 1497.48 1 -7.50672 1.00159 29.2416 1.08986
  BOL  1  2  0  2  2  10 820.706 101.147 1 1144 1.90167 0.846876 3829.75 120.105 -81.7774 0.400743 1.38691 0.00398485
  BOL  1  2  0  2  2  11 823.155 102.113 1 1056 1.47798 5.37364 1504.68 0.0068442 -21.1097 6.70023 38.7444 3.34273
  BOL  1  2  0  2  2  12 831.944 99.9733 1 1069 1.8491 0.530582 1943.58 4.14827 -14.5854 0.0819293 0.938276 0.000248347
  BOL  1  2  0  2  2  13 820.166 101.57 1 1127 2.1482 357.503 2173.9 357.541 -27.9301 191.663 2.18005 244.676
  BOL  1  2  0  2  2  14 909.023 99.2782 1 1150 1.87099 1.20412 1522.4 9.30979 -22.7757 0.172914 27.8769 0.0486399
  BOL  1  2  0  2  2  15 813.249 99.5452 1 1058 1.21537 1.58596 1502.11 3.79862 -0.0932936 0.111369 3.15285 0.823816
  BOL  1  2  0  2  2  16 811 100.533 1 1189 1.89604 1 1548.97 34.3043 -5.30243 1.08044 0.0207685 1
  BOL  1  2  0  2  2  17 813.4 99.7025 1 1241 1.92157 1.33863 1514.79 0.0844041 -0.673292 0.132332 2.47827 0.61007
  BOL  1  2  0  2  2  18 834.774 101.235 1 1052 1.78669 1.31585 1574.74 10.3183 -5.82552 0.387119 0.951385 0.166951
  BOL  1  2  0  2  2  19 829.64 98.515 1 1283 2.71151 0.490564 -1879.99 4.62835 -14.821 0.0414317 0.323332 5.96129e-05
  BOL  1  2  0  2  2  20 820.764 99.4135 1 1226 2.03005 1.06543 1876.77 36.8956 -15.8988 0.748103 1.31666 0.127514
  BOL  1  2  0  2  2  21 829.628 101.448 1 1168 2.08987 0.016885 887.081 3.8012 -18.8669 0.032782 0.323189 0.00182337
  BOL  1  2  0  2  2  22 815.865 100.349 1 1169 1.61707 6.16941 1498.07 16.935 -0.023141 0.190262 2.62586 1.21466
  BOL  1  2  0  2  2  23 805.538 100.656 1 1237 2.3768 1.63462 -4265.18 155.162 -40.6832 6.82476 3.53304 1.05529
  BOL  1  2  0  2  2  24 813.144 98.9579 1 1113 1.72692 0.994879 1500.45 2.92634 -0.000291638 0.0126539 1.76349 0.460706
  BOL  1  2  0  2  2  25 812.601 99.5815 1 1198 1.69465 0.512477 1514.95 2.46081 -2.35027 0.144605 2.99225 0.232629
  BOL  1  2  0  2  2  26 818.749 100.154 1 1258 2.08592 1.94504 1629.94 47.182 -12.9398 0.173202 2.36176 0.311348
  BOL  1  2  0  2  2  27 812.547 100.599 1 1369 2.41302 2.37602 1506.93 4.58493 -0.425293 0.193524 3.13629 0.540011
  BOL  1  2  0  2  2  28 813.353 99.7154 1 1325 1.97124 1.59635 1504.7 1.03141 -0.17121 1.252 1.39845 1.18968
  BOL  1  2  0  2  2  29 818.778 99.189 1 1325 2.18285 0.439799 -2901.79 185.422 -14.7592 0.402882 0.299409 0.00382678
  BOL  1  2  0  2  2  30 830.274 99.3321 1 1317 1.86211 0.920892 1744.16 32.837 -14.2638 1.09653 0.525325 0.766922
  BOL  1  2  0  2  2  31 801.676 100.774 1 1165 2.08981 0.308976 1520.05 0.209783 -14.5212 0.0172742 20.1519 0.294284
  BOL  1  2  0  2  2  32 816.601 99.616 1 1383 3.09757 0.0300078 1517.45 0.336039 -2.25477 0.0277 5.04064 0.0504918
  BOL  1  2  0  2  2  33 813.338 100.374 1 1386 2.60034 1.0529 1488.97 2.77115 -0.413226 0.189273 1.34802 0.219218
  BOL  1  2  0  2  2  34 815.418 99.0217 1 1188 2.13078 0.392237 1529.31 1.01725 -5.10007 0.76867 1.26753 0.728001
  BOL  1  2  0  2  2  35 811.673 99.0223 1 1296 2.49019 0.437871 1703.55 8.58066 -14.3482 0.16918 3.68282 0.697225
  BOL  1  2  0  2  2  36 810.405 98.8939 1 1356 1.99589 1.26705 1503 0.0268649 -13.0157 2.18101 2.30978 1.2479
  BOL  1  2  0  2  2  37 812.874 99.587 1 1264 2.16117 0.322734 1499.83 3.26108 -0.930016 0.0428374 2.37147 0.0540228
  BOL  1  2  0  2  2  38 814.655 97.8197 1 1316 1.7323 0.978034 1507.17 2.37539 -0.157066 0.116571 1.72152 0.520479
  BOL  1  2  0  2  2  39 810.934 99.8095 1 1253 2.17385 1.00006 1256.13 1.72796 -0.326215 1.00491 0.00153735 1
  BOL  1  2  0  2  2  40 798.183 100.706 1 1222 2.47624 0.608254 -855.394 29.6231 -4.92798 0.523171 0.561565 6.57139e-06
  BOL  1  2  0  2  2  41 835.261 100.352 1 1240 1.58102 2.90878 1722.15 32.5065 -31.6143 0.15738 33.1211 1.05234
  BOL  1  2  0  2  2  42 813.752 100.475 1 1326 2.69659 0.49415 1517.66 4.7562 -2.6643 0.4113 2.51984 0.472134
  BOL  1  2  0  2  2  43 807.544 99.411 1 1367 2.39169 0.704155 1604.63 4.27516 -11.4665 0.145116 8.84207 1.17794
  BOL  1  2  0  2  2  44 815.375 99.0397 1 1295 1.57408 1.23447 1497.6 3.16076 -0.00100636 0.0128104 1.57599 0.61814
  BOL  1  2  0  2  2  45 809.859 99.7755 1 1352 2.22988 0.503837 1506.96 2.94807 -6.39154 0.462389 2.49999 1.11089
  BOL  1  2  0  2  2  46 824.924 99.792 1 1314 2.08989 0.025531 -1590.67 3.3701 -8.3986 0.0303944 0.314517 9.61339e-05
  BOL  1  2  0  2  2  47 822.456 100.681 1 1289 1.95858 1.36109 1504.87 0.666432 -1.85596 0.0343722 4.15767 0.833629
  BOL  1  2  0  2  2  48 802.907 101.216 1 1251 2.06236 2.86678 -12834.2 39.8064 -195.263 0.279004 2.94279 1.05263
  BOL  1  2  0  2  2  49 802.332 99.9606 1 1284 2.29036 14799.2 -11558 20.1904 -34.5914 14799.1 22.204 14799.2
  BOL  1  2  0  2  2  50 811.481 100.104 1 1223 1.85537 0.486046 1550.64 3.02188 -6.93318 0.135144 3.61225 0.711452
  BOL  1  2  0  2  2  51 813.039 98.0352 1 1221 1.87999 0.0761286 1509.3 0.435849 -2.62235 0.128805 1.67125 0.0366122
  BOL  1  2  0  2  2  52 817.358 99.186 1 1306 2.05869 1.14912 1490.06 2.89174 -0.000167395 0.00339908 2.43391 0.541761
  BOL  1  2  0  2  2  53 794.961 100.122 1 1247 1.90747 0.30399 -741.994 27.0021 -50.1089 0.122646 21.7567 0.385753
  BOL  1  2  0  2  2  54 813.455 98.4581 1 1136 1.53504 0.322848 1499.12 0.543708 -1.0391 0.176858 2.95145 0.0999254
  BOL  1  2  0  2  2  55 811.415 98.8188 1 1234 1.51654 0.348445 1513.44 1.64781 -4.05163 0.124443 4.85294 0.184259
  BOL  1  2  0  2  2  56 814.201 99.2485 1 1290 1.97667 1.03557 1494.63 0.359562 -0.589972 0.0184406 1.8224 0.401427
  BOL  1  2  0  2  2  57 800.466 99.2181 1 1162 1.55179 2.80485 1525.25 1.99131 -24.2456 1.27698 16.2051 1.913
  BOL  1  2  0  2  2  58 816.687 100.299 1 1112 1.54637 4.21928 1493.16 1.13012 -0.143478 0.0819736 2.22468 0.816988
  BOL  1  2  0  2  2  59 822.896 99.8099 1 1226 1.82305 7.00159 1532.19 44.6062 -4.54443 4.94524 10.6135 3.25269
  BOL  1  2  0  2  2  60 818.454 99.3535 1 1317 1.75716 0.985997 1501.1 0.109947 -2.26316 0.127204 6.41855 0.293249
  BOL  1  2  0  2  2  61 813.149 99.3705 1 1205 1.52145 0.151772 1495.78 0.317724 -1.06907 0.0622304 0.158111 0.160484
  BOL  1  2  0  2  2  62 813.228 99.8522 1 1224 1.67588 0.0833503 1505.34 0.669824 -0.898504 0.0611195 1.76841 0.111825
  BOL  1  2  0  2  2  63 815.536 101.565 1 1277 1.62829 0.629287 1503.78 0.0771836 -0.126023 0.039947 2.99232 0.183955
  BOL  1  2  0  2  2  64 816.832 99.8214 1 1230 1.26849 1.24606 1499.45 0.151779 -0.856621 0.0816479 4.91827 0.832049
  BOL  1  2  0  2  2  65 815.479 100.088 1 1279 1.77535 0.765276 1500.12 3.37539 -0.959125 0.202331 2.76793 0.244648
  BOL  1  2  0  2  2  66 815.497 99.981 1 1277 1.58102 78.6244 1506.57 80.7314 -1.87881 52.5531 4.94713 77.2715
  BOL  1  2  0  2  2  67 824.066 100.601 1 1325 1.67997 3.67604 1489.61 0.991529 -0.116638 0.0350373 4.86513 0.443591
  BOL  1  2  0  2  2  68 815.617 99.6309 1 1268 1.77849 0.291059 1493.41 4.17053 -0.791552 0.0593558 3.35244 0.0732031
  BOL  1  2  0  2  2  69 815.384 99.9857 1 1341 1.93857 0.30516 1456.05 8.91799 -0.548395 0.0869124 1.43694 0.0704677
  BOL  1  2  0  2  2  70 818.111 99.9943 1 1305 2.11073 1.59797 1494.69 2.18048 -0.0449449 0.0264877 2.5078 0.866434
  BOL  1  2  0  2  2  71 798.398 100.915 1 1313 2.39276 0.427027 1571.31 1.89106 -37.2665 0.0778917 38.6957 1.53969
  BOL  1  2  0  2  2  72 0 97.1564 2 389 0 0 0 0 0 0 0 0
  BOL  1  2  0  2  3  1 0 97.7108 2 242 0 0 0 0 0 0 0 0
  BOL  1  2  0  2  3  2 0 100.847 2 916 0 0 0 0 0 0 0 0
  BOL  1  2  0  2  3  3 0 98.9567 2 998 0 0 0 0 0 0 0 0
  BOL  1  2  0  2  3  4 807.681 99.1656 1 1150 1.76557 0.685939 638.476 3.96661 -1.7609 0.0288765 0.187377 0.000622592
  BOL  1  2  0  2  3  5 807.358 100.658 1 1109 1.56005 0.0123712 1618.38 14.1498 -5.07738 0.0554174 1.33586 0.378663
  BOL  1  2  0  2  3  6 904.26 100.942 1 1055 1.12778 19.127 1759.53 6.4447 -10.6618 0.937968 19.3937 26.4571
  BOL  1  2  0  2  3  7 894.141 102.538 1 1234 1.48641 0.475105 1636.15 1.322 -6.57922 0.0201248 25.2054 0.0359523
  BOL  1  2  0  2  3  8 787.537 100.817 1 1167 1.94494 0.539782 -72.7644 6.38847 -22.009 0.0653045 19.2494 0.429498
  BOL  1  2  0  2  3  9 809.269 100.977 1 1161 1.77361 3.24519 1503.75 3.09156 -5.19028 3.15664 5.48735 0.982765
  BOL  1  2  0  2  3  10 816.21 99.5503 1 1105 1.59106 1.01476 1490.72 2.85047 -0.000579785 0.0129573 1.45859 0.529471
  BOL  1  2  0  2  3  11 813.361 100.439 1 1151 1.50701 1.0001 1515.5 10.7545 -5.20299 1.02963 8.17966 1
  BOL  1  2  0  2  3  12 816.222 98.5895 1 1033 1.30709 3.2979 1498.93 1.17287 -0.211615 3.29246 2.28894 3.29271
  BOL  1  2  0  2  3  13 809.006 99.3971 1 1101 1.45519 0.0297735 1492.63 3.6652 -0.00465021 0.00113499 0.0179071 0.0645555
  BOL  1  2  0  2  3  14 798.046 99.7953 1 1112 1.6826 1.4896 1549.57 1.63073 -17.684 0.0589079 17.0181 4.60915
  BOL  1  2  0  2  3  15 814.974 99.0476 1 1048 2.18276 0.00565569 1506.15 0.362909 -2.32457 0.380744 0.000696863 2.12714e-07
  BOL  1  2  0  2  3  16 800.391 102.132 1 1162 1.70348 3.81663 -1112.59 160.765 -5.62756 0.0873124 10.3569 0.0153901
  BOL  1  2  0  2  3  17 807.935 100.777 1 1196 1.96065 0.484671 -3786.7 9.13945 -5.50043 0.108022 2.03297 0.870088
  BOL  1  2  0  2  3  18 795.612 101.706 1 1179 2.21547 0.20158 -271.104 2.73407 -5.42529 0.0194302 7.08571 1.44189
  BOL  1  2  0  2  3  19 793.4 101.569 1 1121 1.47314 0.579337 1569.15 8.7213 -26.2011 1.42398 26.7695 1.57314
  BOL  1  2  0  2  3  20 810.961 98.3573 1 1292 1.86297 0.154238 1512 3.62166 -2.44926 1.85822 0.191866 0.722356
  BOL  1  2  0  2  3  21 809.301 97.1688 1 1190 2.06311 0.576618 1501.24 1.87004 -0.0784832 0.136224 0.0487296 7.86587e-08
  BOL  1  2  0  2  3  22 812.862 101.335 1 1151 1.70982 0.673369 1504.65 0.488585 -1.3753 0.0524163 1.76577 0.0930658
  BOL  1  2  0  2  3  23 818.443 98.6442 1 1197 1.74063 0.352299 1513.67 0.597722 -1.72578 0.0400382 6.42761 0.0703004
  BOL  1  2  0  2  3  24 813.101 99.8914 1 1170 1.53095 0.993417 1533.28 6.56078 -3.90217 0.120488 4.90347 0.747559
  BOL  1  2  0  2  3  25 818.064 100.128 1 1145 1.40476 1.71788 1503.03 0.0219665 -0.27875 0.0686838 4.05925 0.926198
  BOL  1  2  0  2  3  26 812.109 99.9605 1 1249 1.76609 0.575744 1495.02 11.4791 -0.61511 0.836648 0.78415 0.319674
  BOL  1  2  0  2  3  27 828.464 101.537 1 1391 2.30269 27.4507 1513.64 0.184312 -0.0139455 0.0987013 9.73543 13.4003
  BOL  1  2  0  2  3  28 805.79 100.913 1 1226 2.06356 0.0494575 -4987.3 22.3886 -14.1217 0.284745 8.10626 1.99456
  BOL  1  2  0  2  3  29 807.225 100.147 1 1347 2.07894 25.5589 1479.04 0.846029 -0.65493 0.0203396 0.00535604 4.42213e-05
  BOL  1  2  0  2  3  30 805.844 99.9291 1 1379 2.32702 2.15011 -8761.47 3.28895 -14.3778 0.023028 3.35498 1.7782
  BOL  1  2  0  2  3  31 815.031 100.919 1 1243 1.95675 0.805334 1506.55 0.25897 -1.32147 0.0759472 4.14231 0.339482
  BOL  1  2  0  2  3  32 820.938 100.167 1 1188 2.05264 1.50999 1501.79 21.7278 -0.204786 3.93192 3.03515 3.29943
  BOL  1  2  0  2  3  33 809.574 99.7877 1 1423 2.86977 0.0580961 1520.9 0.92189 -3.90005 0.0358285 6.0348 0.125316
  BOL  1  2  0  2  3  34 809.006 100.027 1 1229 1.52396 0.500927 1514.53 1.5196 -3.70885 0.0581555 4.67624 0.0774605
  BOL  1  2  0  2  3  35 814.088 99.8812 1 1205 1.99348 1.26356 1495.94 1.39152 -3.73132 0.23531 6.02689 0.492259
  BOL  1  2  0  2  3  36 813.672 99.358 1 1412 2.07066 3.80584 1504.39 0.899373 -0.148271 0.638221 2.98761 2.22088
  BOL  1  2  0  2  3  37 808.485 98.9957 1 1238 1.81269 0.18923 1510.92 0.380111 -6.97177 0.0590763 6.02516 0.143965
  BOL  1  2  0  2  3  38 815.494 98.7244 1 1293 2.07293 0.135271 1525.68 0.758432 -5.15614 0.0539636 8.91136 0.163301
  BOL  1  2  0  2  3  39 797.83 99.0866 1 1408 2.24468 5.26028 1499.9 3.73 -23.811 8.35341 12.9793 3.17512
  BOL  1  2  0  2  3  40 815.584 99.8505 1 1185 2.35032 0.832347 1502.42 2.01747 -0.391266 0.0540982 2.72051 0.0886372
  BOL  1  2  0  2  3  41 771.965 101.12 1 1141 1.65656 154.129 1511.15 163.781 -67.433 22.1861 24.3735 162.694
  BOL  1  2  0  2  3  42 813.739 99.1142 1 1269 1.57112 0.316132 1498.98 1.50398 -0.496261 0.0677879 2.09397 0.0602722
  BOL  1  2  0  2  3  43 802.483 100.22 1 1364 2.14307 0.456911 1619.51 20.6397 -38.2172 0.0694028 37.1036 2.29453
  BOL  1  2  0  2  3  44 815.287 98.8407 1 1396 2.18242 0.939818 1481.49 5.0255 -0.00651145 0.0402784 2.12965 0.549964
  BOL  1  2  0  2  3  45 817.119 99.0758 1 1289 2.02107 1.76469 1494.11 2.51198 -0.630648 0.165536 3.45501 0.375719
  BOL  1  2  0  2  3  46 810.227 99.7443 1 1300 1.56041 0.62205 1491.57 1.51303 -0.0335708 0.0193428 0.699487 0.261412
  BOL  1  2  0  2  3  47 812.169 99.43 1 1237 2.06861 0.125776 1510 1.92469 -0.796602 0.0490358 1.22827 0.0389103
  BOL  1  2  0  2  3  48 814.269 97.8393 1 1288 1.84698 1.02045 1487.28 0.71505 -0.730557 0.018108 2.77 0.484358
  BOL  1  2  0  2  3  49 818.744 100.827 1 1331 2.28227 21.7249 1501.99 21.062 -0.0417001 20.9885 5.60662 20.7255
  BOL  1  2  0  2  3  50 844.58 99.5151 1 1275 1.89966 2.78465 1503.88 49.5676 -5.59613 49.2078 27.5304 49.6014
  BOL  1  2  0  2  3  51 808.719 101.41 1 1235 1.63035 0.199743 1513.62 0.0585339 -6.32408 0.0299188 3.78937 0.387837
  BOL  1  2  0  2  3  52 816.723 98.4349 1 1196 1.9068 0.349201 1484.75 2.60395 -0.727725 0.658079 5.87135 0.742068
  BOL  1  2  0  2  3  53 802.362 99.2591 1 1264 1.85854 1.1161 1626.41 2.24382 -30.0641 0.470015 19.4589 0.937916
  BOL  1  2  0  2  3  54 814.191 98.6099 1 1264 1.68222 0.681508 1514.62 0.32696 -3.94395 0.0391089 4.97029 0.66989
  BOL  1  2  0  2  3  55 809.107 100.405 1 1210 1.88556 53.0938 1492.78 49.2767 -0.18482 53.0931 0.031729 53.0925
  BOL  1  2  0  2  3  56 790.714 100.469 1 1205 2.03218 0.253468 1600.04 0.429489 -31.9225 0.0203558 32.2442 0.324993
  BOL  1  2  0  2  3  57 813.012 99.0091 1 1223 1.93286 3.38641 1524.68 1.63826 -4.67892 2.08909 0.0482948 13.4097
  BOL  1  2  0  2  3  58 813.104 100.201 1 1094 1.38478 2.41912 1501.03 3.95486 -0.0361874 0.0692012 3.23285 0.610001
  BOL  1  2  0  2  3  59 811.009 100.17 1 1213 1.83987 0.177123 1496.9 7.1418 -0.576724 0.285091 0.182023 0.186347
  BOL  1  2  0  2  3  60 814.685 101.195 1 1209 1.87224 0.68429 1494.66 3.11445 -0.000940541 0.00533198 0.725234 0.369197
  BOL  1  2  0  2  3  61 815.375 99.9924 1 1294 1.73622 0.150569 1498.34 0.00709623 0.00647513 0.00114582 1.89486 0.063723
  BOL  1  2  0  2  3  62 812.539 100.986 1 1244 1.82093 0.492564 1530.1 2.03435 -7.70347 0.078875 10.8438 0.612356
  BOL  1  2  0  2  3  63 811 98.8509 1 1196 1.51975 1 1147.25 4.21965 -0.139865 1.00027 0.000113646 1
  BOL  1  2  0  2  3  64 805.93 99.8324 1 1276 1.84248 0.269023 1568.06 1.74856 -11.0303 0.750549 9.82154 1.86514
  BOL  1  2  0  2  3  65 812.014 100.083 1 1240 1.67136 0.0301585 1504.95 0.0160824 -1.39167 0.0694134 1.65646 0.617261
  BOL  1  2  0  2  3  66 811.101 100.541 1 1310 1.61015 0.578746 1485.46 4.71368 -0.288826 0.0723877 0.196855 1.13967
  BOL  1  2  0  2  3  67 812.299 100.238 1 1234 1.61645 0.695339 1496.71 0.217825 -0.925939 0.345141 1.41445 0.375994
  BOL  1  2  0  2  3  68 680.258 100.021 1 1342 1.76118 4.96563 1504.68 0.108209 -412.167 46.4483 47.6783 2.42894
  BOL  1  2  0  2  3  69 811.191 101.078 1 1264 1.6801 0.821346 1501.63 0.50225 -0.418491 0.0395113 0.174908 0.758639
  BOL  1  2  0  2  3  70 814.856 100.002 1 1362 1.69045 1.41537 1502.53 4.01595 -0.6956 0.181254 2.82558 0.330445
  BOL  1  2  0  2  3  71 812.915 99.2587 1 1283 1.5119 0.125871 1498.55 8.78204 -0.325748 0.528994 0.0681621 0.10423
  BOL  1  2  0  2  3  72 817.182 99.8522 1 1303 2.16774 1.49344 1515.44 0.789118 -1.87534 0.152977 7.4188 0.449253
