1666247680
1666248192
1651032064
1651032576
1651034112
1651034624
1663271936
1663272448
1663273984
1663274496
1663534080
1663534592
1663536128
1663536640
1663684608
1663685120
1663686656
1663687168
1668449280
1668449792
1668453376
1668453888
1668455424
1668455936
1666498560
1666499072
1666500608
1666501120
1683521536
1683522048
1650052096
1650052608
1664196608
1664197120
1664198656
1664199168
1683067904
1683068416
1683069952
1683070464
1683593216
1683593728
1699316736
1699317248
1701416960
1701417472
1701417984
1701418496
1679923200
1679923712
1679921152
1679921664
1646971904
1646972416
1663209472
1663209984
1684177920
1684178432
1684179968
1684180480
1663275008
1663275520
1663276032
1663276544
1663277056
1663277568
1663278080
1663278592
1667535872
1667536384
1684836352
1684836864
1684838400
1684838912
1685356544
1685357056
1685358592
1685359104
1679065088
1679065600
1647676416
1647676928
1647689728
1647690240
1766688768
1766689280
1766692864
1766693376
1766686720
1766687232
1766690816
1766691328
1681230848
1681231360
1681228800
1681229312
1680186368
1680186880
1679656960
1679657472
1679654912
1679655424
1681361920
1681362432
1681359872
1681360384
1650364416
1650364928
1648286720
1648287232
1680772096
1680772608
1680770048
1680770560
1647811584
1647812096
1647280128
1647280640
1649380352
1649380864
1649908736
1649909248
1650425856
1650426368
1650433024
1650433536
1664608256
1664608768
1664591872
1664592384
1664592896
1664593408
1663539200
1663539712
1667733504
1667734016
1667734528
1667735040
