/Indet/AlignL2/SCT
2 2 -2 0 0 0 0 0.227705 -0.00217972 0.100382 0.0418146 0.0499221 -0.139264
2 2 -2 1 0 0 0 0.253185 -0.550978 0.139885 0.0734744 0.00927497 0.409991
2 2 -2 2 0 0 0 0.451291 -0.250432 0.264011 -0.0894325 -0.0130104 -0.122452
2 2 -2 3 0 0 0 0.149221 -0.140511 -0.0195799 -0.0119815 -0.0532965 0.544593
2 2 -2 4 0 0 0 -0.0739102 0.14287 0.070734 -0.0429186 -0.0436208 -1.15213
2 2 -2 5 0 0 0 -0.132205 0.311689 -0.0832876 -0.121545 -0.0888818 0.209175
2 2 -2 6 0 0 0 -0.0495857 -0.104427 -0.422739 0.000890358 -0.0454419 -0.104295
2 2 -2 7 0 0 0 -0.222566 0.110051 -0.369739 -0.069319 -0.0825658 0.116784
2 2 -2 8 0 0 0 0.0663215 0.226334 0.118328 -0.0184347 -0.00869875 -0.210112
2 2 0 0 0 0 0 0.0542453 0.0430971 0.0322075 -0.0272117 -0.120232 0.195294
2 2 0 1 0 0 0 0.0526163 0.0447814 0.12281 -0.0259009 -0.121235 0.203649
2 2 0 2 0 0 0 0.0532355 0.0470152 0.150826 -0.019996 -0.12345 0.211733
2 2 0 3 0 0 0 0.0542609 0.049078 0.0609797 -0.0239664 -0.123564 0.211352
2 2 2 0 0 0 0 -0.0173264 0.038881 0.18645 -0.0883971 -0.0534787 -0.151825
2 2 2 1 0 0 0 -0.019752 -0.0856359 0.103789 -0.0781478 -0.099837 -0.170435
2 2 2 2 0 0 0 -0.0305363 0.0798224 0.0327584 0.00773322 -0.013449 0.146422
2 2 2 3 0 0 0 -0.0613983 0.0740397 -0.0242195 -0.0125507 -0.0493529 -0.0601448
2 2 2 4 0 0 0 -0.0819498 0.142139 -0.127186 0.0114161 -0.0411875 0.0264808
2 2 2 5 0 0 0 -0.00407119 0.129934 0.0277965 0.0198674 -0.0490118 0.307037
2 2 2 6 0 0 0 0.101196 0.133926 0.0433747 -0.00516861 -0.104677 0.117756
2 2 2 7 0 0 0 0.0376853 0.138966 -0.0356042 -0.00158818 -0.0662399 0.286665
2 2 2 8 0 0 0 -0.0850437 0.104958 0.144796 0.00268522 0.00381831 0.299875
