/Indet/AlignL2/PIX
2 1 -4 0 0 0 0 0 0 0 0 0 0
2 1 -4 0 1 0 0 0 0 0 0 0 0
2 1 -4 0 2 0 0 0 0 0 0 0 0
2 1 -4 0 3 0 0 0 0 0 0 0 0
2 1 -2 0 0 0 0 0.0600094 -0.0282801 -0.251937 0.215293 0.0263062 -0.130451
2 1 -2 1 0 0 0 0.0964951 -0.0414474 -0.301501 0.214154 0.0268934 -0.230598
2 1 -2 2 0 0 0 0.0892172 -0.0805496 -0.344708 0.214119 0.0270632 -0.366916
2 1 0 0 0 0 0 -0.00400937 -0.416031 -0.0882305 0.00120743 0.0397693 44.3871
2 1 0 1 0 0 0 0.0331381 0.0926302 -0.225289 0.205881 -0.0256365 -0.225899
2 1 0 2 0 0 0 0.0317297 0.0973707 -0.22286 0.197017 -0.0340182 -0.0695716
2 1 0 3 0 0 0 0.0271322 0.0975058 -0.213189 0.193407 -0.0412046 -0.0583411
2 1 2 0 0 0 0 0.0262461 0.167039 -0.265155 0.214956 0.0266621 -0.160499
2 1 2 1 0 0 0 0.0186707 0.177069 -0.262582 0.214947 0.0267738 -0.278695
2 1 2 2 0 0 0 -0.0130355 0.199475 -0.260698 0.21461 0.0267454 -0.139244
2 1 4 0 0 0 0 0 0 0 0 0 0
2 1 4 0 1 0 0 0 0 0 0 0 0
2 1 4 0 2 0 0 0 0 0 0 0 0
2 1 4 0 3 0 0 0 0 0 0 0 0

