1  Cut1up    290    290    2261   2290   134.5         0       -823.5
2  Cut2down  290    290    2261   2261   124.5         0       0
3  Iron1     290    290    90     90     5             2180    129    
4  Iron2     290    290    127.5  127.5  10            2260    5
5  Iron3     290    290    112.5  112.5  10            2251    246
6  IrBox     290    290    60     60     45            2182    77.5
7  CutB      145    145    381.5  258.5  118           2147    812.5
8  IrUp      145    145    270    270    10            107     90
9  IrDw      145    145    45     45     80            5       -250
###          dX1    dX2    dY1    dY2    dZ1   [mm]/2  Xpos    Ypos 
#  1         2      3      4      5      6             7       8  

