101   9.7   5       0    .05  .3   .05  .275
102   9.7   15      -.5  .05  .3   .05  .275
103   9.7   25      0    .05  .3   .05  .275
104   12.7  36.5    -.5  .05  .3   .05  .275
105   12.7  49.5    0    .05  .3   .05  .275
106   12.7  62.5    -.5  .05  .3   .05  .275
107   14.7  76.5    0    .05  .3   .05  .275
108   14.7  91.5    -.5  .05  .3   .05  .275
109   14.7  106.5   0    .05  .3   .05  .275
110   18.7  123.5   -.5  .05  .3   .05  .275
111   18.7  142.5   0    .05  .3   .05  .275
201   9.7   5       -.5  .05  .3   .05  .275
202   9.7   15      0    .05  .3   .05  .275
203   9.7   25      -.5  .05  .3   .05  .275
204   12.7  36.5    0    .05  .3   .05  .275
205   12.7  49.5    -.5  .05  .3   .05  .275
206   12.7  62.5    0    .05  .3   .05  .275
207   14.7  76.5    -.5  .05  .3   .05  .275
208   14.7  91.5    0    .05  .3   .05  .275
209   14.7  106.5   -.5  .05  .3   .05  .275
210   18.7  123.5   0    .05  .3   .05  .275
211   18.7  142.5   -.5  .05  .3   .05  .275
301   18.7  9.5     0    .05  .3   .05  .275
302   18.7  28.5    .5   .05  .3   .05  .275
701   18.7  9.5     0    .05  .3   .05  .275
702   18.7  28.5    .5   .05  .3   .05  .275
801   18.7  9.5     0    .05  .3   .05  .275
802   18.7  28.5    .5   .05  .3   .05  .275
401   14.7  7.5     -.5  .05  .3   .05  .275
402   14.7  22.5    0    .05  .3   .05  .275
403   14.7  37.5    -.5  .05  .3   .05  .275
501   34.1  17.05   0    0    1.3  .1   .12
502   31.3  49.75   0    0    1.3  .1   .12
601   36.2  18.1    0    0    .6   .1   .12
602   47.8  60.1    0    0    .6   .1   .12
###
#1    2     3       4    5    6    7    8  
