0    101   9.7   5       0    .05  .3   .05  .275
1    102   9.7   15      -.5  .05  .3   .05  .275
2    103   9.7   25      0    .05  .3   .05  .275
3    104   12.7  36.5    -.5  .05  .3   .05  .275
4    105   12.7  49.5    0    .05  .3   .05  .275
5    106   12.7  62.5    -.5  .05  .3   .05  .275
6    107   14.7  76.5    0    .05  .3   .05  .275
7    108   14.7  91.5    -.5  .05  .3   .05  .275
8    109   14.7  106.5   0    .05  .3   .05  .275
9    110   18.7  123.5   -.5  .05  .3   .05  .275
10   111   18.7  142.5   0    .05  .3   .05  .275
11   201   9.7   5       -.5  .05  .3   .05  .275
12   202   9.7   15      0    .05  .3   .05  .275
13   203   9.7   25      -.5  .05  .3   .05  .275
14   204   12.7  36.5    0    .05  .3   .05  .275
15   205   12.7  49.5    -.5  .05  .3   .05  .275
16   206   12.7  62.5    0    .05  .3   .05  .275
17   207   14.7  76.5    -.5  .05  .3   .05  .275
18   208   14.7  91.5    0    .05  .3   .05  .275
19   209   14.7  106.5   -.5  .05  .3   .05  .275
20   210   18.7  123.5   0    .05  .3   .05  .275
21   211   18.7  142.5   -.5  .05  .3   .05  .275
22   301   18.7  9.5     0    .05  .3   .05  .275
23   302   18.7  28.5    .5   .05  .3   .05  .275
24   401   14.7  7.5     -.5  .05  .3   .05  .275
25   402   14.7  22.5    0    .05  .3   .05  .275
26   403   14.7  37.5    -.5  .05  .3   .05  .275
27   501   34.1  17.05   0    0	   1.3  .1   .12
28   502   31.3  49.75   0    0	   1.3  .1   .12
29   601   36.2  18.1    0    0	   .6   .1   .12
30   602   47.8  60.1    0    0	   .6   .1   .12
###
#1   2     3     4     5      6    7    8    9
