1	307	64	230	386	228.8	423	0	1	2	17.9	404.25	0	.15	1	564	.4993	.4041	2	2	11	11	11	0	0	0	0
2	140	64	230	386	228.8	423	0	1	0	17.9	404.25	481.475	.15	1	259.05	.4993	.4041	1.5	2	11	11	2	0	0	0	0
3	17	64	344	386	343.885	423	0	.115	0	0	0	336.5	.15	1	30.9	.4993	.4041	0	0	11	2	0	0	0	301	30.9
4	6	64	299	344	298.885	344	0	.115	0	0	0	347.177	.15	1	9.485	.4993	.4041	.015	0	0	3	0	0	0	401	0
5	1	64	230.5	295.9	230.5	295.9	0	0	0	0	0	351.2	.15	1	1.5	0	0	0	0	0	2	0	0	0	0	0
6	1	64	146.5	230.5	146.5	230.5	0	0	0	0	0	349.6	.15	1	.8	0	0	0	0	0	2	0	0	0	0	0
7	6	64	344	386	343.885	423	0	.115	0	0	0	336.5	.15	1	9.485	.4993	.4041	.015	0	11	2	0	0	0	301	30.9
8	6	64	344	386	343.885	423	0	.115	0	0	0	336.5	.15	1	9.485	.4993	.4041	.015	0	11	2	0	0	0	301	9.485
9	307	64	230	386	228.8	423	0	1	2	17.9	404.25	0	.15	1	564	.4993	.4041	2	2	11	11	22	0	0	0	0
10	307	64	230	386	228.8	423	0	1	2	17.9	404.25	0	.15	1	564	.4993	.4041	2	2	11	11	10	0	0	0	0
11	307	64	230	386	228.8	423	0	1	2	17.9	404.25	0	.15	1	564	.4993	.4041	2	2	11	11	1	0	0	0	0
13	307	64	230	386	228.8	423	0	1	2	17.9	404.25	0	.15	1	564	.4993	.4041	2	2	11	11	33	0	0	0	0
26	140	64	230	386	228.8	423	0	1	0	17.9	404.25	481.475	.15	1	259.05	.4993	.4041	1.5	2	11	11	2	0	0	0	0
27	140	64	230	386	228.8	423	0	1	0	17.9	404.25	481.475	.15	1	259.05	.4993	.4041	1.5	2	11	11	2	0	0	0	0
28	140	64	230	386	228.8	423	0	1	0	17.9	404.25	481.475	.15	1	259.05	.4993	.4041	1.5	2	11	11	2	0	0	0	0
36	140	64	230	386	228.8	423	0	1	0	17.9	404.25	481.475	.15	1	259.05	.4993	.4041	1.5	2	11	11	2	0	0	0	0
37	140	64	230	386	228.8	423	0	1	0	17.9	404.25	481.475	.15	1	259.05	.4993	.4041	1.5	2	11	11	2	0	0	0	0
38	140	64	230	386	228.8	423	0	1	0	17.9	404.25	481.475	.15	1	259.05	.4993	.4041	1.5	2	11	11	2	0	0	0	0
14	1	64	299	344	298.885	344	0	0	0	0	0	347.177	.15	1	1.5	0	.4041	0	0	0	1	0	0	0	1401	0
###
#                                                                                                             
# SECT	NPERIOD	NMODUL	RMIN	RMAX	RMINIMA	RMAXIMA	DZPERIO	DRFRONT	DZEND	FLANGEX	FLANGEY	ZOFFSET	PHIGAP	ISCI_ST	DZMODUL	DZMAST	DZSPAC	DZEND1	DZEND2	NGIRDER	NSCIN	FINGPAT	NPERCUT	NPERCUT	CURSCIN	DZGIR
# int	int	int	double	double	double	double	double	double	double	double	double	double	double	int	double	double	double	double	double	int	int	int	int	int	int	double
