# Derived from Data 2015 (25ns, 13 TeV)

# Notes from Jared:
#  - Argon EndcapB onset taken from EndcapA
#  - Krypton Parameters taken from Argon 
#  - No Argon or Krypton correction factors applied 
#       (Xenon degrades performance, stats are too low to derive reliable factors using MC15 and no Argon exists in ECB Data15)
#  - Xenon ZR correction factors are currently disabled (CF == 1.0) 
#  - Xenon TW correction factors are truncated to 2.0, CF == 1.0 over this point
#  - Bins without data (such as straw layers with only Argon) are filled with 1.0
#  - Parameters for OR corrections missing, these are completely unused, set to whatever (or 1.0)

# Onset Curves 

All All Xenon     Barrel    gamma     10    50.0  1000000.0   1.0000 3.7183 0.0306 0.1555 3.1014 0.2096 0.0000 0.0018 0.1498 0.0000 
All All Xenon     EndcapA   gamma     10    75.0  1000000.0   1.0000 4.0171 0.0335 0.1803 3.2186 0.2096 0.0000 0.3977 0.1570 0.0000 
All All Xenon     EndcapB   gamma     10   100.0  1000000.0   1.0000 3.5466 0.0260 0.1690 3.0612 0.1610 0.0000 0.2586 0.1960 0.0000 

All All Argon     Barrel    gamma     10    50.0  1000000.0   1.0000 2.9134 0.0313 0.0234 2.7155 0.0684 0.0000 0.0422 0.1541 0.0080 
All All Argon     EndcapA   gamma     10    75.0  1000000.0   1.0000 3.7713 0.0496 0.0481 3.2106 0.1746 0.0000 0.6665 0.1114 0.0000 
All All Argon     EndcapB   gamma     10    75.0  1000000.0   1.0000 3.7713 0.0496 0.0481 3.2106 0.1746 0.0000 0.6665 0.1114 0.0000 

All All Krypton   Barrel    gamma     10    50.0  1000000.0   1.0000 2.9134 0.0313 0.0234 2.7155 0.0684 0.0000 0.0422 0.1541 0.0080 
All All Krypton   EndcapA   gamma     10    75.0  1000000.0   1.0000 3.7713 0.0496 0.0481 3.2106 0.1746 0.0000 0.6665 0.1114 0.0000 
All All Krypton   EndcapB   gamma     10    75.0  1000000.0   1.0000 3.7713 0.0496 0.0481 3.2106 0.1746 0.0000 0.6665 0.1114 0.0000 



######## Xenon
## Electron Corrections

Electrons  Zee  Xenon   Barrel   SL   73   -0.5   72.5     1.000  1.000  1.000  1.000  1.000  1.000  1.000  1.000  1.000  1.000  1.000  1.000  1.000  1.000  1.000  1.000  1.000  1.000  1.000  0.921  1.000  1.024  1.043  1.035  1.048  0.991  1.061  1.011  1.030  1.009  0.977  1.061  1.031  1.017  1.013  0.953  1.058  1.009  1.031  1.015  0.934  1.043  0.990  0.794  0.994  0.978  1.011  0.999  0.959  1.040  0.995  1.012  1.023  0.968  1.056  0.984  1.009  0.975  0.927  1.034  0.982  1.004  1.016  0.925  1.008  0.991  0.969  0.990  0.918  1.039  0.958  0.954  0.978  

Electrons  Zee  Xenon   EndcapA   SL   96   -0.5   95.5     0.694  0.828  0.909  0.922  0.941  0.959  0.965  0.976  1.049  1.006  1.008  1.013  1.024  1.007  1.016  0.984  0.892  0.934  0.979  0.948  1.031  1.029  1.022  1.003  1.040  1.004  1.014  0.999  1.011  1.040  1.015  1.017  0.900  0.951  0.963  0.967  1.018  1.013  0.990  1.020  0.989  0.996  1.000  1.003  1.017  1.027  1.035  1.032  0.844  0.905  0.923  0.983  1.024  1.011  0.987  1.046  1.008  0.995  1.022  1.018  0.989  1.068  1.031  1.019  1.001  1.025  1.043  1.017  1.041  1.065  1.041  1.054  1.026  1.035  1.021  1.043  1.054  1.060  1.035  1.033  0.881  0.965  0.976  0.988  1.025  1.058  1.020  1.076  1.026  1.000  1.046  1.050  1.017  1.042  1.039  1.068  

Electrons  Zee  Xenon   EndcapB   SL   64   -0.5   63.5     0.520  0.748  0.870  0.921  0.901  0.945  0.951  0.957  0.840  0.918  0.978  1.009  0.949  0.988  0.995  1.009  0.853  0.922  0.963  0.983  0.970  0.984  0.985  0.995  0.891  0.971  1.023  1.054  1.020  1.027  1.036  1.087  0.905  0.951  1.008  1.049  1.014  1.050  1.018  1.039  0.907  0.996  1.021  1.040  1.017  1.049  1.067  1.076  0.958  1.057  1.066  1.108  1.091  1.084  1.098  1.134  1.007  1.098  1.133  1.145  1.130  1.126  1.148  1.185  

Electrons  Zee  Xenon   Barrel   ZR   36   0.0   720.0     1.000  1.000  1.000  1.000  1.000  1.000  1.000  1.000  1.000  1.000  1.000  1.000  1.000  1.000  1.000  1.000  1.000  1.000  1.000  1.000  1.000  1.000  1.000  1.000  1.000  1.000  1.000  1.000  1.000  1.000  1.000  1.000  1.000  1.000  1.000  1.000  

Electrons  Zee  Xenon   EndcapA   ZR   40   630.0   1030.0     1.000  1.000  1.000  1.000  1.000  1.000  1.000  1.000  1.000  1.000  1.000  1.000  1.000  1.000  1.000  1.000  1.000  1.000  1.000  1.000  1.000  1.000  1.000  1.000  1.000  1.000  1.000  1.000  1.000  1.000  1.000  1.000  1.000  1.000  1.000  1.000  1.000  1.000  1.000  1.000  

Electrons  Zee  Xenon   EndcapB   ZR   40   630.0   1030.0     1.000  1.000  1.000  1.000  1.000  1.000  1.000  1.000  1.000  1.000  1.000  1.000  1.000  1.000  1.000  1.000  1.000  1.000  1.000  1.000  1.000  1.000  1.000  1.000  1.000  1.000  1.000  1.000  1.000  1.000  1.000  1.000  1.000  1.000  1.000  1.000  1.000  1.000  1.000  1.000  

Electrons  Zee  Xenon   Barrel   TW   44   0.0   2.2     1.001  1.100  1.114  1.026  1.162  1.118  1.174  1.248  1.151  1.147  1.208  1.248  1.145  1.081  1.125  1.196  1.067  1.116  1.083  1.024  0.957  1.034  0.990  0.953  1.012  0.846  0.816  0.987  0.877  0.830  0.796  0.746  0.590  0.566  0.583  0.482  0.462  0.456  0.642  0.523  1.000  1.000  1.000  1.000  

Electrons  Zee  Xenon   EndcapA   TW   44   0.0   2.2     1.004  0.896  0.917  0.986  1.020  0.995  1.041  0.995  0.968  0.945  0.998  1.011  0.959  0.930  0.868  0.929  0.892  0.982  0.823  0.880  0.831  0.753  0.777  0.767  0.853  0.734  0.784  0.685  0.707  0.638  0.651  0.702  0.613  0.465  0.522  0.560  0.557  0.518  0.605  0.642  1.000  1.000  1.000  1.000  

Electrons  Zee  Xenon   EndcapB   TW   44   0.0   2.2     1.005  0.976  0.978  1.043  0.975  1.020  1.027  1.019  1.012  1.073  1.036  1.038  1.029  0.996  0.992  0.981  0.994  0.981  0.918  0.918  0.910  0.899  0.902  0.858  0.901  0.891  0.791  0.782  0.848  0.808  0.696  0.711  0.745  0.659  0.587  0.580  0.575  0.576  0.507  0.572  1.000  1.000  1.000  1.000  

Electrons   Zee    Xenon    Barrel  OR   50   0.0    1.0    1.000 1.000 1.000 1.000 1.000 1.000 1.000 1.000 1.000 1.000 1.000 1.000 1.000 1.000 1.000 1.000 1.000 1.000 1.000 1.000 1.000 1.000 1.000 1.000 1.000 1.000 1.000 1.000 1.000 1.000 1.000 1.000 1.000 1.000 1.000 1.000 1.000 1.000 1.000 1.000 1.000 1.000 1.000 1.000 1.000 1.000 1.000 1.000 1.000 1.000 

Electrons   Zee    Xenon    EndcapA  OR   50   0.0    1.0    1.000 1.000 1.000 1.000 1.000 1.000 1.000 1.000 1.000 1.000 1.000 1.000 1.000 1.000 1.000 1.000 1.000 1.000 1.000 1.000 1.000 1.000 1.000 1.000 1.000 1.000 1.000 1.000 1.000 1.000 1.000 1.000 1.000 1.000 1.000 1.000 1.000 1.000 1.000 1.000 1.000 1.000 1.000 1.000 1.000 1.000 1.000 1.000 1.000 1.000 

Electrons   Zee    Xenon    EndcapB  OR   50   0.0    1.0    1.000 1.000 1.000 1.000 1.000 1.000 1.000 1.000 1.000 1.000 1.000 1.000 1.000 1.000 1.000 1.000 1.000 1.000 1.000 1.000 1.000 1.000 1.000 1.000 1.000 1.000 1.000 1.000 1.000 1.000 1.000 1.000 1.000 1.000 1.000 1.000 1.000 1.000 1.000 1.000 1.000 1.000 1.000 1.000 1.000 1.000 1.000 1.000 1.000 1.000 



## Non Electron Corrections

NonElecs  Zmm  Xenon   Barrel   SL   73   -0.5   72.5     1.000  1.000  1.000  1.000  1.000  1.000  1.000  1.000  1.000  1.000  1.000  1.000  1.000  1.000  1.000  1.000  1.000  1.000  1.000  1.023  1.073  1.078  1.093  1.087  1.079  1.042  1.087  1.054  1.047  1.068  1.041  1.075  1.045  1.045  1.056  0.991  1.031  1.026  0.990  1.020  0.973  0.964  0.967  0.898  0.989  0.985  0.965  0.990  0.943  1.013  0.997  0.979  0.977  0.975  0.989  0.964  0.937  0.938  0.933  1.019  0.968  0.917  0.938  0.898  0.958  0.951  0.941  0.883  0.884  0.945  0.876  0.841  0.877  

NonElecs  Zmm  Xenon   EndcapA   SL   96   -0.5   95.5     0.745  0.763  0.828  0.772  0.802  0.818  0.819  0.855  0.867  0.872  0.914  0.828  0.858  0.901  0.866  0.860  0.874  0.875  0.910  0.905  0.922  0.949  0.933  0.985  0.975  0.936  0.959  0.954  0.961  1.029  0.941  0.965  0.916  0.921  0.937  0.943  0.964  1.013  0.994  1.008  0.971  0.950  0.977  0.956  0.990  1.066  1.034  1.042  0.964  1.003  0.972  1.058  0.972  1.023  0.998  1.089  1.061  1.050  1.051  1.049  0.994  1.145  1.070  1.052  1.040  1.086  1.084  1.039  1.084  1.129  1.091  1.121  1.104  1.095  1.090  1.125  1.131  1.130  1.139  1.145  1.075  1.080  1.076  1.113  1.135  1.160  1.217  1.187  1.137  1.085  1.172  1.150  1.168  1.218  1.188  1.235  

NonElecs  Zmm  Xenon   EndcapB   SL   64   -0.5   63.5     0.625  0.763  0.835  0.852  0.824  0.874  0.892  0.898  0.817  0.859  0.951  0.953  0.871  0.949  0.935  0.953  0.827  0.884  0.921  0.953  0.905  0.950  0.941  0.959  0.907  0.975  1.013  1.071  1.007  1.040  1.034  1.044  0.924  0.985  1.036  1.060  1.029  1.081  1.025  1.064  0.977  1.043  1.095  1.086  1.066  1.079  1.114  1.124  1.030  1.101  1.145  1.153  1.091  1.121  1.127  1.141  1.044  1.159  1.228  1.223  1.171  1.194  1.222  1.235  

NonElecs  Zmm  Xenon   Barrel   ZR   36   0.0   720.0     1.000  1.000  1.000  1.000  1.000  1.000  1.000  1.000  1.000  1.000  1.000  1.000  1.000  1.000  1.000  1.000  1.000  1.000  1.000  1.000  1.000  1.000  1.000  1.000  1.000  1.000  1.000  1.000  1.000  1.000  1.000  1.000  1.000  1.000  1.000  1.000  

NonElecs  Zmm  Xenon   EndcapA   ZR   40   630.0   1030.0     1.000  1.000  1.000  1.000  1.000  1.000  1.000  1.000  1.000  1.000  1.000  1.000  1.000  1.000  1.000  1.000  1.000  1.000  1.000  1.000  1.000  1.000  1.000  1.000  1.000  1.000  1.000  1.000  1.000  1.000  1.000  1.000  1.000  1.000  1.000  1.000  1.000  1.000  1.000  1.000  

NonElecs  Zmm  Xenon   EndcapB   ZR   40   630.0   1030.0     1.000  1.000  1.000  1.000  1.000  1.000  1.000  1.000  1.000  1.000  1.000  1.000  1.000  1.000  1.000  1.000  1.000  1.000  1.000  1.000  1.000  1.000  1.000  1.000  1.000  1.000  1.000  1.000  1.000  1.000  1.000  1.000  1.000  1.000  1.000  1.000  1.000  1.000  1.000  1.000  

NonElecs  Zmm  Xenon   Barrel   TW   44   0.0   2.2     1.004  0.889  0.812  0.981  0.965  0.953  0.943  0.940  1.048  1.157  1.219  1.149  0.986  1.089  0.937  0.924  1.053  1.012  1.042  1.015  1.056  0.943  0.952  0.807  0.761  0.871  0.754  0.825  0.652  0.665  0.467  0.693  0.641  0.648  0.558  0.570  0.583  0.630  0.729  1.097  1.000  1.000  1.000  1.000  

NonElecs  Zmm  Xenon   EndcapA   TW   44   0.0   2.2     1.001  1.067  1.017  1.104  1.119  1.121  1.033  1.091  1.068  1.176  1.122  1.108  1.114  1.158  1.107  1.108  1.092  1.139  1.110  1.013  0.924  0.963  1.079  0.931  0.891  0.873  0.788  0.895  0.757  0.727  0.723  0.563  0.684  0.638  0.579  0.437  0.587  0.469  0.658  0.994  1.000  1.000  1.000  1.000  

NonElecs  Zmm  Xenon   EndcapB   TW   44   0.0   2.2     1.003  1.026  1.124  1.074  1.105  1.070  1.026  1.087  1.181  1.110  1.125  1.016  1.089  1.199  1.113  1.028  0.998  1.033  0.977  0.953  0.983  0.919  0.950  0.910  0.907  0.901  0.898  0.830  0.736  0.761  0.754  0.690  0.677  0.629  0.650  0.545  0.528  0.499  0.614  0.712  1.000  1.000  1.000  1.000  

NonElecs  Zmm    Xenon    Barrel  OR   50   0.0    1.0    1.000 1.000 1.000 1.000 1.000 1.000 1.000 1.000 1.000 1.000 1.000 1.000 1.000 1.000 1.000 1.000 1.000 1.000 1.000 1.000 1.000 1.000 1.000 1.000 1.000 1.000 1.000 1.000 1.000 1.000 1.000 1.000 1.000 1.000 1.000 1.000 1.000 1.000 1.000 1.000 1.000 1.000 1.000 1.000 1.000 1.000 1.000 1.000 1.000 1.000 

NonElecs  Zmm    Xenon    EndcapA  OR   50   0.0    1.0    1.000 1.000 1.000 1.000 1.000 1.000 1.000 1.000 1.000 1.000 1.000 1.000 1.000 1.000 1.000 1.000 1.000 1.000 1.000 1.000 1.000 1.000 1.000 1.000 1.000 1.000 1.000 1.000 1.000 1.000 1.000 1.000 1.000 1.000 1.000 1.000 1.000 1.000 1.000 1.000 1.000 1.000 1.000 1.000 1.000 1.000 1.000 1.000 1.000 1.000 

NonElecs  Zmm    Xenon    EndcapB  OR   50   0.0    1.0    1.000 1.000 1.000 1.000 1.000 1.000 1.000 1.000 1.000 1.000 1.000 1.000 1.000 1.000 1.000 1.000 1.000 1.000 1.000 1.000 1.000 1.000 1.000 1.000 1.000 1.000 1.000 1.000 1.000 1.000 1.000 1.000 1.000 1.000 1.000 1.000 1.000 1.000 1.000 1.000 1.000 1.000 1.000 1.000 1.000 1.000 1.000 1.000 1.000 1.000 


######## Argon
## Electron Corrections

Electrons  Zee  Argon   Barrel   SL   73   -0.5   72.5     1.000  1.000  1.000  1.000  1.000  1.000  1.000  1.000  1.000  1.000  1.000  1.000  1.000  1.000  1.000  1.000  1.000  1.000  1.000  1.000  1.000  1.000  1.000  1.000  1.000  1.000  1.000  1.000  1.000  1.000  1.000  1.000  1.000  1.000  1.000  1.000  1.000  1.000  1.000  1.000  1.000  1.000  1.000  1.000  1.000  1.000  1.000  1.000  1.000  1.000  1.000  1.000  1.000  1.000  1.000  1.000  1.000  1.000  1.000  1.000  1.000  1.000  1.000  1.000  1.000  1.000  1.000  1.000  1.000  1.000  1.000  1.000  1.000  

Electrons  Zee  Argon   EndcapA   SL   96   -0.5   95.5     1.000  1.000  1.000  1.000  1.000  1.000  1.000  1.000  1.000  1.000  1.000  1.000  1.000  1.000  1.000  1.000  1.000  1.000  1.000  1.000  1.000  1.000  1.000  1.000  1.000  1.000  1.000  1.000  1.000  1.000  1.000  1.000  1.000  1.000  1.000  1.000  1.000  1.000  1.000  1.000  1.000  1.000  1.000  1.000  1.000  1.000  1.000  1.000  1.000  1.000  1.000  1.000  1.000  1.000  1.000  1.000  1.000  1.000  1.000  1.000  1.000  1.000  1.000  1.000  1.000  1.000  1.000  1.000  1.000  1.000  1.000  1.000  1.000  1.000  1.000  1.000  1.000  1.000  1.000  1.000  1.000  1.000  1.000  1.000  1.000  1.000  1.000  1.000  1.000  1.000  1.000  1.000  1.000  1.000  1.000  1.000  

Electrons  Zee  Argon   EndcapB   SL   64   -0.5   63.5     1.000  1.000  1.000  1.000  1.000  1.000  1.000  1.000  1.000  1.000  1.000  1.000  1.000  1.000  1.000  1.000  1.000  1.000  1.000  1.000  1.000  1.000  1.000  1.000  1.000  1.000  1.000  1.000  1.000  1.000  1.000  1.000  1.000  1.000  1.000  1.000  1.000  1.000  1.000  1.000  1.000  1.000  1.000  1.000  1.000  1.000  1.000  1.000  1.000  1.000  1.000  1.000  1.000  1.000  1.000  1.000  1.000  1.000  1.000  1.000  1.000  1.000  1.000  1.000  

Electrons  Zee  Argon   Barrel   ZR   36   0.0   720.0     1.000  1.000  1.000  1.000  1.000  1.000  1.000  1.000  1.000  1.000  1.000  1.000  1.000  1.000  1.000  1.000  1.000  1.000  1.000  1.000  1.000  1.000  1.000  1.000  1.000  1.000  1.000  1.000  1.000  1.000  1.000  1.000  1.000  1.000  1.000  1.000  

Electrons  Zee  Argon   EndcapA   ZR   40   630.0   1030.0     1.000  1.000  1.000  1.000  1.000  1.000  1.000  1.000  1.000  1.000  1.000  1.000  1.000  1.000  1.000  1.000  1.000  1.000  1.000  1.000  1.000  1.000  1.000  1.000  1.000  1.000  1.000  1.000  1.000  1.000  1.000  1.000  1.000  1.000  1.000  1.000  1.000  1.000  1.000  1.000  

Electrons  Zee  Argon   EndcapB   ZR   40   630.0   1030.0     1.000  1.000  1.000  1.000  1.000  1.000  1.000  1.000  1.000  1.000  1.000  1.000  1.000  1.000  1.000  1.000  1.000  1.000  1.000  1.000  1.000  1.000  1.000  1.000  1.000  1.000  1.000  1.000  1.000  1.000  1.000  1.000  1.000  1.000  1.000  1.000  1.000  1.000  1.000  1.000  

Electrons  Zee  Argon   Barrel   TW   44   0.0   2.2     1.000  1.000  1.000  1.000  1.000  1.000  1.000  1.000  1.000  1.000  1.000  1.000  1.000  1.000  1.000  1.000  1.000  1.000  1.000  1.000  1.000  1.000  1.000  1.000  1.000  1.000  1.000  1.000  1.000  1.000  1.000  1.000  1.000  1.000  1.000  1.000  1.000  1.000  1.000  1.000  1.000  1.000  1.000  1.000  

Electrons  Zee  Argon   EndcapA   TW   44   0.0   2.2     1.000  1.000  1.000  1.000  1.000  1.000  1.000  1.000  1.000  1.000  1.000  1.000  1.000  1.000  1.000  1.000  1.000  1.000  1.000  1.000  1.000  1.000  1.000  1.000  1.000  1.000  1.000  1.000  1.000  1.000  1.000  1.000  1.000  1.000  1.000  1.000  1.000  1.000  1.000  1.000  1.000  1.000  1.000  1.000  

Electrons  Zee  Argon   EndcapB   TW   44   0.0   2.2     1.000  1.000  1.000  1.000  1.000  1.000  1.000  1.000  1.000  1.000  1.000  1.000  1.000  1.000  1.000  1.000  1.000  1.000  1.000  1.000  1.000  1.000  1.000  1.000  1.000  1.000  1.000  1.000  1.000  1.000  1.000  1.000  1.000  1.000  1.000  1.000  1.000  1.000  1.000  1.000  1.000  1.000  1.000  1.000  

Electrons   Zee    Argon   Barrel  OR   50   0.0    1.0    1.000 1.000 1.000 1.000 1.000 1.000 1.000 1.000 1.000 1.000 1.000 1.000 1.000 1.000 1.000 1.000 1.000 1.000 1.000 1.000 1.000 1.000 1.000 1.000 1.000 1.000 1.000 1.000 1.000 1.000 1.000 1.000 1.000 1.000 1.000 1.000 1.000 1.000 1.000 1.000 1.000 1.000 1.000 1.000 1.000 1.000 1.000 1.000 1.000 1.000 

Electrons   Zee    Argon    EndcapA  OR   50   0.0    1.0    1.000 1.000 1.000 1.000 1.000 1.000 1.000 1.000 1.000 1.000 1.000 1.000 1.000 1.000 1.000 1.000 1.000 1.000 1.000 1.000 1.000 1.000 1.000 1.000 1.000 1.000 1.000 1.000 1.000 1.000 1.000 1.000 1.000 1.000 1.000 1.000 1.000 1.000 1.000 1.000 1.000 1.000 1.000 1.000 1.000 1.000 1.000 1.000 1.000 1.000 

Electrons   Zee    Argon    EndcapB  OR   50   0.0    1.0    1.000 1.000 1.000 1.000 1.000 1.000 1.000 1.000 1.000 1.000 1.000 1.000 1.000 1.000 1.000 1.000 1.000 1.000 1.000 1.000 1.000 1.000 1.000 1.000 1.000 1.000 1.000 1.000 1.000 1.000 1.000 1.000 1.000 1.000 1.000 1.000 1.000 1.000 1.000 1.000 1.000 1.000 1.000 1.000 1.000 1.000 1.000 1.000 1.000 1.000 



## Non Electron Corrections

NonElecs  Zmm  Argon   Barrel   SL   73   -0.5   72.5     1.000  1.000  1.000  1.000  1.000  1.000  1.000  1.000  1.000  1.000  1.000  1.000  1.000  1.000  1.000  1.000  1.000  1.000  1.000  1.000  1.000  1.000  1.000  1.000  1.000  1.000  1.000  1.000  1.000  1.000  1.000  1.000  1.000  1.000  1.000  1.000  1.000  1.000  1.000  1.000  1.000  1.000  1.000  1.000  1.000  1.000  1.000  1.000  1.000  1.000  1.000  1.000  1.000  1.000  1.000  1.000  1.000  1.000  1.000  1.000  1.000  1.000  1.000  1.000  1.000  1.000  1.000  1.000  1.000  1.000  1.000  1.000  1.000  

NonElecs  Zmm  Argon   EndcapA   SL   96   -0.5   95.5     1.000  1.000  1.000  1.000  1.000  1.000  1.000  1.000  1.000  1.000  1.000  1.000  1.000  1.000  1.000  1.000  1.000  1.000  1.000  1.000  1.000  1.000  1.000  1.000  1.000  1.000  1.000  1.000  1.000  1.000  1.000  1.000  1.000  1.000  1.000  1.000  1.000  1.000  1.000  1.000  1.000  1.000  1.000  1.000  1.000  1.000  1.000  1.000  1.000  1.000  1.000  1.000  1.000  1.000  1.000  1.000  1.000  1.000  1.000  1.000  1.000  1.000  1.000  1.000  1.000  1.000  1.000  1.000  1.000  1.000  1.000  1.000  1.000  1.000  1.000  1.000  1.000  1.000  1.000  1.000  1.000  1.000  1.000  1.000  1.000  1.000  1.000  1.000  1.000  1.000  1.000  1.000  1.000  1.000  1.000  1.000  

NonElecs  Zmm  Argon   EndcapB   SL   64   -0.5   63.5     1.000  1.000  1.000  1.000  1.000  1.000  1.000  1.000  1.000  1.000  1.000  1.000  1.000  1.000  1.000  1.000  1.000  1.000  1.000  1.000  1.000  1.000  1.000  1.000  1.000  1.000  1.000  1.000  1.000  1.000  1.000  1.000  1.000  1.000  1.000  1.000  1.000  1.000  1.000  1.000  1.000  1.000  1.000  1.000  1.000  1.000  1.000  1.000  1.000  1.000  1.000  1.000  1.000  1.000  1.000  1.000  1.000  1.000  1.000  1.000  1.000  1.000  1.000  1.000  

NonElecs  Zmm  Argon   Barrel   ZR   36   0.0   720.0     1.000  1.000  1.000  1.000  1.000  1.000  1.000  1.000  1.000  1.000  1.000  1.000  1.000  1.000  1.000  1.000  1.000  1.000  1.000  1.000  1.000  1.000  1.000  1.000  1.000  1.000  1.000  1.000  1.000  1.000  1.000  1.000  1.000  1.000  1.000  1.000  

NonElecs  Zmm  Argon   EndcapA   ZR   40   630.0   1030.0     1.000  1.000  1.000  1.000  1.000  1.000  1.000  1.000  1.000  1.000  1.000  1.000  1.000  1.000  1.000  1.000  1.000  1.000  1.000  1.000  1.000  1.000  1.000  1.000  1.000  1.000  1.000  1.000  1.000  1.000  1.000  1.000  1.000  1.000  1.000  1.000  1.000  1.000  1.000  1.000  

NonElecs  Zmm  Argon   EndcapB   ZR   40   630.0   1030.0     1.000  1.000  1.000  1.000  1.000  1.000  1.000  1.000  1.000  1.000  1.000  1.000  1.000  1.000  1.000  1.000  1.000  1.000  1.000  1.000  1.000  1.000  1.000  1.000  1.000  1.000  1.000  1.000  1.000  1.000  1.000  1.000  1.000  1.000  1.000  1.000  1.000  1.000  1.000  1.000  

NonElecs  Zmm  Argon   Barrel   TW   44   0.0   2.2     1.000  1.000  1.000  1.000  1.000  1.000  1.000  1.000  1.000  1.000  1.000  1.000  1.000  1.000  1.000  1.000  1.000  1.000  1.000  1.000  1.000  1.000  1.000  1.000  1.000  1.000  1.000  1.000  1.000  1.000  1.000  1.000  1.000  1.000  1.000  1.000  1.000  1.000  1.000  1.000  1.000  1.000  1.000  1.000  

NonElecs  Zmm  Argon   EndcapA   TW   44   0.0   2.2     1.000  1.000  1.000  1.000  1.000  1.000  1.000  1.000  1.000  1.000  1.000  1.000  1.000  1.000  1.000  1.000  1.000  1.000  1.000  1.000  1.000  1.000  1.000  1.000  1.000  1.000  1.000  1.000  1.000  1.000  1.000  1.000  1.000  1.000  1.000  1.000  1.000  1.000  1.000  1.000  1.000  1.000  1.000  1.000  

NonElecs  Zmm  Argon   EndcapB   TW   44   0.0   2.2     1.000  1.000  1.000  1.000  1.000  1.000  1.000  1.000  1.000  1.000  1.000  1.000  1.000  1.000  1.000  1.000  1.000  1.000  1.000  1.000  1.000  1.000  1.000  1.000  1.000  1.000  1.000  1.000  1.000  1.000  1.000  1.000  1.000  1.000  1.000  1.000  1.000  1.000  1.000  1.000  1.000  1.000  1.000  1.000  

NonElecs  Zmm    Argon    Barrel  OR   50   0.0    1.0    1.000 1.000 1.000 1.000 1.000 1.000 1.000 1.000 1.000 1.000 1.000 1.000 1.000 1.000 1.000 1.000 1.000 1.000 1.000 1.000 1.000 1.000 1.000 1.000 1.000 1.000 1.000 1.000 1.000 1.000 1.000 1.000 1.000 1.000 1.000 1.000 1.000 1.000 1.000 1.000 1.000 1.000 1.000 1.000 1.000 1.000 1.000 1.000 1.000 1.000 

NonElecs  Zmm    Argon    EndcapA  OR   50   0.0    1.0    1.000 1.000 1.000 1.000 1.000 1.000 1.000 1.000 1.000 1.000 1.000 1.000 1.000 1.000 1.000 1.000 1.000 1.000 1.000 1.000 1.000 1.000 1.000 1.000 1.000 1.000 1.000 1.000 1.000 1.000 1.000 1.000 1.000 1.000 1.000 1.000 1.000 1.000 1.000 1.000 1.000 1.000 1.000 1.000 1.000 1.000 1.000 1.000 1.000 1.000 

NonElecs  Zmm    Argon    EndcapB  OR   50   0.0    1.0    1.000 1.000 1.000 1.000 1.000 1.000 1.000 1.000 1.000 1.000 1.000 1.000 1.000 1.000 1.000 1.000 1.000 1.000 1.000 1.000 1.000 1.000 1.000 1.000 1.000 1.000 1.000 1.000 1.000 1.000 1.000 1.000 1.000 1.000 1.000 1.000 1.000 1.000 1.000 1.000 1.000 1.000 1.000 1.000 1.000 1.000 1.000 1.000 1.000 1.000 



######## Krypton
## Electron Corrections

Electrons  Zee  Krypton   Barrel   SL   73   -0.5   72.5     1.000  1.000  1.000  1.000  1.000  1.000  1.000  1.000  1.000  1.000  1.000  1.000  1.000  1.000  1.000  1.000  1.000  1.000  1.000  1.000  1.000  1.000  1.000  1.000  1.000  1.000  1.000  1.000  1.000  1.000  1.000  1.000  1.000  1.000  1.000  1.000  1.000  1.000  1.000  1.000  1.000  1.000  1.000  1.000  1.000  1.000  1.000  1.000  1.000  1.000  1.000  1.000  1.000  1.000  1.000  1.000  1.000  1.000  1.000  1.000  1.000  1.000  1.000  1.000  1.000  1.000  1.000  1.000  1.000  1.000  1.000  1.000  1.000  

Electrons  Zee  Krypton   EndcapA   SL   96   -0.5   95.5     1.000  1.000  1.000  1.000  1.000  1.000  1.000  1.000  1.000  1.000  1.000  1.000  1.000  1.000  1.000  1.000  1.000  1.000  1.000  1.000  1.000  1.000  1.000  1.000  1.000  1.000  1.000  1.000  1.000  1.000  1.000  1.000  1.000  1.000  1.000  1.000  1.000  1.000  1.000  1.000  1.000  1.000  1.000  1.000  1.000  1.000  1.000  1.000  1.000  1.000  1.000  1.000  1.000  1.000  1.000  1.000  1.000  1.000  1.000  1.000  1.000  1.000  1.000  1.000  1.000  1.000  1.000  1.000  1.000  1.000  1.000  1.000  1.000  1.000  1.000  1.000  1.000  1.000  1.000  1.000  1.000  1.000  1.000  1.000  1.000  1.000  1.000  1.000  1.000  1.000  1.000  1.000  1.000  1.000  1.000  1.000  

Electrons  Zee  Krypton   EndcapB   SL   64   -0.5   63.5     1.000  1.000  1.000  1.000  1.000  1.000  1.000  1.000  1.000  1.000  1.000  1.000  1.000  1.000  1.000  1.000  1.000  1.000  1.000  1.000  1.000  1.000  1.000  1.000  1.000  1.000  1.000  1.000  1.000  1.000  1.000  1.000  1.000  1.000  1.000  1.000  1.000  1.000  1.000  1.000  1.000  1.000  1.000  1.000  1.000  1.000  1.000  1.000  1.000  1.000  1.000  1.000  1.000  1.000  1.000  1.000  1.000  1.000  1.000  1.000  1.000  1.000  1.000  1.000  

Electrons  Zee  Krypton   Barrel   ZR   36   0.0   720.0     1.000  1.000  1.000  1.000  1.000  1.000  1.000  1.000  1.000  1.000  1.000  1.000  1.000  1.000  1.000  1.000  1.000  1.000  1.000  1.000  1.000  1.000  1.000  1.000  1.000  1.000  1.000  1.000  1.000  1.000  1.000  1.000  1.000  1.000  1.000  1.000  

Electrons  Zee  Krypton   EndcapA   ZR   40   630.0   1030.0     1.000  1.000  1.000  1.000  1.000  1.000  1.000  1.000  1.000  1.000  1.000  1.000  1.000  1.000  1.000  1.000  1.000  1.000  1.000  1.000  1.000  1.000  1.000  1.000  1.000  1.000  1.000  1.000  1.000  1.000  1.000  1.000  1.000  1.000  1.000  1.000  1.000  1.000  1.000  1.000  

Electrons  Zee  Krypton   EndcapB   ZR   40   630.0   1030.0     1.000  1.000  1.000  1.000  1.000  1.000  1.000  1.000  1.000  1.000  1.000  1.000  1.000  1.000  1.000  1.000  1.000  1.000  1.000  1.000  1.000  1.000  1.000  1.000  1.000  1.000  1.000  1.000  1.000  1.000  1.000  1.000  1.000  1.000  1.000  1.000  1.000  1.000  1.000  1.000  

Electrons  Zee  Krypton   Barrel   TW   44   0.0   2.2     1.000  1.000  1.000  1.000  1.000  1.000  1.000  1.000  1.000  1.000  1.000  1.000  1.000  1.000  1.000  1.000  1.000  1.000  1.000  1.000  1.000  1.000  1.000  1.000  1.000  1.000  1.000  1.000  1.000  1.000  1.000  1.000  1.000  1.000  1.000  1.000  1.000  1.000  1.000  1.000  1.000  1.000  1.000  1.000  

Electrons  Zee  Krypton   EndcapA   TW   44   0.0   2.2     1.000  1.000  1.000  1.000  1.000  1.000  1.000  1.000  1.000  1.000  1.000  1.000  1.000  1.000  1.000  1.000  1.000  1.000  1.000  1.000  1.000  1.000  1.000  1.000  1.000  1.000  1.000  1.000  1.000  1.000  1.000  1.000  1.000  1.000  1.000  1.000  1.000  1.000  1.000  1.000  1.000  1.000  1.000  1.000  

Electrons  Zee  Krypton   EndcapB   TW   44   0.0   2.2     1.000  1.000  1.000  1.000  1.000  1.000  1.000  1.000  1.000  1.000  1.000  1.000  1.000  1.000  1.000  1.000  1.000  1.000  1.000  1.000  1.000  1.000  1.000  1.000  1.000  1.000  1.000  1.000  1.000  1.000  1.000  1.000  1.000  1.000  1.000  1.000  1.000  1.000  1.000  1.000  1.000  1.000  1.000  1.000  

Electrons   Zee    Krypton   Barrel  OR   50   0.0    1.0    1.000 1.000 1.000 1.000 1.000 1.000 1.000 1.000 1.000 1.000 1.000 1.000 1.000 1.000 1.000 1.000 1.000 1.000 1.000 1.000 1.000 1.000 1.000 1.000 1.000 1.000 1.000 1.000 1.000 1.000 1.000 1.000 1.000 1.000 1.000 1.000 1.000 1.000 1.000 1.000 1.000 1.000 1.000 1.000 1.000 1.000 1.000 1.000 1.000 1.000 

Electrons   Zee    Krypton   EndcapA  OR   50   0.0    1.0    1.000 1.000 1.000 1.000 1.000 1.000 1.000 1.000 1.000 1.000 1.000 1.000 1.000 1.000 1.000 1.000 1.000 1.000 1.000 1.000 1.000 1.000 1.000 1.000 1.000 1.000 1.000 1.000 1.000 1.000 1.000 1.000 1.000 1.000 1.000 1.000 1.000 1.000 1.000 1.000 1.000 1.000 1.000 1.000 1.000 1.000 1.000 1.000 1.000 1.000 

Electrons   Zee    Krypton    EndcapB  OR   50   0.0    1.0    1.000 1.000 1.000 1.000 1.000 1.000 1.000 1.000 1.000 1.000 1.000 1.000 1.000 1.000 1.000 1.000 1.000 1.000 1.000 1.000 1.000 1.000 1.000 1.000 1.000 1.000 1.000 1.000 1.000 1.000 1.000 1.000 1.000 1.000 1.000 1.000 1.000 1.000 1.000 1.000 1.000 1.000 1.000 1.000 1.000 1.000 1.000 1.000 1.000 1.000 


## Non Electron Corrections

NonElecs  Zmm  Krypton   Barrel   SL   73   -0.5   72.5     1.000  1.000  1.000  1.000  1.000  1.000  1.000  1.000  1.000  1.000  1.000  1.000  1.000  1.000  1.000  1.000  1.000  1.000  1.000  1.000  1.000  1.000  1.000  1.000  1.000  1.000  1.000  1.000  1.000  1.000  1.000  1.000  1.000  1.000  1.000  1.000  1.000  1.000  1.000  1.000  1.000  1.000  1.000  1.000  1.000  1.000  1.000  1.000  1.000  1.000  1.000  1.000  1.000  1.000  1.000  1.000  1.000  1.000  1.000  1.000  1.000  1.000  1.000  1.000  1.000  1.000  1.000  1.000  1.000  1.000  1.000  1.000  1.000  

NonElecs  Zmm  Krypton   EndcapA   SL   96   -0.5   95.5     1.000  1.000  1.000  1.000  1.000  1.000  1.000  1.000  1.000  1.000  1.000  1.000  1.000  1.000  1.000  1.000  1.000  1.000  1.000  1.000  1.000  1.000  1.000  1.000  1.000  1.000  1.000  1.000  1.000  1.000  1.000  1.000  1.000  1.000  1.000  1.000  1.000  1.000  1.000  1.000  1.000  1.000  1.000  1.000  1.000  1.000  1.000  1.000  1.000  1.000  1.000  1.000  1.000  1.000  1.000  1.000  1.000  1.000  1.000  1.000  1.000  1.000  1.000  1.000  1.000  1.000  1.000  1.000  1.000  1.000  1.000  1.000  1.000  1.000  1.000  1.000  1.000  1.000  1.000  1.000  1.000  1.000  1.000  1.000  1.000  1.000  1.000  1.000  1.000  1.000  1.000  1.000  1.000  1.000  1.000  1.000  

NonElecs  Zmm  Krypton   EndcapB   SL   64   -0.5   63.5     1.000  1.000  1.000  1.000  1.000  1.000  1.000  1.000  1.000  1.000  1.000  1.000  1.000  1.000  1.000  1.000  1.000  1.000  1.000  1.000  1.000  1.000  1.000  1.000  1.000  1.000  1.000  1.000  1.000  1.000  1.000  1.000  1.000  1.000  1.000  1.000  1.000  1.000  1.000  1.000  1.000  1.000  1.000  1.000  1.000  1.000  1.000  1.000  1.000  1.000  1.000  1.000  1.000  1.000  1.000  1.000  1.000  1.000  1.000  1.000  1.000  1.000  1.000  1.000  

NonElecs  Zmm  Krypton   Barrel   ZR   36   0.0   720.0     1.000  1.000  1.000  1.000  1.000  1.000  1.000  1.000  1.000  1.000  1.000  1.000  1.000  1.000  1.000  1.000  1.000  1.000  1.000  1.000  1.000  1.000  1.000  1.000  1.000  1.000  1.000  1.000  1.000  1.000  1.000  1.000  1.000  1.000  1.000  1.000  

NonElecs  Zmm  Krypton   EndcapA   ZR   40   630.0   1030.0     1.000  1.000  1.000  1.000  1.000  1.000  1.000  1.000  1.000  1.000  1.000  1.000  1.000  1.000  1.000  1.000  1.000  1.000  1.000  1.000  1.000  1.000  1.000  1.000  1.000  1.000  1.000  1.000  1.000  1.000  1.000  1.000  1.000  1.000  1.000  1.000  1.000  1.000  1.000  1.000  

NonElecs  Zmm  Krypton   EndcapB   ZR   40   630.0   1030.0     1.000  1.000  1.000  1.000  1.000  1.000  1.000  1.000  1.000  1.000  1.000  1.000  1.000  1.000  1.000  1.000  1.000  1.000  1.000  1.000  1.000  1.000  1.000  1.000  1.000  1.000  1.000  1.000  1.000  1.000  1.000  1.000  1.000  1.000  1.000  1.000  1.000  1.000  1.000  1.000  

NonElecs  Zmm  Krypton   Barrel   TW   44   0.0   2.2     1.000  1.000  1.000  1.000  1.000  1.000  1.000  1.000  1.000  1.000  1.000  1.000  1.000  1.000  1.000  1.000  1.000  1.000  1.000  1.000  1.000  1.000  1.000  1.000  1.000  1.000  1.000  1.000  1.000  1.000  1.000  1.000  1.000  1.000  1.000  1.000  1.000  1.000  1.000  1.000  1.000  1.000  1.000  1.000  

NonElecs  Zmm  Krypton   EndcapA   TW   44   0.0   2.2     1.000  1.000  1.000  1.000  1.000  1.000  1.000  1.000  1.000  1.000  1.000  1.000  1.000  1.000  1.000  1.000  1.000  1.000  1.000  1.000  1.000  1.000  1.000  1.000  1.000  1.000  1.000  1.000  1.000  1.000  1.000  1.000  1.000  1.000  1.000  1.000  1.000  1.000  1.000  1.000  1.000  1.000  1.000  1.000  

NonElecs  Zmm  Krypton   EndcapB   TW   44   0.0   2.2     1.000  1.000  1.000  1.000  1.000  1.000  1.000  1.000  1.000  1.000  1.000  1.000  1.000  1.000  1.000  1.000  1.000  1.000  1.000  1.000  1.000  1.000  1.000  1.000  1.000  1.000  1.000  1.000  1.000  1.000  1.000  1.000  1.000  1.000  1.000  1.000  1.000  1.000  1.000  1.000  1.000  1.000  1.000  1.000  

NonElecs  Zmm    Krypton    Barrel  OR   50   0.0    1.0    1.000 1.000 1.000 1.000 1.000 1.000 1.000 1.000 1.000 1.000 1.000 1.000 1.000 1.000 1.000 1.000 1.000 1.000 1.000 1.000 1.000 1.000 1.000 1.000 1.000 1.000 1.000 1.000 1.000 1.000 1.000 1.000 1.000 1.000 1.000 1.000 1.000 1.000 1.000 1.000 1.000 1.000 1.000 1.000 1.000 1.000 1.000 1.000 1.000 1.000 

NonElecs  Zmm    Krypton    EndcapA  OR   50   0.0    1.0    1.000 1.000 1.000 1.000 1.000 1.000 1.000 1.000 1.000 1.000 1.000 1.000 1.000 1.000 1.000 1.000 1.000 1.000 1.000 1.000 1.000 1.000 1.000 1.000 1.000 1.000 1.000 1.000 1.000 1.000 1.000 1.000 1.000 1.000 1.000 1.000 1.000 1.000 1.000 1.000 1.000 1.000 1.000 1.000 1.000 1.000 1.000 1.000 1.000 1.000 

NonElecs  Zmm    Krytpon    EndcapB  OR   50   0.0    1.0    1.000 1.000 1.000 1.000 1.000 1.000 1.000 1.000 1.000 1.000 1.000 1.000 1.000 1.000 1.000 1.000 1.000 1.000 1.000 1.000 1.000 1.000 1.000 1.000 1.000 1.000 1.000 1.000 1.000 1.000 1.000 1.000 1.000 1.000 1.000 1.000 1.000 1.000 1.000 1.000 1.000 1.000 1.000 1.000 1.000 1.000 1.000 1.000 1.000 1.000 

