0 1 -1 0 0.447815
0 2 -1 1 0.174949
0 3 -1 2 -0.0192261
0 4 -1 3 -0.0729535
0 5 -1 4 -0.425838
0 6 -1 5 -0.547269
0 7 -1 6 -0.680949
0 8 -1 7 0.46199
0 9 -1 8 0.21257
0 10 -1 9 0.372422
1 11 -1 10 1.43391
1 12 -1 11 1.14561
1 13 -1 12 0.966845
1 14 -1 13 0.818996
1 15 -1 14 0.623611
1 16 -1 15 0.122618
1 17 -1 16 -0.00768527
1 18 -1 17 -0.179873
1 19 -1 18 -1.0341
1 20 -1 19 -1.36611
1 21 -1 20 -2.44894
2 1 -1 21 1.53875
2 2 -1 22 1.12363
2 3 -1 23 0.885468
2 4 -1 24 0.725397
2 5 -1 25 0.582326
2 6 -1 26 0.390008
2 7 -1 27 0.108158
2 8 -1 28 -0.149707
2 9 -1 29 -0.222249
2 10 -1 30 -0.390735
2 11 -1 31 -0.573825
2 12 -1 32 -0.907757
2 13 -1 33 -0.868634
2 14 -1 34 -1.02001
2 15 -1 35 -1.26124
3 16 -1 36 -0.678013
3 17 -1 37 -0.609819
3 18 -1 38 -0.351712
3 19 -1 39 -0.262057
3 20 -1 40 0.0202845
3 21 -1 41 0.290592
3 22 -1 42 0.448797
3 23 -1 43 0.561424
3 24 -1 44 0.772267
4 25 -1 45 0.989718
4 26 -1 46 0.83008
4 27 -1 47 0.51271
4 28 -1 48 0.247569
4 29 -1 49 0.00989068
4 30 -1 50 -0.158257
4 31 -1 51 -0.59156
4 32 -1 52 -0.777887
4 33 -1 53 -1.07407
5 1 -1 54 1.2138
5 2 -1 55 0.837124
5 3 -1 56 0.621455
5 4 -1 57 0.213037
5 5 -1 58 0.153315
5 6 -1 59 0.0397403
5 7 -1 60 -0.196962
5 8 -1 61 -0.411785
5 9 -1 62 -0.555299
5 10 -1 63 -0.775637
5 11 -1 64 -0.899758
6 12 -1 65 1.21707
6 13 -1 66 0.870644
6 14 -1 67 0.676653
6 15 -1 68 0.507769
6 16 -1 69 0.340653
6 17 -1 70 0.051182
6 18 -1 71 0.00922338
6 19 -1 72 -0.341849
6 20 -1 73 -0.566205
6 21 -1 74 -0.752048
6 22 -1 75 -0.989549
6 23 -1 76 -1.09566
7 24 -1 77 1.59108
7 25 -1 78 1.32952
7 26 -1 79 0.963885
7 27 -1 80 0.738866
7 28 -1 81 0.437628
7 29 -1 82 0.236705
7 30 -1 83 0.24882
7 31 -1 84 -0.446624
7 32 -1 85 -0.512014
7 33 -1 86 -0.944295
7 34 -1 87 -1.07815
7 35 -1 88 -1.23146
7 36 -1 89 -1.34193
8 37 -1 90 1.80766
8 38 -1 91 1.5332
8 39 -1 92 1.224
8 40 -1 93 0.967723
8 41 -1 94 0.737652
8 42 -1 95 0.3084
8 43 -1 96 0.0459976
8 44 -1 97 -0.085848
8 45 -1 98 -0.274694
8 46 -1 99 -0.78475
8 47 -1 100 -1.05067
8 48 -1 101 -1.06924
8 49 -1 102 -1.474
8 50 -1 103 -1.81236
0 1 1 0 0.473693
0 2 1 1 0.172104
0 3 1 2 0.0476542
0 4 1 3 -0.172488
0 5 1 4 -0.332325
0 6 1 5 -0.533585
0 7 1 6 -0.645701
0 8 1 7 0.393394
0 9 1 8 0.18536
0 10 1 9 0.243726
1 11 1 10 1.50595
1 12 1 11 1.31164
1 13 1 12 1.04142
1 14 1 13 0.820299
1 15 1 14 0.755743
1 16 1 15 0.152523
1 17 1 16 -0.188447
1 18 1 17 -0.172223
1 19 1 18 -1.07187
1 20 1 19 -1.54658
1 21 1 20 -2.62591
2 1 1 21 0.657801
2 2 1 22 0.889782
2 3 1 23 1.03929
2 4 1 24 1.36097
2 5 1 25 1.58391
2 6 1 26 -0.0856214
2 7 1 27 -0.103531
2 8 1 28 0.0489903
2 9 1 29 0.296412
2 10 1 30 -0.814615
2 11 1 31 -0.729552
2 12 1 32 -0.508556
2 13 1 33 -1.22503
2 14 1 34 -0.996824
2 15 1 35 -1.44628
3 16 1 36 -0.620705
3 17 1 37 -0.515554
3 18 1 38 -0.34262
3 19 1 39 -0.208335
3 20 1 40 -0.0107371
3 21 1 41 0.138522
3 22 1 42 0.481419
3 23 1 43 0.599435
3 24 1 44 0.56729
4 25 1 45 1.22795
4 26 1 46 0.971964
4 27 1 47 0.432819
4 28 1 48 0.115554
4 29 1 49 -0.0704439
4 30 1 50 -0.168518
4 31 1 51 -0.652011
4 32 1 52 -0.754042
4 33 1 53 -1.16669
5 1 1 54 1.11919
5 2 1 55 0.893517
5 3 1 56 0.726813
5 4 1 57 0.375229
5 5 1 58 0.186461
5 6 1 59 0.104567
5 7 1 60 -0.19955
5 8 1 61 -0.474516
5 9 1 62 -0.650843
5 10 1 63 -0.867333
5 11 1 64 -0.965354
6 12 1 65 1.28592
6 13 1 66 0.920754
6 14 1 67 0.87124
6 15 1 68 0.587562
6 16 1 69 0.515019
6 17 1 70 0.181814
6 18 1 71 0.126009
6 19 1 72 -0.212827
6 20 1 73 -0.719853
6 21 1 74 -1.04763
6 22 1 75 -1.36882
6 23 1 76 -1.12699
7 24 1 77 0.605142
7 25 1 78 0.202023
7 26 1 79 -0.0549245
7 27 1 80 -0.308127
7 28 1 81 -0.437089
7 29 1 82 -0.587881
7 30 1 83 -0.81983
7 31 1 84 -1.33387
7 32 1 85 -1.63057
7 33 1 86 1.43802
7 34 1 87 1.13992
7 35 1 88 0.930009
7 36 1 89 0.703648
8 37 1 90 0.504277
8 38 1 91 0.520489
8 39 1 92 0.761438
8 40 1 93 0.880769
8 41 1 94 1.16665
8 42 1 95 1.48108
8 43 1 96 1.65631
8 44 1 97 -0.314349
8 45 1 98 -0.158679
8 46 1 99 -0.727706
8 47 1 100 -1.081
8 48 1 101 -1.1959
8 49 1 102 -1.9108
8 50 1 103 -1.68667
