 1  0   23
 1  0   69
 1  0   95
 1  0  113
 1  0  184
 1  0  314
 1  0  666
 1  0  849
 1  0  872
 1  0  888
 1  0  897
 1  0  929
 1  0  942
 1  0  965
 1  0 1118
 1  0 1147
 1  0 1149
 1  0 1158
 1  0 1198
 1  0 1338
 1  0 1347
 1  0 1415
 1  0 1452
 1  0 1509
 1  0 1619
 1  1   69
 1  1   96
 1  1  146
 1  1  160
 1  1  306
 1  1  334
 1  1  411
 1  1  418
 1  1  448
 1  1  816
 1  1  827
 1  1  849
 1  1  850
 1  1  851
 1  1  852
 1  1  862
 1  1  863
 1  1  865
 1  1  872
 1  1  873
 1  1  874
 1  1  875
 1  1  878
 1  1  896
 1  1  897
 1  1  898
 1  1  909
 1  1  913
 1  1  920
 1  1  945
 1  1  968
 1  1  969
 1  1  986
 1  1  993
 1  1 1098
 1  1 1108
 1  1 1304
 1  1 1358
 1  1 1392
 1  1 1393
 1  1 1394
 1  1 1396
 1  1 1413
 1  1 1419
 1  1 1424
 1  1 1498
 1  2   53
 1  2   69
 1  2  189
 1  2  212
 1  2  338
 1  2  473
 1  2  530
 1  2  543
 1  2  551
 1  2  650
 1  2  742
 1  2  803
 1  2  849
 1  2  850
 1  2  861
 1  2  862
 1  2  863
 1  2  864
 1  2  865
 1  2  866
 1  2 1024
 1  2 1250
 1  2 1452
 1  2 1600
 1  3    9
 1  3   10
 1  3   69
 1  3  276
 1  3  368
 1  3  387
 1  3  448
 1  3  469
 1  3  505
 1  3  689
 1  3  849
 1  3  850
 1  3  859
 1  3  872
 1  3  897
 1  3  932
 1  3  945
 1  3 1019
 1  3 1105
 1  3 1191
 1  3 1209
 1  3 1295
 1  3 1333
 1  3 1356
 1  3 1381
 1  3 1398
 1  3 1447
 1  3 1473
 1  3 1532
 1  3 1595
 1  3 1623
 1  3 1626
 1  4   23
 1  4   69
 1  4  128
 1  4  193
 1  4  204
 1  4  220
 1  4  221
 1  4  237
 1  4  254
 1  4  255
 1  4  256
 1  4  311
 1  4  312
 1  4  376
 1  4  849
 1  4  850
 1  4  851
 1  4  856
 1  4  860
 1  4  862
 1  4  876
 1  4  893
 1  4  895
 1  4  896
 1  4  897
 1  4  916
 1  4  955
 1  4 1099
 1  4 1216
 1  4 1289
 1  4 1317
 1  4 1529
 1  4 1584
 1  4 1638
 1  5   69
 1  5  113
 1  5  421
 1  5  448
 1  5  508
 1  5  577
 1  5  607
 1  5  678
 1  5  828
 1  5  849
 1  5  850
 1  5  862
 1  5 1061
 1  5 1614
 1  5 1615
 1  6   69
 1  6   91
 1  6   94
 1  6  106
 1  6  110
 1  6  127
 1  6  131
 1  6  152
 1  6  172
 1  6  222
 1  6  241
 1  6  260
 1  6  262
 1  6  269
 1  6  291
 1  6  345
 1  6  448
 1  6  451
 1  6  490
 1  6  603
 1  6  619
 1  6  620
 1  6  641
 1  6  751
 1  6  800
 1  6  842
 1  6  849
 1  6  863
 1  6  885
 1  6  968
 1  6 1254
 1  6 1305
 1  6 1333
 1  6 1505
 1  6 1614
 1  6 1616
 1  6 1627
 1  7   94
 1  7  118
 1  7  257
 1  7  324
 1  7  326
 1  7  389
 1  7  401
 1  7  415
 1  7  418
 1  7  480
 1  7  671
 1  7  674
 1  7  699
 1  7  725
 1  7  849
 1  7  850
 1  7  872
 1  7  878
 1  7  896
 1  7 1020
 1  7 1545
 1  7 1579
 1  7 1613
 1  7 1628
 1  8   69
 1  8  240
 1  8  320
 1  8  448
 1  8  532
 1  8  581
 1  8  826
 1  8  849
 1  8  850
 1  8  851
 1  8  854
 1  8  855
 1  8  861
 1  8  862
 1  8  863
 1  8  864
 1  8  865
 1  8  872
 1  8  874
 1  8  875
 1  8  885
 1  8  886
 1  8  896
 1  8  897
 1  8  899
 1  8  904
 1  8  921
 1  8  946
 1  8  953
 1  8  962
 1  8 1014
 1  8 1015
 1  8 1076
 1  8 1081
 1  8 1233
 1  8 1313
 1  8 1321
 1  8 1322
 1  8 1332
 1  8 1354
 1  8 1470
 1  8 1530
 1  8 1536
 1  8 1547
 1  8 1555
 1  8 1596
 1  8 1615
 1  9   69
 1  9   78
 1  9  175
 1  9  429
 1  9  434
 1  9  448
 1  9  533
 1  9  826
 1  9  849
 1  9  850
 1  9  851
 1  9  861
 1  9  876
 1  9  896
 1  9  897
 1  9  925
 1  9  943
 1  9  949
 1  9 1058
 1  9 1062
 1  9 1064
 1  9 1123
 1  9 1209
 1  9 1377
 1  9 1427
 1  9 1566
 1  9 1572
 1  9 1579
 1  9 1590
 1  9 1595
 1  9 1611
 1 10  121
 1 10  139
 1 10  284
 1 10  849
 1 10  850
 1 10  851
 1 10  872
 1 10  966
 1 10 1075
 1 10 1135
 1 10 1176
 1 10 1196
 1 10 1307
 1 10 1341
 1 10 1372
 1 10 1391
 1 10 1392
 1 10 1413
 1 10 1465
 1 10 1561
 1 10 1590
 1 11   69
 1 11  123
 1 11  218
 1 11  310
 1 11  328
 1 11  648
 1 11  671
 1 11  730
 1 11  792
 1 11  802
 1 11  817
 1 11  826
 1 11  837
 1 11  851
 1 11  852
 1 11  862
 1 11  863
 1 11  865
 1 11  875
 1 11  897
 1 11  898
 1 11  899
 1 11  904
 1 11  909
 1 11  920
 1 11  968
 1 11  990
 1 11  993
 1 11 1148
 1 11 1223
 1 11 1304
 1 11 1311
 1 11 1413
 1 11 1421
 1 11 1620
 1 11 1637
 1 12   15
 1 12   69
 1 12  192
 1 12  199
 1 12  216
 1 12  252
 1 12  279
 1 12  293
 1 12  310
 1 12  332
 1 12  339
 1 12  364
 1 12  448
 1 12  514
 1 12  837
 1 12  849
 1 12  850
 1 12  915
 1 12 1026
 1 12 1638
 1 13   37
 1 13   69
 1 13  196
 1 13  271
 1 13  685
 1 13  732
 1 13  758
 1 13  843
 1 13  849
 1 13  850
 1 13  896
 1 13  954
 1 13  996
 1 13 1021
 1 13 1133
 1 13 1165
 1 13 1172
 1 13 1191
 1 14    4
 1 14   57
 1 14   69
 1 14  199
 1 14  206
 1 14  216
 1 14  283
 1 14  285
 1 14  308
 1 14  356
 1 14  423
 1 14  558
 1 14  686
 1 14  710
 1 14  713
 1 14  794
 1 14  849
 1 14  850
 1 14  851
 1 14 1000
 1 14 1004
 1 14 1020
 1 14 1027
 1 14 1118
 1 14 1148
 1 14 1275
 1 14 1281
 1 14 1430
 1 14 1435
 1 14 1490
 1 14 1600
 1 14 1639
 1 15   69
 1 15  243
 1 15  337
 1 15  343
 1 15  360
 1 15  802
 1 15  850
 1 15  864
 1 15  865
 1 15  901
 1 15  918
 1 15 1079
 1 15 1258
 1 15 1264
 1 15 1357
 1 15 1368
 1 15 1579
 1 15 1585
 2 15 3370
 2 15 3371
 2 15 3372
 2 15 3373
 2 15 3374
 2 15 3375
 2 15 3376
 2 15 3377
 2 15 3378
 2 15 3379
 2 15 3380
 2 15 3381
 2 15 3382
 2 15 3383
 2 15 3384
 2 15 3385
 2 15 3386
 2 15 3387
 2 15 3388
 2 15 3389
 2 15 3390
 2 15 3391
 2 15 3392
 2 15 3393
 2 15 3394
 2 15 3395
 2 15 3396
 2 15 3397
 2 15 3398
 2 15 3399
 2 15 3400
 2 15 3401
 2 15 3402
 2 15 3403
 2 15 3404
 2 15 3405
 2 15 3406
 2 15 3407
 2 15 3408
 2 15 3409
 2 15 3410
 2 15 3411
 2 15 3412
 2 15 3413
 2 15 3414
 2 15 3415
 2 15 3416
 2 15 3417
 2 15 3418
 2 15 3419
 2 15 3420
 2 15 3421
 2 15 3422
 2 15 3423
 2 15 3424
 2 15 3425
 2 15 3426
 2 15 3427
 2 15 3428
 2 15 3429
 2 15 3430
 2 15 3431
 2 15 3432
 2 15 3433
 2 15 3434
 2 15 3435
 2 15 3436
 2 15 3437
 2 15 3438
 2 15 3439
 2 15 3440
 2 15 3441
 2 15 3442
 2 15 3443
 2 15 3444
 2 15 3445
 2 15 3446
 2 15 3447
 2 15 3448
 2 15 3449
 2 15 3450
 2 15 3451
 2 15 3452
 2 15 3453
 2 15 3454
 2 15 3455
 2 15 3456
 2 15 3457
 2 15 3458
 2 15 3459
 2 15 3460
 2 15 3461
 2 15 3462
 2 15 3463
 2 15 3464
 2 15 3465
 2 15 3466
 2 15 3467
 2 15 3468
 2 15 3469
 2 15 3470
 2 15 3471
 2 15 3472
 2 15 3473
 2 15 3474
 2 15 3475
 2 15 3476
 2 15 3477
 2 15 3478
 2 15 3479
 2 15 3480
 2 15 3481
 2 15 3482
 2 15 3483
 2 15 3484
 2 15 3485
 2 15 3486
 2 15 3487
 2 15 3488
 2 15 3489
 2 15 3490
 2 15 3491
 2 15 3492
 2 15 3493
 2 15 3494
 2 15 3495
 2 15 3496
 2 15 3497
 2 15 3498
 2 15 3499
 2 15 3500
 2 15 3501
 2 15 3502
 2 15 3503
 2 15 3504
 2 15 3505
 2 15 3506
 2 15 3507
 2 15 3508
 2 15 3509
 2 15 3510
 2 15 3511
 2 15 3512
 2 15 3513
 2 15 3514
 2 15 3515
 2 15 3516
 2 15 3517
 2 15 3518
 2 15 3519
 2 15 3520
 2 15 3521
 2 15 3522
 2 15 3523
 2 15 3524
 2 15 3525
 2 15 3526
 2 15 3527
 2 15 3528
 2 15 3529
 2 15 3530
 2 15 3531
 2 15 3532
 2 15 3533
 2 15 3534
 2 15 3535
 2 15 3536
 2 15 3537
 2 15 3538
 2 15 3539
 2 15 3540
 2 15 3541
 2 15 3542
 2 15 3543
 2 15 3544
 2 15 3545
 2 15 3546
 2 15 3547
 2 15 3548
 2 15 3549
 2 15 3550
 2 15 3551
 2 15 3552
 2 15 3553
 2 15 3554
 2 15 3555
 2 15 3556
 2 15 3557
 2 15 3558
 2 15 3559
 2 15 3560
 2 15 3561
 1 16   14
 1 16   69
 1 16  142
 1 16  147
 1 16  163
 1 16  164
 1 16  175
 1 16  200
 1 16  236
 1 16  254
 1 16  308
 1 16  332
 1 16  379
 1 16  517
 1 16  547
 1 16  585
 1 16  601
 1 16  774
 1 16  849
 1 16  850
 1 16  864
 1 16  872
 1 16  925
 1 16  947
 1 16 1382
 1 16 1430
 2 16 4714
 2 16 4715
 2 16 4716
 2 16 4717
 2 16 4718
 2 16 4719
 2 16 4720
 2 16 4721
 2 16 4722
 2 16 4723
 2 16 4724
 2 16 4725
 2 16 4726
 2 16 4727
 2 16 4728
 2 16 4729
 2 16 4730
 2 16 4731
 2 16 4732
 2 16 4733
 2 16 4734
 2 16 4735
 2 16 4736
 2 16 4737
 2 16 4738
 2 16 4739
 2 16 4740
 2 16 4741
 2 16 4742
 2 16 4743
 2 16 4744
 2 16 4745
 2 16 4746
 2 16 4747
 2 16 4748
 2 16 4749
 2 16 4750
 2 16 4751
 2 16 4752
 2 16 4753
 2 16 4754
 2 16 4755
 2 16 4756
 2 16 4757
 2 16 4758
 2 16 4759
 2 16 4760
 2 16 4761
 2 16 4762
 2 16 4763
 2 16 4764
 2 16 4765
 2 16 4766
 2 16 4767
 2 16 4768
 2 16 4769
 2 16 4770
 2 16 4771
 2 16 4772
 2 16 4773
 2 16 4774
 2 16 4775
 2 16 4776
 2 16 4777
 2 16 4778
 2 16 4779
 2 16 4780
 2 16 4781
 2 16 4782
 2 16 4783
 2 16 4784
 2 16 4785
 2 16 4786
 2 16 4787
 2 16 4788
 2 16 4789
 2 16 4790
 2 16 4791
 2 16 4792
 2 16 4793
 2 16 4794
 2 16 4795
 2 16 4796
 2 16 4797
 2 16 4798
 2 16 4799
 2 16 4800
 2 16 4801
 2 16 4802
 2 16 4803
 2 16 4804
 2 16 4805
 2 16 4806
 2 16 4807
 2 16 4808
 2 16 4809
 2 16 4810
 2 16 4811
 2 16 4812
 2 16 4813
 2 16 4814
 2 16 4815
 2 16 4816
 2 16 4817
 2 16 4818
 2 16 4819
 2 16 4820
 2 16 4821
 2 16 4822
 2 16 4823
 2 16 4824
 2 16 4825
 2 16 4826
 2 16 4827
 2 16 4828
 2 16 4829
 2 16 4830
 2 16 4831
 2 16 4832
 2 16 4833
 2 16 4834
 2 16 4835
 2 16 4836
 2 16 4837
 2 16 4838
 2 16 4839
 2 16 4840
 2 16 4841
 2 16 4842
 2 16 4843
 2 16 4844
 2 16 4845
 2 16 4846
 2 16 4847
 2 16 4848
 2 16 4849
 2 16 4850
 2 16 4851
 2 16 4852
 2 16 4853
 2 16 4854
 2 16 4855
 2 16 4856
 2 16 4857
 2 16 4858
 2 16 4859
 2 16 4860
 2 16 4861
 2 16 4862
 2 16 4863
 2 16 4864
 2 16 4865
 2 16 4866
 2 16 4867
 2 16 4868
 2 16 4869
 2 16 4870
 2 16 4871
 2 16 4872
 2 16 4873
 2 16 4874
 2 16 4875
 2 16 4876
 2 16 4877
 2 16 4878
 2 16 4879
 2 16 4880
 2 16 4881
 2 16 4882
 2 16 4883
 2 16 4884
 2 16 4885
 2 16 4886
 2 16 4887
 2 16 4888
 2 16 4889
 2 16 4890
 2 16 4891
 2 16 4892
 2 16 4893
 2 16 4894
 2 16 4895
 2 16 4896
 2 16 4897
 2 16 4898
 2 16 4899
 2 16 4900
 2 16 4901
 2 16 4902
 2 16 4903
 2 16 4904
 2 16 4905
 1 17    4
 1 17   45
 1 17   61
 1 17   69
 1 17  145
 1 17  222
 1 17  347
 1 17  388
 1 17  448
 1 17  754
 1 17  849
 1 17  850
 1 17  851
 1 17  864
 1 17  874
 1 17  999
 1 17 1005
 1 17 1027
 1 17 1414
 1 18   69
 1 18  103
 1 18  120
 1 18  121
 1 18  424
 1 18  432
 1 18  467
 1 18  802
 1 18  827
 1 18  850
 1 18  851
 1 18  852
 1 18  860
 1 18  862
 1 18  863
 1 18  864
 1 18  865
 1 18  869
 1 18  872
 1 18  874
 1 18  875
 1 18  896
 1 18  897
 1 18  898
 1 18  968
 1 18  969
 1 18  993
 1 18 1180
 1 18 1303
 1 18 1304
 1 18 1330
 1 18 1413
 1 18 1415
 1 18 1424
 1 18 1498
 1 18 1556
 1 18 1566
 1 18 1570
 1 18 1597
 1 18 1616
 1 18 1620
 1 18 1629
 1 19   14
 1 19   25
 1 19   61
 1 19   69
 1 19   75
 1 19  232
 1 19  280
 1 19  324
 1 19  414
 1 19  481
 1 19  736
 1 19  808
 1 19  813
 1 19  942
 1 19 1027
 1 19 1159
 1 19 1636
 1 20   69
 1 20  143
 1 20  290
 1 20  306
 1 20  380
 1 20  561
 1 20  614
 1 20  679
 1 20  686
 1 20  704
 1 20  756
 1 20  829
 1 20  849
 1 20  850
 1 20  851
 1 20  854
 1 20  862
 1 20  863
 1 20  864
 1 20 1199
 1 20 1250
 1 20 1262
 1 20 1295
 1 20 1313
 1 20 1333
 1 20 1334
 1 20 1343
 1 20 1394
 1 20 1400
 1 20 1475
 1 20 1487
 1 21   69
 1 21   97
 1 21  164
 1 21  342
 1 21  343
 1 21  533
 1 21  824
 1 21  826
 1 21  827
 1 21  829
 1 21  839
 1 21  840
 1 21  849
 1 21  850
 1 21  851
 1 21  854
 1 21  859
 1 21  860
 1 21  861
 1 21  862
 1 21  863
 1 21  883
 1 21  896
 1 21  909
 1 21  941
 1 21  968
 1 21 1023
 1 21 1059
 1 21 1111
 1 21 1129
 1 21 1138
 1 21 1142
 1 21 1155
 1 21 1182
 1 21 1183
 1 21 1186
 1 21 1216
 1 21 1217
 1 21 1220
 1 21 1226
 1 21 1255
 1 21 1292
 1 21 1524
 1 22   69
 1 22   72
 1 22  110
 1 22  126
 1 22  186
 1 22  310
 1 22  325
 1 22  326
 1 22  369
 1 22  409
 1 22  849
 1 22  850
 1 22  851
 1 22  861
 1 22  862
 1 22  863
 1 22  875
 1 22 1014
 1 22 1022
 1 22 1050
 1 22 1126
 1 22 1183
 1 22 1189
 1 22 1226
 1 22 1310
 1 22 1365
 1 22 1442
 1 22 1448
 1 22 1456
 1 22 1505
 1 22 1576
 1 23  157
 1 23  388
 1 23  448
 1 23  479
 1 23  600
 1 23  798
 1 23  857
 1 23  860
 1 23  861
 1 23  862
 1 23  863
 1 23  864
 1 23  875
 1 23  878
 1 23  882
 1 23  883
 1 23  887
 1 23  897
 1 23  898
 1 23  904
 1 23  905
 1 23  909
 1 23  920
 1 23  922
 1 23  944
 1 23  945
 1 23  957
 1 23  968
 1 23  969
 1 23  978
 1 23  993
 1 23  994
 1 23 1098
 1 23 1304
 1 23 1312
 1 23 1317
 1 23 1331
 1 23 1335
 1 23 1349
 1 23 1367
 1 23 1386
 1 23 1392
 1 23 1413
 1 23 1415
 1 23 1429
 1 23 1451
 1 23 1453
 1 23 1465
 1 23 1466
 1 23 1467
 1 23 1480
 1 23 1484
 1 23 1498
 1 23 1505
 1 23 1581
 1 23 1597
 1 23 1637
 2 23 2026
 2 23 2027
 2 23 2028
 2 23 2029
 2 23 2030
 2 23 2031
 2 23 2032
 2 23 2033
 2 23 2034
 2 23 2035
 2 23 2036
 2 23 2037
 2 23 2038
 2 23 2039
 2 23 2040
 2 23 2041
 2 23 2042
 2 23 2043
 2 23 2044
 2 23 2045
 2 23 2046
 2 23 2047
 2 23 2048
 2 23 2049
 2 23 2050
 2 23 2051
 2 23 2052
 2 23 2053
 2 23 2054
 2 23 2055
 2 23 2056
 2 23 2057
 2 23 2058
 2 23 2059
 2 23 2060
 2 23 2061
 2 23 2062
 2 23 2063
 2 23 2064
 2 23 2065
 2 23 2066
 2 23 2067
 2 23 2068
 2 23 2069
 2 23 2070
 2 23 2071
 2 23 2072
 2 23 2073
 2 23 2074
 2 23 2075
 2 23 2076
 2 23 2077
 2 23 2078
 2 23 2079
 2 23 2080
 2 23 2081
 2 23 2082
 2 23 2083
 2 23 2084
 2 23 2085
 2 23 2086
 2 23 2087
 2 23 2088
 2 23 2089
 2 23 2090
 2 23 2091
 2 23 2092
 2 23 2093
 2 23 2094
 2 23 2095
 2 23 2096
 2 23 2097
 2 23 2098
 2 23 2099
 2 23 2100
 2 23 2101
 2 23 2102
 2 23 2103
 2 23 2104
 2 23 2105
 2 23 2106
 2 23 2107
 2 23 2108
 2 23 2109
 2 23 2110
 2 23 2111
 2 23 2112
 2 23 2113
 2 23 2114
 2 23 2115
 2 23 2116
 2 23 2117
 2 23 2118
 2 23 2119
 2 23 2120
 2 23 2121
 2 23 2122
 2 23 2123
 2 23 2124
 2 23 2125
 2 23 2126
 2 23 2127
 2 23 2128
 2 23 2129
 2 23 2130
 2 23 2131
 2 23 2132
 2 23 2133
 2 23 2134
 2 23 2135
 2 23 2136
 2 23 2137
 2 23 2138
 2 23 2139
 2 23 2140
 2 23 2141
 2 23 2142
 2 23 2143
 2 23 2144
 2 23 2145
 2 23 2146
 2 23 2147
 2 23 2148
 2 23 2149
 2 23 2150
 2 23 2151
 2 23 2152
 2 23 2153
 2 23 2154
 2 23 2155
 2 23 2156
 2 23 2157
 2 23 2158
 2 23 2159
 2 23 2160
 2 23 2161
 2 23 2162
 2 23 2163
 2 23 2164
 2 23 2165
 2 23 2166
 2 23 2167
 2 23 2168
 2 23 2169
 2 23 2170
 2 23 2171
 2 23 2172
 2 23 2173
 2 23 2174
 2 23 2175
 2 23 2176
 2 23 2177
 2 23 2178
 2 23 2179
 2 23 2180
 2 23 2181
 2 23 2182
 2 23 2183
 2 23 2184
 2 23 2185
 2 23 2186
 2 23 2187
 2 23 2188
 2 23 2189
 2 23 2190
 2 23 2191
 2 23 2192
 2 23 2193
 2 23 2194
 2 23 2195
 2 23 2196
 2 23 2197
 2 23 2198
 2 23 2199
 2 23 2200
 2 23 2201
 2 23 2202
 2 23 2203
 2 23 2204
 2 23 2205
 2 23 2206
 2 23 2207
 2 23 2208
 2 23 2209
 2 23 2210
 2 23 2211
 2 23 2212
 2 23 2213
 2 23 2214
 2 23 2215
 2 23 2216
 2 23 2217
 2 23 2218
 2 23 2219
 2 23 2220
 2 23 2221
 2 23 2222
 2 23 2223
 2 23 2224
 2 23 2225
 2 23 2226
 2 23 2227
 2 23 2228
 2 23 2229
 2 23 2230
 2 23 2231
 2 23 2232
 2 23 2233
 2 23 2234
 2 23 2235
 2 23 2236
 2 23 2237
 2 23 2238
 2 23 2239
 2 23 2240
 2 23 2241
 2 23 2242
 2 23 2243
 2 23 2244
 2 23 2245
 2 23 2246
 2 23 2247
 2 23 2248
 2 23 2249
 2 23 2250
 2 23 2251
 2 23 2252
 2 23 2253
 2 23 2254
 2 23 2255
 2 23 2256
 2 23 2257
 2 23 2258
 2 23 2259
 2 23 2260
 2 23 2261
 2 23 2262
 2 23 2263
 2 23 2264
 2 23 2265
 2 23 2266
 2 23 2267
 2 23 2268
 2 23 2269
 2 23 2270
 2 23 2271
 2 23 2272
 2 23 2273
 2 23 2274
 2 23 2275
 2 23 2276
 2 23 2277
 2 23 2278
 2 23 2279
 2 23 2280
 2 23 2281
 2 23 2282
 2 23 2283
 2 23 2284
 2 23 2285
 2 23 2286
 2 23 2287
 2 23 2288
 2 23 2289
 2 23 2290
 2 23 2291
 2 23 2292
 2 23 2293
 2 23 2294
 2 23 2295
 2 23 2296
 2 23 2297
 2 23 2298
 2 23 2299
 2 23 2300
 2 23 2301
 2 23 2302
 2 23 2303
 2 23 2304
 2 23 2305
 2 23 2306
 2 23 2307
 2 23 2308
 2 23 2309
 2 23 2310
 2 23 2311
 2 23 2312
 2 23 2313
 2 23 2314
 2 23 2315
 2 23 2316
 2 23 2317
 2 23 2318
 2 23 2319
 2 23 2320
 2 23 2321
 2 23 2322
 2 23 2323
 2 23 2324
 2 23 2325
 2 23 2326
 2 23 2327
 2 23 2328
 2 23 2329
 2 23 2330
 2 23 2331
 2 23 2332
 2 23 2333
 2 23 2334
 2 23 2335
 2 23 2336
 2 23 2337
 2 23 2338
 2 23 2339
 2 23 2340
 2 23 2341
 2 23 2342
 2 23 2343
 2 23 2344
 2 23 2345
 2 23 2346
 2 23 2347
 2 23 2348
 2 23 2349
 2 23 2350
 2 23 2351
 2 23 2352
 2 23 2353
 2 23 2354
 2 23 2355
 2 23 2356
 2 23 2357
 2 23 2358
 2 23 2359
 2 23 2360
 2 23 2361
 2 23 2362
 2 23 2363
 2 23 2364
 2 23 2365
 2 23 2366
 2 23 2367
 2 23 2368
 2 23 2369
 2 23 2370
 2 23 2371
 2 23 2372
 2 23 2373
 2 23 2374
 2 23 2375
 2 23 2376
 2 23 2377
 2 23 2378
 2 23 2379
 2 23 2380
 2 23 2381
 2 23 2382
 2 23 2383
 2 23 2384
 2 23 2385
 2 23 2386
 2 23 2387
 2 23 2388
 2 23 2389
 2 23 2390
 2 23 2391
 2 23 2392
 2 23 2393
 2 23 2394
 2 23 2395
 2 23 2396
 2 23 2397
 2 23 2398
 2 23 2399
 2 23 2400
 2 23 2401
 2 23 2402
 2 23 2403
 2 23 2404
 2 23 2405
 2 23 2406
 2 23 2407
 2 23 2408
 2 23 2409
 1 24   63
 1 24   69
 1 24  135
 1 24  182
 1 24  274
 1 24  328
 1 24  346
 1 24  611
 1 24  653
 1 24  656
 1 24  849
 1 24  850
 1 24  851
 1 24  852
 1 24  853
 1 24  854
 1 24  856
 1 24  862
 1 24  863
 1 24  865
 1 24  872
 1 24  873
 1 24  874
 1 24  875
 1 24  885
 1 24  887
 1 24  896
 1 24  897
 1 24  899
 1 24  918
 1 24  968
 1 24 1072
 1 24 1098
 1 24 1159
 1 24 1234
 1 24 1299
 1 24 1304
 1 24 1334
 1 24 1375
 1 24 1387
 1 24 1413
 1 24 1507
 1 24 1513
 1 24 1556
 1 24 1597
 1 24 1615
 1 24 1629
 1 24 1638
 1 25    4
 1 25    5
 1 25   69
 1 25  103
 1 25  205
 1 25  219
 1 25  275
 1 25  311
 1 25  515
 1 25  575
 1 25  663
 1 25  849
 1 25  850
 1 25  851
 1 25  862
 1 25  863
 1 25  864
 1 25  865
 1 25  871
 1 25  872
 1 25  916
 1 25  974
 1 25 1359
 1 25 1386
 1 25 1405
 1 25 1411
 1 25 1446
 1 25 1470
 1 25 1472
 1 25 1490
 1 25 1587
 1 25 1601
 1 25 1617
 1 26   61
 1 26   69
 1 26  170
 1 26  208
 1 26  241
 1 26  455
 1 26  475
 1 26  663
 1 26  780
 1 26  849
 1 26  850
 1 26  851
 1 26  852
 1 26  862
 1 26  863
 1 26  865
 1 26  871
 1 26  872
 1 26  873
 1 26  874
 1 26  875
 1 26  896
 1 26  897
 1 26  898
 1 26  910
 1 26  920
 1 26  943
 1 26 1028
 1 26 1059
 1 26 1068
 1 26 1148
 1 26 1149
 1 26 1151
 1 26 1201
 1 26 1233
 1 26 1260
 1 26 1357
 1 26 1430
 1 26 1470
 1 26 1614
 1 26 1615
 1 26 1616
 1 27   69
 1 27   74
 1 27  207
 1 27  225
 1 27  272
 1 27  279
 1 27  308
 1 27  331
 1 27  388
 1 27  509
 1 27  585
 1 27  663
 1 27  686
 1 27  732
 1 27  755
 1 27  829
 1 27  831
 1 27  849
 1 27  850
 1 27  951
 1 27  992
 1 27 1009
 1 27 1024
 1 27 1033
 1 27 1055
 1 27 1099
 1 27 1155
 1 27 1158
 1 27 1246
 1 27 1401
 1 27 1406
 1 27 1425
 1 27 1456
 1 27 1461
 1 27 1482
 1 27 1594
 1 28   69
 1 28  133
 1 28  204
 1 28  220
 1 28  221
 1 28  222
 1 28  237
 1 28  239
 1 28  240
 1 28  250
 1 28  254
 1 28  255
 1 28  256
 1 28  257
 1 28  258
 1 28  275
 1 28  276
 1 28  277
 1 28  285
 1 28  293
 1 28  294
 1 28  295
 1 28  296
 1 28  302
 1 28  303
 1 28  311
 1 28  312
 1 28  313
 1 28  314
 1 28  315
 1 28  371
 1 28  422
 1 28  549
 1 28  577
 1 28  620
 1 28  826
 1 28  849
 1 28  850
 1 28 1533
 1 29   21
 1 29   58
 1 29   69
 1 29  146
 1 29  183
 1 29  188
 1 29  193
 1 29  197
 1 29  207
 1 29  239
 1 29  301
 1 29  573
 1 29  849
 1 29  850
 1 29  862
 1 29  863
 1 29  869
 1 29  871
 1 29  895
 1 29  896
 1 29 1019
 1 29 1056
 1 29 1082
 1 29 1166
 1 29 1228
 1 29 1338
 1 29 1457
 1 29 1614
 2 29 3178
 2 29 3179
 2 29 3180
 2 29 3181
 2 29 3182
 2 29 3183
 2 29 3184
 2 29 3185
 2 29 3186
 2 29 3187
 2 29 3188
 2 29 3189
 2 29 3190
 2 29 3191
 2 29 3192
 2 29 3193
 2 29 3194
 2 29 3195
 2 29 3196
 2 29 3197
 2 29 3198
 2 29 3199
 2 29 3200
 2 29 3201
 2 29 3202
 2 29 3203
 2 29 3204
 2 29 3205
 2 29 3206
 2 29 3207
 2 29 3208
 2 29 3209
 2 29 3210
 2 29 3211
 2 29 3212
 2 29 3213
 2 29 3214
 2 29 3215
 2 29 3216
 2 29 3217
 2 29 3218
 2 29 3219
 2 29 3220
 2 29 3221
 2 29 3222
 2 29 3223
 2 29 3224
 2 29 3225
 2 29 3226
 2 29 3227
 2 29 3228
 2 29 3229
 2 29 3230
 2 29 3231
 2 29 3232
 2 29 3233
 2 29 3234
 2 29 3235
 2 29 3236
 2 29 3237
 2 29 3238
 2 29 3239
 2 29 3240
 2 29 3241
 2 29 3242
 2 29 3243
 2 29 3244
 2 29 3245
 2 29 3246
 2 29 3247
 2 29 3248
 2 29 3249
 2 29 3250
 2 29 3251
 2 29 3252
 2 29 3253
 2 29 3254
 2 29 3255
 2 29 3256
 2 29 3257
 2 29 3258
 2 29 3259
 2 29 3260
 2 29 3261
 2 29 3262
 2 29 3263
 2 29 3264
 2 29 3265
 2 29 3266
 2 29 3267
 2 29 3268
 2 29 3269
 2 29 3270
 2 29 3271
 2 29 3272
 2 29 3273
 2 29 3274
 2 29 3275
 2 29 3276
 2 29 3277
 2 29 3278
 2 29 3279
 2 29 3280
 2 29 3281
 2 29 3282
 2 29 3283
 2 29 3284
 2 29 3285
 2 29 3286
 2 29 3287
 2 29 3288
 2 29 3289
 2 29 3290
 2 29 3291
 2 29 3292
 2 29 3293
 2 29 3294
 2 29 3295
 2 29 3296
 2 29 3297
 2 29 3298
 2 29 3299
 2 29 3300
 2 29 3301
 2 29 3302
 2 29 3303
 2 29 3304
 2 29 3305
 2 29 3306
 2 29 3307
 2 29 3308
 2 29 3309
 2 29 3310
 2 29 3311
 2 29 3312
 2 29 3313
 2 29 3314
 2 29 3315
 2 29 3316
 2 29 3317
 2 29 3318
 2 29 3319
 2 29 3320
 2 29 3321
 2 29 3322
 2 29 3323
 2 29 3324
 2 29 3325
 2 29 3326
 2 29 3327
 2 29 3328
 2 29 3329
 2 29 3330
 2 29 3331
 2 29 3332
 2 29 3333
 2 29 3334
 2 29 3335
 2 29 3336
 2 29 3337
 2 29 3338
 2 29 3339
 2 29 3340
 2 29 3341
 2 29 3342
 2 29 3343
 2 29 3344
 2 29 3345
 2 29 3346
 2 29 3347
 2 29 3348
 2 29 3349
 2 29 3350
 2 29 3351
 2 29 3352
 2 29 3353
 2 29 3354
 2 29 3355
 2 29 3356
 2 29 3357
 2 29 3358
 2 29 3359
 2 29 3360
 2 29 3361
 2 29 3362
 2 29 3363
 2 29 3364
 2 29 3365
 2 29 3366
 2 29 3367
 2 29 3368
 2 29 3369
 1 30   10
 1 30   69
 1 30  231
 1 30  250
 1 30  270
 1 30  309
 1 30  311
 1 30  314
 1 30  330
 1 30  388
 1 30  566
 1 30  573
 1 30  588
 1 30  849
 1 30  850
 1 30  851
 1 30  872
 1 30  895
 1 30  903
 1 30  984
 1 30 1002
 1 30 1041
 1 30 1252
 1 30 1276
 1 30 1291
 1 30 1356
 1 30 1439
 1 31   69
 1 31  123
 1 31  205
 1 31  238
 1 31  296
 1 31  448
 1 31  469
 1 31  826
 1 31  827
 1 31  850
 1 31  939
 1 31  964
 1 31  970
 1 31 1060
 1 31 1594
 1 31 1613
 2 31 2026
 2 31 2027
 2 31 2028
 2 31 2029
 2 31 2030
 2 31 2031
 2 31 2032
 2 31 2033
 2 31 2034
 2 31 2035
 2 31 2036
 2 31 2037
 2 31 2038
 2 31 2039
 2 31 2040
 2 31 2041
 2 31 2042
 2 31 2043
 2 31 2044
 2 31 2045
 2 31 2046
 2 31 2047
 2 31 2048
 2 31 2049
 2 31 2050
 2 31 2051
 2 31 2052
 2 31 2053
 2 31 2054
 2 31 2055
 2 31 2056
 2 31 2057
 2 31 2058
 2 31 2059
 2 31 2060
 2 31 2061
 2 31 2062
 2 31 2063
 2 31 2064
 2 31 2065
 2 31 2066
 2 31 2067
 2 31 2068
 2 31 2069
 2 31 2070
 2 31 2071
 2 31 2072
 2 31 2073
 2 31 2074
 2 31 2075
 2 31 2076
 2 31 2077
 2 31 2078
 2 31 2079
 2 31 2080
 2 31 2081
 2 31 2082
 2 31 2083
 2 31 2084
 2 31 2085
 2 31 2086
 2 31 2087
 2 31 2088
 2 31 2089
 2 31 2090
 2 31 2091
 2 31 2092
 2 31 2093
 2 31 2094
 2 31 2095
 2 31 2096
 2 31 2097
 2 31 2098
 2 31 2099
 2 31 2100
 2 31 2101
 2 31 2102
 2 31 2103
 2 31 2104
 2 31 2105
 2 31 2106
 2 31 2107
 2 31 2108
 2 31 2109
 2 31 2110
 2 31 2111
 2 31 2112
 2 31 2113
 2 31 2114
 2 31 2115
 2 31 2116
 2 31 2117
 2 31 2118
 2 31 2119
 2 31 2120
 2 31 2121
 2 31 2122
 2 31 2123
 2 31 2124
 2 31 2125
 2 31 2126
 2 31 2127
 2 31 2128
 2 31 2129
 2 31 2130
 2 31 2131
 2 31 2132
 2 31 2133
 2 31 2134
 2 31 2135
 2 31 2136
 2 31 2137
 2 31 2138
 2 31 2139
 2 31 2140
 2 31 2141
 2 31 2142
 2 31 2143
 2 31 2144
 2 31 2145
 2 31 2146
 2 31 2147
 2 31 2148
 2 31 2149
 2 31 2150
 2 31 2151
 2 31 2152
 2 31 2153
 2 31 2154
 2 31 2155
 2 31 2156
 2 31 2157
 2 31 2158
 2 31 2159
 2 31 2160
 2 31 2161
 2 31 2162
 2 31 2163
 2 31 2164
 2 31 2165
 2 31 2166
 2 31 2167
 2 31 2168
 2 31 2169
 2 31 2170
 2 31 2171
 2 31 2172
 2 31 2173
 2 31 2174
 2 31 2175
 2 31 2176
 2 31 2177
 2 31 2178
 2 31 2179
 2 31 2180
 2 31 2181
 2 31 2182
 2 31 2183
 2 31 2184
 2 31 2185
 2 31 2186
 2 31 2187
 2 31 2188
 2 31 2189
 2 31 2190
 2 31 2191
 2 31 2192
 2 31 2193
 2 31 2194
 2 31 2195
 2 31 2196
 2 31 2197
 2 31 2198
 2 31 2199
 2 31 2200
 2 31 2201
 2 31 2202
 2 31 2203
 2 31 2204
 2 31 2205
 2 31 2206
 2 31 2207
 2 31 2208
 2 31 2209
 2 31 2210
 2 31 2211
 2 31 2212
 2 31 2213
 2 31 2214
 2 31 2215
 2 31 2216
 2 31 2217
 2 31 2218
 2 31 2219
 2 31 2220
 2 31 2221
 2 31 2222
 2 31 2223
 2 31 2224
 2 31 2225
 2 31 2226
 2 31 2227
 2 31 2228
 2 31 2229
 2 31 2230
 2 31 2231
 2 31 2232
 2 31 2233
 2 31 2234
 2 31 2235
 2 31 2236
 2 31 2237
 2 31 2238
 2 31 2239
 2 31 2240
 2 31 2241
 2 31 2242
 2 31 2243
 2 31 2244
 2 31 2245
 2 31 2246
 2 31 2247
 2 31 2248
 2 31 2249
 2 31 2250
 2 31 2251
 2 31 2252
 2 31 2253
 2 31 2254
 2 31 2255
 2 31 2256
 2 31 2257
 2 31 2258
 2 31 2259
 2 31 2260
 2 31 2261
 2 31 2262
 2 31 2263
 2 31 2264
 2 31 2265
 2 31 2266
 2 31 2267
 2 31 2268
 2 31 2269
 2 31 2270
 2 31 2271
 2 31 2272
 2 31 2273
 2 31 2274
 2 31 2275
 2 31 2276
 2 31 2277
 2 31 2278
 2 31 2279
 2 31 2280
 2 31 2281
 2 31 2282
 2 31 2283
 2 31 2284
 2 31 2285
 2 31 2286
 2 31 2287
 2 31 2288
 2 31 2289
 2 31 2290
 2 31 2291
 2 31 2292
 2 31 2293
 2 31 2294
 2 31 2295
 2 31 2296
 2 31 2297
 2 31 2298
 2 31 2299
 2 31 2300
 2 31 2301
 2 31 2302
 2 31 2303
 2 31 2304
 2 31 2305
 2 31 2306
 2 31 2307
 2 31 2308
 2 31 2309
 2 31 2310
 2 31 2311
 2 31 2312
 2 31 2313
 2 31 2314
 2 31 2315
 2 31 2316
 2 31 2317
 2 31 2318
 2 31 2319
 2 31 2320
 2 31 2321
 2 31 2322
 2 31 2323
 2 31 2324
 2 31 2325
 2 31 2326
 2 31 2327
 2 31 2328
 2 31 2329
 2 31 2330
 2 31 2331
 2 31 2332
 2 31 2333
 2 31 2334
 2 31 2335
 2 31 2336
 2 31 2337
 2 31 2338
 2 31 2339
 2 31 2340
 2 31 2341
 2 31 2342
 2 31 2343
 2 31 2344
 2 31 2345
 2 31 2346
 2 31 2347
 2 31 2348
 2 31 2349
 2 31 2350
 2 31 2351
 2 31 2352
 2 31 2353
 2 31 2354
 2 31 2355
 2 31 2356
 2 31 2357
 2 31 2358
 2 31 2359
 2 31 2360
 2 31 2361
 2 31 2362
 2 31 2363
 2 31 2364
 2 31 2365
 2 31 2366
 2 31 2367
 2 31 2368
 2 31 2369
 2 31 2370
 2 31 2371
 2 31 2372
 2 31 2373
 2 31 2374
 2 31 2375
 2 31 2376
 2 31 2377
 2 31 2378
 2 31 2379
 2 31 2380
 2 31 2381
 2 31 2382
 2 31 2383
 2 31 2384
 2 31 2385
 2 31 2386
 2 31 2387
 2 31 2388
 2 31 2389
 2 31 2390
 2 31 2391
 2 31 2392
 2 31 2393
 2 31 2394
 2 31 2395
 2 31 2396
 2 31 2397
 2 31 2398
 2 31 2399
 2 31 2400
 2 31 2401
 2 31 2402
 2 31 2403
 2 31 2404
 2 31 2405
 2 31 2406
 2 31 2407
 2 31 2408
 2 31 2409
-1  0   23
-1  0   95
-1  0  102
-1  0  113
-1  0  176
-1  0  314
-1  0  407
-1  0  470
-1  0  666
-1  0  695
-1  0  849
-1  0  872
-1  0  888
-1  0  897
-1  0  929
-1  0  942
-1  0  965
-1  0 1084
-1  0 1118
-1  0 1147
-1  0 1149
-1  0 1158
-1  0 1198
-1  0 1211
-1  0 1229
-1  0 1328
-1  0 1329
-1  0 1330
-1  0 1338
-1  0 1347
-1  0 1356
-1  0 1357
-1  0 1383
-1  0 1384
-1  0 1385
-1  0 1410
-1  0 1411
-1  0 1412
-1  0 1413
-1  0 1415
-1  0 1438
-1  0 1439
-1  0 1440
-1  0 1441
-1  0 1452
-1  0 1475
-1  0 1479
-1  0 1507
-1  0 1509
-1  0 1619
-1  1   96
-1  1  160
-1  1  245
-1  1  306
-1  1  334
-1  1  362
-1  1  418
-1  1  448
-1  1  541
-1  1  827
-1  1  849
-1  1  850
-1  1  851
-1  1  852
-1  1  862
-1  1  863
-1  1  865
-1  1  872
-1  1  873
-1  1  874
-1  1  875
-1  1  878
-1  1  896
-1  1  897
-1  1  898
-1  1  909
-1  1  913
-1  1  920
-1  1  945
-1  1  968
-1  1  969
-1  1  986
-1  1  993
-1  1 1098
-1  1 1108
-1  1 1180
-1  1 1296
-1  1 1304
-1  1 1358
-1  1 1392
-1  1 1393
-1  1 1394
-1  1 1396
-1  1 1413
-1  1 1419
-1  1 1424
-1  1 1479
-1  1 1498
-1  2   53
-1  2  189
-1  2  212
-1  2  338
-1  2  530
-1  2  551
-1  2  650
-1  2  695
-1  2  803
-1  2  849
-1  2  850
-1  2  861
-1  2  862
-1  2  863
-1  2  864
-1  2  865
-1  2  866
-1  2 1043
-1  2 1044
-1  2 1045
-1  2 1046
-1  2 1047
-1  2 1048
-1  2 1049
-1  2 1050
-1  2 1051
-1  2 1052
-1  2 1053
-1  2 1054
-1  2 1055
-1  2 1056
-1  2 1057
-1  2 1058
-1  2 1068
-1  2 1069
-1  2 1070
-1  2 1071
-1  2 1072
-1  2 1073
-1  2 1074
-1  2 1075
-1  2 1076
-1  2 1077
-1  2 1078
-1  2 1079
-1  2 1080
-1  2 1081
-1  2 1082
-1  2 1083
-1  2 1084
-1  2 1093
-1  2 1094
-1  2 1095
-1  2 1096
-1  2 1097
-1  2 1098
-1  2 1099
-1  2 1100
-1  2 1101
-1  2 1102
-1  2 1103
-1  2 1104
-1  2 1105
-1  2 1106
-1  2 1107
-1  2 1108
-1  2 1109
-1  2 1119
-1  2 1120
-1  2 1121
-1  2 1122
-1  2 1123
-1  2 1124
-1  2 1125
-1  2 1126
-1  2 1127
-1  2 1128
-1  2 1129
-1  2 1130
-1  2 1131
-1  2 1132
-1  2 1133
-1  2 1145
-1  2 1146
-1  2 1147
-1  2 1148
-1  2 1149
-1  2 1150
-1  2 1151
-1  2 1152
-1  2 1153
-1  2 1154
-1  2 1155
-1  2 1156
-1  2 1157
-1  2 1158
-1  2 1159
-1  2 1171
-1  2 1172
-1  2 1173
-1  2 1174
-1  2 1175
-1  2 1176
-1  2 1177
-1  2 1178
-1  2 1179
-1  2 1180
-1  2 1181
-1  2 1182
-1  2 1183
-1  2 1197
-1  2 1198
-1  2 1199
-1  2 1200
-1  2 1201
-1  2 1202
-1  2 1203
-1  2 1204
-1  2 1205
-1  2 1206
-1  2 1207
-1  2 1208
-1  2 1223
-1  2 1224
-1  2 1225
-1  2 1226
-1  2 1227
-1  2 1228
-1  2 1229
-1  2 1230
-1  2 1231
-1  2 1232
-1  2 1233
-1  2 1234
-1  2 1250
-1  2 1251
-1  2 1252
-1  2 1253
-1  2 1254
-1  2 1255
-1  2 1256
-1  2 1257
-1  2 1258
-1  2 1259
-1  2 1260
-1  2 1277
-1  2 1278
-1  2 1279
-1  2 1280
-1  2 1281
-1  2 1282
-1  2 1283
-1  2 1284
-1  2 1285
-1  2 1286
-1  2 1287
-1  2 1304
-1  2 1305
-1  2 1306
-1  2 1307
-1  2 1308
-1  2 1309
-1  2 1310
-1  2 1311
-1  2 1312
-1  2 1331
-1  2 1332
-1  2 1333
-1  2 1334
-1  2 1335
-1  2 1336
-1  2 1337
-1  2 1338
-1  2 1339
-1  2 1358
-1  2 1359
-1  2 1360
-1  2 1361
-1  2 1362
-1  2 1363
-1  2 1364
-1  2 1365
-1  2 1386
-1  2 1387
-1  2 1388
-1  2 1389
-1  2 1390
-1  2 1391
-1  2 1392
-1  2 1414
-1  2 1415
-1  2 1416
-1  2 1417
-1  2 1418
-1  2 1419
-1  2 1442
-1  2 1443
-1  2 1444
-1  2 1445
-1  2 1446
-1  2 1452
-1  2 1470
-1  2 1471
-1  2 1472
-1  2 1473
-1  2 1479
-1  2 1498
-1  2 1499
-1  2 1500
-1  2 1507
-1  2 1527
-1  2 1600
-1  3    9
-1  3   10
-1  3  368
-1  3  387
-1  3  448
-1  3  461
-1  3  653
-1  3  849
-1  3  850
-1  3  859
-1  3  872
-1  3  897
-1  3  932
-1  3  945
-1  3 1019
-1  3 1105
-1  3 1116
-1  3 1138
-1  3 1191
-1  3 1209
-1  3 1295
-1  3 1307
-1  3 1356
-1  3 1381
-1  3 1398
-1  3 1438
-1  3 1447
-1  3 1473
-1  3 1479
-1  3 1532
-1  3 1595
-1  3 1626
-1  4   23
-1  4   85
-1  4  128
-1  4  193
-1  4  220
-1  4  250
-1  4  312
-1  4  376
-1  4  804
-1  4  849
-1  4  850
-1  4  851
-1  4  856
-1  4  860
-1  4  862
-1  4  872
-1  4  876
-1  4  893
-1  4  895
-1  4  896
-1  4  897
-1  4  955
-1  4 1061
-1  4 1074
-1  4 1099
-1  4 1146
-1  4 1216
-1  4 1289
-1  4 1317
-1  4 1337
-1  4 1479
-1  4 1507
-1  4 1532
-1  4 1536
-1  4 1584
-1  4 1605
-1  4 1611
-1  4 1638
-1  5  113
-1  5  222
-1  5  239
-1  5  240
-1  5  257
-1  5  258
-1  5  275
-1  5  276
-1  5  277
-1  5  293
-1  5  294
-1  5  295
-1  5  296
-1  5  312
-1  5  313
-1  5  314
-1  5  315
-1  5  421
-1  5  448
-1  5  577
-1  5  607
-1  5  678
-1  5  828
-1  5  849
-1  5  850
-1  5  862
-1  5 1061
-1  5 1479
-1  5 1507
-1  5 1614
-1  5 1615
-1  6   94
-1  6  106
-1  6  110
-1  6  127
-1  6  152
-1  6  172
-1  6  222
-1  6  241
-1  6  260
-1  6  262
-1  6  269
-1  6  448
-1  6  490
-1  6  603
-1  6  619
-1  6  620
-1  6  641
-1  6  695
-1  6  727
-1  6  800
-1  6  842
-1  6  849
-1  6  863
-1  6  868
-1  6  885
-1  6  968
-1  6 1278
-1  6 1333
-1  6 1505
-1  6 1507
-1  6 1614
-1  6 1616
-1  6 1627
-1  7   63
-1  7   94
-1  7  118
-1  7  242
-1  7  288
-1  7  324
-1  7  389
-1  7  415
-1  7  418
-1  7  480
-1  7  670
-1  7  725
-1  7  849
-1  7  850
-1  7  872
-1  7  878
-1  7  896
-1  7  963
-1  7 1020
-1  7 1450
-1  7 1479
-1  7 1496
-1  7 1500
-1  7 1507
-1  7 1545
-1  7 1579
-1  7 1613
-1  8  222
-1  8  239
-1  8  240
-1  8  257
-1  8  258
-1  8  275
-1  8  276
-1  8  277
-1  8  293
-1  8  294
-1  8  295
-1  8  296
-1  8  312
-1  8  313
-1  8  314
-1  8  315
-1  8  320
-1  8  448
-1  8  532
-1  8  555
-1  8  581
-1  8  826
-1  8  849
-1  8  850
-1  8  851
-1  8  854
-1  8  855
-1  8  861
-1  8  862
-1  8  863
-1  8  864
-1  8  865
-1  8  872
-1  8  874
-1  8  875
-1  8  885
-1  8  886
-1  8  896
-1  8  897
-1  8  899
-1  8  904
-1  8  921
-1  8  933
-1  8  946
-1  8  953
-1  8  962
-1  8 1014
-1  8 1015
-1  8 1076
-1  8 1081
-1  8 1233
-1  8 1289
-1  8 1313
-1  8 1321
-1  8 1322
-1  8 1332
-1  8 1354
-1  8 1434
-1  8 1470
-1  8 1479
-1  8 1507
-1  8 1530
-1  8 1536
-1  8 1547
-1  8 1596
-1  8 1615
-1  9   78
-1  9  175
-1  9  330
-1  9  352
-1  9  429
-1  9  448
-1  9  732
-1  9  826
-1  9  849
-1  9  850
-1  9  851
-1  9  861
-1  9  876
-1  9  896
-1  9  897
-1  9  925
-1  9  943
-1  9  949
-1  9 1058
-1  9 1062
-1  9 1064
-1  9 1123
-1  9 1209
-1  9 1566
-1  9 1590
-1  9 1595
-1 10   16
-1 10  121
-1 10  139
-1 10  284
-1 10  343
-1 10  353
-1 10  698
-1 10  702
-1 10  802
-1 10  849
-1 10  850
-1 10  851
-1 10  872
-1 10  874
-1 10  966
-1 10 1075
-1 10 1174
-1 10 1176
-1 10 1196
-1 10 1307
-1 10 1341
-1 10 1372
-1 10 1391
-1 10 1392
-1 10 1413
-1 10 1465
-1 10 1479
-1 10 1498
-1 10 1507
-1 10 1561
-1 10 1590
-1 11  123
-1 11  310
-1 11  328
-1 11  627
-1 11  648
-1 11  671
-1 11  792
-1 11  802
-1 11  817
-1 11  826
-1 11  837
-1 11  851
-1 11  852
-1 11  862
-1 11  863
-1 11  865
-1 11  875
-1 11  889
-1 11  897
-1 11  898
-1 11  899
-1 11  904
-1 11  909
-1 11  920
-1 11  968
-1 11  990
-1 11  993
-1 11 1062
-1 11 1064
-1 11 1148
-1 11 1198
-1 11 1223
-1 11 1304
-1 11 1311
-1 11 1395
-1 11 1413
-1 11 1421
-1 11 1479
-1 11 1507
-1 11 1620
-1 11 1637
-1 12    7
-1 12   15
-1 12   55
-1 12  192
-1 12  199
-1 12  200
-1 12  216
-1 12  279
-1 12  293
-1 12  332
-1 12  448
-1 12  452
-1 12  837
-1 12  849
-1 12  850
-1 12  915
-1 12 1479
-1 12 1507
-1 12 1638
-1 13   37
-1 13   99
-1 13  196
-1 13  197
-1 13  271
-1 13  338
-1 13  526
-1 13  695
-1 13  732
-1 13  758
-1 13  796
-1 13  849
-1 13  850
-1 13  896
-1 13  996
-1 13 1021
-1 13 1128
-1 13 1133
-1 13 1165
-1 13 1172
-1 13 1191
-1 13 1477
-1 13 1479
-1 13 1484
-1 14    4
-1 14   57
-1 14  199
-1 14  206
-1 14  283
-1 14  285
-1 14  308
-1 14  423
-1 14  686
-1 14  694
-1 14  710
-1 14  794
-1 14  849
-1 14  850
-1 14  851
-1 14  929
-1 14 1000
-1 14 1004
-1 14 1027
-1 14 1118
-1 14 1221
-1 14 1275
-1 14 1281
-1 14 1430
-1 14 1435
-1 14 1490
-1 14 1600
-1 14 1639
-1 15  148
-1 15  243
-1 15  343
-1 15  360
-1 15  451
-1 15  802
-1 15  850
-1 15  865
-1 15  901
-1 15  918
-1 15 1079
-1 15 1258
-1 15 1264
-1 15 1357
-1 15 1368
-1 15 1478
-1 15 1479
-1 15 1507
-1 15 1579
-1 16   14
-1 16   85
-1 16  142
-1 16  147
-1 16  163
-1 16  164
-1 16  175
-1 16  200
-1 16  236
-1 16  254
-1 16  308
-1 16  332
-1 16  517
-1 16  564
-1 16  585
-1 16  601
-1 16  774
-1 16  849
-1 16  850
-1 16  864
-1 16  872
-1 16  925
-1 16  944
-1 16 1039
-1 16 1318
-1 16 1394
-1 16 1479
-1 17   45
-1 17   61
-1 17  145
-1 17  388
-1 17  448
-1 17  744
-1 17  849
-1 17  850
-1 17  851
-1 17  864
-1 17  874
-1 17  999
-1 17 1005
-1 17 1027
-1 17 1259
-1 17 1414
-1 17 1479
-2 17 1834
-2 17 1835
-2 17 1836
-2 17 1837
-2 17 1838
-2 17 1839
-2 17 1840
-2 17 1841
-2 17 1842
-2 17 1843
-2 17 1844
-2 17 1845
-2 17 1846
-2 17 1847
-2 17 1848
-2 17 1849
-2 17 1850
-2 17 1851
-2 17 1852
-2 17 1853
-2 17 1854
-2 17 1855
-2 17 1856
-2 17 1857
-2 17 1858
-2 17 1859
-2 17 1860
-2 17 1861
-2 17 1862
-2 17 1863
-2 17 1864
-2 17 1865
-2 17 1866
-2 17 1867
-2 17 1868
-2 17 1869
-2 17 1870
-2 17 1871
-2 17 1872
-2 17 1873
-2 17 1874
-2 17 1875
-2 17 1876
-2 17 1877
-2 17 1878
-2 17 1879
-2 17 1880
-2 17 1881
-2 17 1882
-2 17 1883
-2 17 1884
-2 17 1885
-2 17 1886
-2 17 1887
-2 17 1888
-2 17 1889
-2 17 1890
-2 17 1891
-2 17 1892
-2 17 1893
-2 17 1894
-2 17 1895
-2 17 1896
-2 17 1897
-2 17 1898
-2 17 1899
-2 17 1900
-2 17 1901
-2 17 1902
-2 17 1903
-2 17 1904
-2 17 1905
-2 17 1906
-2 17 1907
-2 17 1908
-2 17 1909
-2 17 1910
-2 17 1911
-2 17 1912
-2 17 1913
-2 17 1914
-2 17 1915
-2 17 1916
-2 17 1917
-2 17 1918
-2 17 1919
-2 17 1920
-2 17 1921
-2 17 1922
-2 17 1923
-2 17 1924
-2 17 1925
-2 17 1926
-2 17 1927
-2 17 1928
-2 17 1929
-2 17 1930
-2 17 1931
-2 17 1932
-2 17 1933
-2 17 1934
-2 17 1935
-2 17 1936
-2 17 1937
-2 17 1938
-2 17 1939
-2 17 1940
-2 17 1941
-2 17 1942
-2 17 1943
-2 17 1944
-2 17 1945
-2 17 1946
-2 17 1947
-2 17 1948
-2 17 1949
-2 17 1950
-2 17 1951
-2 17 1952
-2 17 1953
-2 17 1954
-2 17 1955
-2 17 1956
-2 17 1957
-2 17 1958
-2 17 1959
-2 17 1960
-2 17 1961
-2 17 1962
-2 17 1963
-2 17 1964
-2 17 1965
-2 17 1966
-2 17 1967
-2 17 1968
-2 17 1969
-2 17 1970
-2 17 1971
-2 17 1972
-2 17 1973
-2 17 1974
-2 17 1975
-2 17 1976
-2 17 1977
-2 17 1978
-2 17 1979
-2 17 1980
-2 17 1981
-2 17 1982
-2 17 1983
-2 17 1984
-2 17 1985
-2 17 1986
-2 17 1987
-2 17 1988
-2 17 1989
-2 17 1990
-2 17 1991
-2 17 1992
-2 17 1993
-2 17 1994
-2 17 1995
-2 17 1996
-2 17 1997
-2 17 1998
-2 17 1999
-2 17 2000
-2 17 2001
-2 17 2002
-2 17 2003
-2 17 2004
-2 17 2005
-2 17 2006
-2 17 2007
-2 17 2008
-2 17 2009
-2 17 2010
-2 17 2011
-2 17 2012
-2 17 2013
-2 17 2014
-2 17 2015
-2 17 2016
-2 17 2017
-2 17 2018
-2 17 2019
-2 17 2020
-2 17 2021
-2 17 2022
-2 17 2023
-2 17 2024
-2 17 2025
-1 18  101
-1 18  103
-1 18  121
-1 18  432
-1 18  467
-1 18  802
-1 18  827
-1 18  850
-1 18  851
-1 18  852
-1 18  860
-1 18  862
-1 18  863
-1 18  864
-1 18  865
-1 18  869
-1 18  872
-1 18  874
-1 18  875
-1 18  896
-1 18  897
-1 18  898
-1 18  968
-1 18  969
-1 18  993
-1 18 1269
-1 18 1303
-1 18 1304
-1 18 1330
-1 18 1413
-1 18 1415
-1 18 1424
-1 18 1479
-1 18 1498
-1 18 1556
-1 18 1566
-1 18 1570
-1 18 1597
-1 18 1616
-1 18 1620
-1 18 1629
-1 19   14
-1 19   25
-1 19   61
-1 19   75
-1 19  232
-1 19  414
-1 19  481
-1 19  505
-1 19  736
-1 19  808
-1 19  843
-1 19  942
-1 19 1379
-1 19 1479
-1 19 1636
-1 20  290
-1 20  306
-1 20  561
-1 20  686
-1 20  756
-1 20  829
-1 20  849
-1 20  850
-1 20  851
-1 20  854
-1 20  862
-1 20  863
-1 20  864
-1 20 1199
-1 20 1201
-1 20 1250
-1 20 1262
-1 20 1295
-1 20 1313
-1 20 1333
-1 20 1334
-1 20 1343
-1 20 1394
-1 20 1400
-1 20 1475
-1 20 1479
-1 20 1487
-1 21   97
-1 21  164
-1 21  424
-1 21  657
-1 21  683
-1 21  699
-1 21  824
-1 21  826
-1 21  827
-1 21  829
-1 21  839
-1 21  840
-1 21  849
-1 21  850
-1 21  851
-1 21  854
-1 21  859
-1 21  860
-1 21  861
-1 21  862
-1 21  863
-1 21  883
-1 21  896
-1 21  909
-1 21  941
-1 21  968
-1 21 1059
-1 21 1084
-1 21 1111
-1 21 1129
-1 21 1138
-1 21 1142
-1 21 1155
-1 21 1182
-1 21 1183
-1 21 1186
-1 21 1216
-1 21 1217
-1 21 1220
-1 21 1226
-1 21 1255
-1 21 1292
-1 21 1486
-1 21 1507
-1 21 1524
-1 21 1543
-1 22   66
-1 22  110
-1 22  126
-1 22  186
-1 22  310
-1 22  325
-1 22  326
-1 22  369
-1 22  849
-1 22  850
-1 22  851
-1 22  861
-1 22  862
-1 22  863
-1 22  875
-1 22 1014
-1 22 1022
-1 22 1050
-1 22 1126
-1 22 1183
-1 22 1189
-1 22 1226
-1 22 1310
-1 22 1365
-1 22 1406
-1 22 1425
-1 22 1442
-1 22 1448
-1 22 1456
-1 22 1479
-1 22 1505
-1 22 1507
-1 22 1576
-1 22 1586
-1 23  448
-1 23  479
-1 23  857
-1 23  860
-1 23  861
-1 23  862
-1 23  863
-1 23  864
-1 23  872
-1 23  875
-1 23  878
-1 23  882
-1 23  883
-1 23  887
-1 23  897
-1 23  898
-1 23  904
-1 23  905
-1 23  909
-1 23  920
-1 23  922
-1 23  944
-1 23  945
-1 23  957
-1 23  968
-1 23  969
-1 23  978
-1 23  993
-1 23  994
-1 23 1098
-1 23 1162
-1 23 1304
-1 23 1312
-1 23 1317
-1 23 1331
-1 23 1349
-1 23 1367
-1 23 1386
-1 23 1392
-1 23 1413
-1 23 1415
-1 23 1421
-1 23 1429
-1 23 1451
-1 23 1453
-1 23 1465
-1 23 1466
-1 23 1467
-1 23 1479
-1 23 1480
-1 23 1484
-1 23 1498
-1 23 1505
-1 23 1507
-1 23 1581
-1 23 1597
-1 23 1637
-1 24   63
-1 24  135
-1 24  154
-1 24  182
-1 24  274
-1 24  328
-1 24  346
-1 24  348
-1 24  611
-1 24  738
-1 24  849
-1 24  850
-1 24  851
-1 24  852
-1 24  853
-1 24  854
-1 24  856
-1 24  862
-1 24  863
-1 24  865
-1 24  870
-1 24  872
-1 24  873
-1 24  874
-1 24  875
-1 24  885
-1 24  887
-1 24  896
-1 24  897
-1 24  899
-1 24  918
-1 24  968
-1 24 1098
-1 24 1159
-1 24 1299
-1 24 1304
-1 24 1375
-1 24 1387
-1 24 1413
-1 24 1479
-1 24 1507
-1 24 1513
-1 24 1556
-1 24 1582
-1 24 1583
-1 24 1597
-1 24 1615
-1 24 1629
-1 24 1638
-2 24 2026
-2 24 2027
-2 24 2028
-2 24 2029
-2 24 2030
-2 24 2031
-2 24 2032
-2 24 2033
-2 24 2034
-2 24 2035
-2 24 2036
-2 24 2037
-2 24 2038
-2 24 2039
-2 24 2040
-2 24 2041
-2 24 2042
-2 24 2043
-2 24 2044
-2 24 2045
-2 24 2046
-2 24 2047
-2 24 2048
-2 24 2049
-2 24 2050
-2 24 2051
-2 24 2052
-2 24 2053
-2 24 2054
-2 24 2055
-2 24 2056
-2 24 2057
-2 24 2058
-2 24 2059
-2 24 2060
-2 24 2061
-2 24 2062
-2 24 2063
-2 24 2064
-2 24 2065
-2 24 2066
-2 24 2067
-2 24 2068
-2 24 2069
-2 24 2070
-2 24 2071
-2 24 2072
-2 24 2073
-2 24 2074
-2 24 2075
-2 24 2076
-2 24 2077
-2 24 2078
-2 24 2079
-2 24 2080
-2 24 2081
-2 24 2082
-2 24 2083
-2 24 2084
-2 24 2085
-2 24 2086
-2 24 2087
-2 24 2088
-2 24 2089
-2 24 2090
-2 24 2091
-2 24 2092
-2 24 2093
-2 24 2094
-2 24 2095
-2 24 2096
-2 24 2097
-2 24 2098
-2 24 2099
-2 24 2100
-2 24 2101
-2 24 2102
-2 24 2103
-2 24 2104
-2 24 2105
-2 24 2106
-2 24 2107
-2 24 2108
-2 24 2109
-2 24 2110
-2 24 2111
-2 24 2112
-2 24 2113
-2 24 2114
-2 24 2115
-2 24 2116
-2 24 2117
-2 24 2118
-2 24 2119
-2 24 2120
-2 24 2121
-2 24 2122
-2 24 2123
-2 24 2124
-2 24 2125
-2 24 2126
-2 24 2127
-2 24 2128
-2 24 2129
-2 24 2130
-2 24 2131
-2 24 2132
-2 24 2133
-2 24 2134
-2 24 2135
-2 24 2136
-2 24 2137
-2 24 2138
-2 24 2139
-2 24 2140
-2 24 2141
-2 24 2142
-2 24 2143
-2 24 2144
-2 24 2145
-2 24 2146
-2 24 2147
-2 24 2148
-2 24 2149
-2 24 2150
-2 24 2151
-2 24 2152
-2 24 2153
-2 24 2154
-2 24 2155
-2 24 2156
-2 24 2157
-2 24 2158
-2 24 2159
-2 24 2160
-2 24 2161
-2 24 2162
-2 24 2163
-2 24 2164
-2 24 2165
-2 24 2166
-2 24 2167
-2 24 2168
-2 24 2169
-2 24 2170
-2 24 2171
-2 24 2172
-2 24 2173
-2 24 2174
-2 24 2175
-2 24 2176
-2 24 2177
-2 24 2178
-2 24 2179
-2 24 2180
-2 24 2181
-2 24 2182
-2 24 2183
-2 24 2184
-2 24 2185
-2 24 2186
-2 24 2187
-2 24 2188
-2 24 2189
-2 24 2190
-2 24 2191
-2 24 2192
-2 24 2193
-2 24 2194
-2 24 2195
-2 24 2196
-2 24 2197
-2 24 2198
-2 24 2199
-2 24 2200
-2 24 2201
-2 24 2202
-2 24 2203
-2 24 2204
-2 24 2205
-2 24 2206
-2 24 2207
-2 24 2208
-2 24 2209
-2 24 2210
-2 24 2211
-2 24 2212
-2 24 2213
-2 24 2214
-2 24 2215
-2 24 2216
-2 24 2217
-2 24 2218
-2 24 2219
-2 24 2220
-2 24 2221
-2 24 2222
-2 24 2223
-2 24 2224
-2 24 2225
-2 24 2226
-2 24 2227
-2 24 2228
-2 24 2229
-2 24 2230
-2 24 2231
-2 24 2232
-2 24 2233
-2 24 2234
-2 24 2235
-2 24 2236
-2 24 2237
-2 24 2238
-2 24 2239
-2 24 2240
-2 24 2241
-2 24 2242
-2 24 2243
-2 24 2244
-2 24 2245
-2 24 2246
-2 24 2247
-2 24 2248
-2 24 2249
-2 24 2250
-2 24 2251
-2 24 2252
-2 24 2253
-2 24 2254
-2 24 2255
-2 24 2256
-2 24 2257
-2 24 2258
-2 24 2259
-2 24 2260
-2 24 2261
-2 24 2262
-2 24 2263
-2 24 2264
-2 24 2265
-2 24 2266
-2 24 2267
-2 24 2268
-2 24 2269
-2 24 2270
-2 24 2271
-2 24 2272
-2 24 2273
-2 24 2274
-2 24 2275
-2 24 2276
-2 24 2277
-2 24 2278
-2 24 2279
-2 24 2280
-2 24 2281
-2 24 2282
-2 24 2283
-2 24 2284
-2 24 2285
-2 24 2286
-2 24 2287
-2 24 2288
-2 24 2289
-2 24 2290
-2 24 2291
-2 24 2292
-2 24 2293
-2 24 2294
-2 24 2295
-2 24 2296
-2 24 2297
-2 24 2298
-2 24 2299
-2 24 2300
-2 24 2301
-2 24 2302
-2 24 2303
-2 24 2304
-2 24 2305
-2 24 2306
-2 24 2307
-2 24 2308
-2 24 2309
-2 24 2310
-2 24 2311
-2 24 2312
-2 24 2313
-2 24 2314
-2 24 2315
-2 24 2316
-2 24 2317
-2 24 2318
-2 24 2319
-2 24 2320
-2 24 2321
-2 24 2322
-2 24 2323
-2 24 2324
-2 24 2325
-2 24 2326
-2 24 2327
-2 24 2328
-2 24 2329
-2 24 2330
-2 24 2331
-2 24 2332
-2 24 2333
-2 24 2334
-2 24 2335
-2 24 2336
-2 24 2337
-2 24 2338
-2 24 2339
-2 24 2340
-2 24 2341
-2 24 2342
-2 24 2343
-2 24 2344
-2 24 2345
-2 24 2346
-2 24 2347
-2 24 2348
-2 24 2349
-2 24 2350
-2 24 2351
-2 24 2352
-2 24 2353
-2 24 2354
-2 24 2355
-2 24 2356
-2 24 2357
-2 24 2358
-2 24 2359
-2 24 2360
-2 24 2361
-2 24 2362
-2 24 2363
-2 24 2364
-2 24 2365
-2 24 2366
-2 24 2367
-2 24 2368
-2 24 2369
-2 24 2370
-2 24 2371
-2 24 2372
-2 24 2373
-2 24 2374
-2 24 2375
-2 24 2376
-2 24 2377
-2 24 2378
-2 24 2379
-2 24 2380
-2 24 2381
-2 24 2382
-2 24 2383
-2 24 2384
-2 24 2385
-2 24 2386
-2 24 2387
-2 24 2388
-2 24 2389
-2 24 2390
-2 24 2391
-2 24 2392
-2 24 2393
-2 24 2394
-2 24 2395
-2 24 2396
-2 24 2397
-2 24 2398
-2 24 2399
-2 24 2400
-2 24 2401
-2 24 2402
-2 24 2403
-2 24 2404
-2 24 2405
-2 24 2406
-2 24 2407
-2 24 2408
-2 24 2409
-1 25  103
-1 25  205
-1 25  275
-1 25  311
-1 25  515
-1 25  575
-1 25  663
-1 25  767
-1 25  849
-1 25  850
-1 25  851
-1 25  862
-1 25  863
-1 25  864
-1 25  865
-1 25  871
-1 25  913
-1 25  916
-1 25  974
-1 25 1231
-1 25 1233
-1 25 1261
-1 25 1359
-1 25 1386
-1 25 1405
-1 25 1411
-1 25 1446
-1 25 1470
-1 25 1472
-1 25 1479
-1 25 1490
-1 25 1507
-1 25 1587
-1 25 1601
-1 25 1617
-1 26   61
-1 26  170
-1 26  241
-1 26  475
-1 26  626
-1 26  663
-1 26  706
-1 26  780
-1 26  849
-1 26  850
-1 26  851
-1 26  852
-1 26  862
-1 26  863
-1 26  865
-1 26  871
-1 26  872
-1 26  873
-1 26  874
-1 26  875
-1 26  896
-1 26  897
-1 26  898
-1 26  910
-1 26  920
-1 26  943
-1 26 1059
-1 26 1068
-1 26 1148
-1 26 1149
-1 26 1151
-1 26 1233
-1 26 1260
-1 26 1357
-1 26 1430
-1 26 1470
-1 26 1614
-1 26 1615
-1 26 1616
-1 27   74
-1 27  225
-1 27  272
-1 27  279
-1 27  308
-1 27  331
-1 27  388
-1 27  601
-1 27  663
-1 27  686
-1 27  732
-1 27  755
-1 27  829
-1 27  831
-1 27  849
-1 27  850
-1 27  951
-1 27  992
-1 27 1009
-1 27 1024
-1 27 1033
-1 27 1055
-1 27 1099
-1 27 1155
-1 27 1158
-1 27 1234
-1 27 1394
-1 27 1401
-1 27 1406
-1 27 1456
-1 27 1479
-1 27 1482
-1 27 1507
-1 27 1524
-1 27 1569
-1 27 1594
-1 28  222
-1 28  239
-1 28  240
-1 28  250
-1 28  254
-1 28  257
-1 28  258
-1 28  275
-1 28  276
-1 28  277
-1 28  285
-1 28  293
-1 28  294
-1 28  295
-1 28  296
-1 28  302
-1 28  303
-1 28  312
-1 28  313
-1 28  314
-1 28  315
-1 28  422
-1 28  428
-1 28  577
-1 28  620
-1 28  826
-1 28  849
-1 28  850
-1 28 1223
-1 28 1242
-1 28 1514
-1 29   21
-1 29   58
-1 29  146
-1 29  183
-1 29  188
-1 29  193
-1 29  213
-1 29  301
-1 29  479
-1 29  573
-1 29  849
-1 29  850
-1 29  862
-1 29  863
-1 29  869
-1 29  871
-1 29  895
-1 29  896
-1 29 1019
-1 29 1056
-1 29 1082
-1 29 1166
-1 29 1228
-1 29 1300
-1 29 1338
-1 29 1427
-1 29 1457
-1 29 1479
-1 29 1507
-1 29 1614
-1 30  231
-1 30  309
-1 30  311
-1 30  314
-1 30  388
-1 30  566
-1 30  573
-1 30  588
-1 30  849
-1 30  850
-1 30  851
-1 30  872
-1 30  895
-1 30  903
-1 30  984
-1 30 1002
-1 30 1041
-1 30 1252
-1 30 1276
-1 30 1280
-1 30 1291
-1 30 1314
-1 30 1356
-1 30 1439
-1 30 1479
-1 30 1507
-1 31  230
-1 31  296
-1 31  448
-1 31  469
-1 31  821
-1 31  826
-1 31  827
-1 31  850
-1 31  939
-1 31  964
-1 31  970
-1 31 1060
-1 31 1372
-1 31 1479
-1 31 1594
-1 31 1613
