# m_xPositionInitIP 0
# m_yPositionInitIP 0
# m_zPositionInitIP 0
# m_xSlopeInitIP 0
# m_ySlopeInitIP -0.00017
# m_nominalEnergy 6500
# m_minimumPolynomialDegree 3
# m_maximumPolynomialDegree 5
# m_detectorPosition 205.217
# m_opticsDir FPTracker_twiss/R2_2017_13TeV_beta040_-170murad_ATS/
# m_xPositionAccuracy 1e-07
# m_yPositionAccuracy 1e-07
# m_xAngleAccuracy 1e-08
# m_yAngleAccuracy 1e-08
@
5 2.1558698306559635031e-07 -0.11945296553257295225 -0.14091861102631708658 -0.1627917896561945077 -0.16315940962331904052 -0.31237681300062353218 
3 -3.7536288259208494544 -3.8982818863691495181 0.082984316472528879549 20.630308533362356371 
0 0
0 0
4 5.4445624983007174791 -291.466531867049639 -294.07724231775722501 -234.18991023876171198 267.37018963253399306 
0 0
0 0
0 0
@
5 -0.00030866053854438745951 0.071098093450705862617 0.17818255201363994433 0.32033178670132950172 0.40521745203177006456 1.067406818671835067 
0 0
3 -3.6276103111757334041 -12.075262628015241972 -18.496072553615658052 -36.36270257774621939 
0 0
0 0
4 12.446032522836164347 -423.21518926920316517 -639.15652235041920903 -750.04359985802273059 -1395.3917582599058278 
0 0
0 0
@
5 1.420334030199207175e-09 -0.00010411494249471924542 -8.8486226935940748587e-05 5.5862260638700659914e-05 0.00018985760400045903159 0.0013683460012175437462 
3 -0.021984177515370025013 -0.0075480654393632138494 0.024790924223389951275 0.14026008273894119416 
0 0
0 0
4 -0.23453037354430472661 -1.4507176950384053082 -0.90266435120341481646 -0.015663721642068841045 4.5746502090081495595 
0 0
0 0
0 0
@
5 1.5330591652603138298e-05 0.00040142951331286001303 0.00084734647025769120089 0.0011095503963259457491 0.001313292611000233456 -0.0020403924491684153827 
0 0
3 -0.027055272933782938127 -0.059805373844189504973 -0.074022220413864220356 -0.018040605996499640973 
0 0
0 0
4 -0.18282907567280198835 -2.3447167217795445993 -2.6867324060494301996 -2.4156329135199907654 4.7668753768112264169 
0 0
0 0
