# m_xPositionInitIP 0
# m_yPositionInitIP 0
# m_zPositionInitIP 0
# m_xSlopeInitIP 0
# m_ySlopeInitIP -0.00017
# m_nominalEnergy 6500
# m_minimumPolynomialDegree 3
# m_maximumPolynomialDegree 5
# m_detectorPosition 205.217
# m_opticsDir FPTracker_twiss/R2_2017_13TeV_beta040_-170murad_ATS/
# m_xPositionAccuracy 1e-07
# m_yPositionAccuracy 1e-07
# m_xAngleAccuracy 1e-08
# m_yAngleAccuracy 1e-08
@
5 2.1573242032984919196e-07 -0.11923847458148756351 -0.14073629090733069669 -0.16290642683239389688 -0.16354976503278711997 -0.31518839305929424732 
3 -3.7548048878491990799 -3.8930826789663957044 -0.1515328278802194617 21.869784400653948353 
0 0
0 0
4 -5.3346584965506833598 291.55312653802474188 293.82910351610763655 244.32543649550555642 -297.69911049691285143 
0 0
0 0
0 0
@
5 -0.00036871341207186231464 0.071375477928713723652 0.17956354350363290528 0.32439444864285149617 0.41084054661680796672 1.1005048346952095439 
0 0
3 -3.6416319358055249111 -12.170023530882431828 -18.494432548356527946 -38.377255585291422335 
0 0
0 0
4 -12.627428704412492877 425.01266110131103915 646.20514214308866485 754.31616332543171666 1471.4459098031834401 
0 0
0 0
@
5 -1.6162907969962183605e-09 0.00020875939025346882077 0.00032706737829632948761 0.00035327611516770276393 0.00031100639755952594594 3.2688003747084493642e-05 
3 0.025320354339960927242 0.014533226618717471137 -0.015496688467057186112 -0.16228129989376446907 
0 0
0 0
4 -0.23036608634139488228 -1.7040288627336488414 -1.433803788213876107 -0.83527068264075476911 3.9544933583230683638 
0 0
0 0
0 0
@
5 -1.4054065160764546842e-05 -0.00035031062852745425669 -0.00068072567797310460334 -0.00074800009018620634317 -0.00080907263174858300679 0.0035772865752578355582 
0 0
3 0.024476302964240654464 0.049164351497918076794 0.054496176655052942783 -0.039718906544109845724 
0 0
0 0
4 -0.18971627500168519731 -2.054711303061312222 -1.9909280512937848062 -1.4948792446413046164 7.3806414804432405319 
0 0
0 0
