# m_xPositionInitIP 0
# m_yPositionInitIP 0
# m_zPositionInitIP 0
# m_xSlopeInitIP 0
# m_ySlopeInitIP -0.000185
# m_nominalEnergy 6500
# m_minimumPolynomialDegree 3
# m_maximumPolynomialDegree 6
# m_detectorPosition 205.217
# m_opticsDir optics
# m_xPositionAccuracy 5e-05
# m_yPositionAccuracy 0.00025
# m_xAngleAccuracy 1e-06
# m_yAngleAccuracy 1e-06
@
5 1.4454660044108092811e-07 -0.06308117959913737971 -0.027307965063433040087 0.010673590762781754587 0.043709974379572559544 0.14237206824355524981 
5 -3.1126161105161260778 -10.322911073454317687 -15.481743228431364301 -18.650561782504055941 -18.648838880195082623 -16.839564332185133821 
0 0
0 0
5 -17.235827886018281419 380.39083118182486487 524.56589936724640211 595.73932471788168641 583.93573714822446163 405.09005187896275402 
0 0
0 0
0 0
@
5 -5.0636679141719931924e-06 4.1751094005894039151e-06 1.8974040155751972152e-05 4.0281494867373238058e-05 6.0888951503169661613e-05 0.00015780633747526469292 
0 0
5 -3.9866318002630953821 -4.2331242772279242814 0.8907144266718111103 11.402109107131312982 23.613040948746387926 81.79960599856559611 
0 0
0 0
5 -5.0640441564477436387 302.89703428183997858 315.44852918994155289 214.0872876929628319 34.880308819935315512 -784.35167342648082922 
0 0
0 0
@
5 -1.149749691511395205e-09 -0.00051933046666214916637 -0.0012743730133453583242 -0.002282555939835536566 -0.0031932492293110653625 -0.0074722547971294043731 
5 0.02255210603699035754 0.036895416284588748723 0.0040019122125118759825 -0.11111451661171525829 -0.2657149614038566976 -1.2392213910504830121 
0 0
0 0
5 -0.19639147553090294251 -1.9004131536321791085 -1.0111039387635369913 2.4696392415025636424 7.1981908460839294506 36.056563009127401642 
0 0
0 0
0 0
@
5 -2.2644628932047846691e-07 -2.5353257687911971505e-07 -2.8891472781800100448e-07 -3.0605104915801570141e-07 -2.8414631366016602359e-07 -9.3344593960037199976e-08 
0 0
5 0.019204247371642731157 -0.00067190943975136828859 -0.042029096243921537646 -0.093333041026193275247 -0.13449674548173973232 -0.16570500007371663509 
0 0
0 0
5 -0.22644400494743327501 -1.2195085006515868908 -0.27797387674730122953 1.486432713966407082 3.4042378042129692872 8.8566421950370646243 
0 0
0 0
