# m_xPositionInitIP 0
# m_yPositionInitIP 0
# m_zPositionInitIP 0
# m_xSlopeInitIP 0
# m_ySlopeInitIP -0.000185
# m_nominalEnergy 6500
# m_minimumPolynomialDegree 3
# m_maximumPolynomialDegree 6
# m_detectorPosition 205.217
# m_opticsDir optics
# m_xPositionAccuracy 5e-05
# m_yPositionAccuracy 0.00025
# m_xAngleAccuracy 1e-06
# m_yAngleAccuracy 1e-06
@
5 2.2792080761324029437e-07 -0.12837231752384312133 -0.15669641333159825547 -0.18246475613210813571 -0.19523982503312359293 -0.30446738472191386959 
5 -3.9979887525434611995 -4.2368821461713999099 0.94036700898619940414 11.49712596420841848 24.075005133725102979 80.317568375810225234 
0 0
0 0
5 5.4429895966246943928 -303.84513716474157263 -315.42954640481781325 -207.69772661087574761 -61.398572935325390176 950.21789892461970339 
0 0
0 0
0 0
@
5 1.319073145645099713e-05 6.3920301614532070881e-06 -2.7044502136022033997e-06 -1.358266425788941237e-05 -2.3362810515792730814e-05 -5.4853889125037150361e-05 
0 0
5 -3.0296023740540998226 -9.844876087532453468 -14.168831229441122943 -15.853354733174951363 -14.261958430851924717 -3.4740213183848966949 
0 0
0 0
5 16.164050222024371806 -370.02763932838576011 -489.22359131520352094 -517.34402698280041477 -442.60443275520231055 -74.087991938830327854 
0 0
0 0
@
5 6.5153690512744420484e-10 0.00027987906758524552743 0.00093548590001699203755 0.0019821789639293103079 0.0030765357309837427537 0.0077616167071184252735 
5 -0.0088421808378692408337 0.023748719838029255097 0.066338154416827541104 0.090231375425328469442 0.081797432533899094853 -0.24240739874730959924 
0 0
0 0
5 -0.23808653671237012261 -0.45201433167930671342 1.4396038342777248698 4.0299717488424322553 6.2307882731178159119 10.860899909634611049 
0 0
0 0
0 0
@
5 -3.9141730535030426432e-08 -1.8304306189379550834e-07 -4.1487547467666107096e-07 -7.3366981249700921859e-07 -1.0358008517729221311e-06 -2.2766029450601566305e-06 
0 0
5 -0.026849008828335362703 -0.051227688717871734669 -0.022853026094190227041 0.10545180601746211024 0.30322749147866773223 1.447748764098974128 
0 0
0 0
5 -0.18682700729065235268 -2.3988179120043837678 -1.8044145100729671594 1.9689144109514409298 7.9889027876711615761 41.736381907321224105 
0 0
0 0
