 -0.144294 -0.262485 0.00376176 0.244989 1647364096 
 -0.220875 -0.483472 0.00376176 0.244989 1646839808 
 -0.430364 -0.670981 0.00376176 0.244989 1646315520 
 -0.622691 -0.802929 0.00376176 0.244989 1645791232 
 -0.753786 -0.919059 0.00376176 0.244989 1645266944 
 -0.873727 -1.06247 0.00376176 0.244989 1644726272 
 -1.01926 -1.10596 0.00376176 0.244989 1664663552 
 -0.0222469 -0.229721 0.209363 0.390314 1664139264 
 -0.193134 -0.443501 0.209363 0.390314 1663614976 
 -0.396675 -0.601246 0.209363 0.390314 1663090688 
 -0.551427 -0.767351 0.209363 0.390314 1662566400 
 -0.717651 -0.862547 0.209363 0.390314 1662042112 
 -0.810702 -1.01336 0.209363 0.390314 1664665600 
 -0.0222469 -0.229721 0.396252 0.577164 1664141312 
 -0.193134 -0.443443 0.396252 0.577164 1663617024 
 -0.396675 -0.601246 0.396252 0.577164 1663092736 
 -0.551427 -0.767261 0.396252 0.577164 1662568448 
 -0.717651 -0.862547 0.396252 0.577164 1662044160 
 -0.810702 -1.01336 0.396252 0.577164 1647951872 
 -0.0613643 -0.263526 0.541683 0.782866 1647427584 
 -0.215688 -0.497022 0.541683 0.782866 1646903296 
 -0.430006 -0.670464 0.541683 0.782866 1646379008 
 -0.622202 -0.802344 0.541683 0.782866 1645854720 
 -0.753226 -0.918422 0.541683 0.782866 1645330432 
 -0.87311 -1.05067 0.541683 0.782866 1644789760 
 -1.01859 -1.10525 0.541683 0.782866 1647953920 
 -0.0613643 -0.263526 0.789355 1.03028 1647429632 
 -0.215688 -0.497022 0.789355 1.03028 1646905344 
 -0.430006 -0.670464 0.789355 1.03028 1646381056 
 -0.622202 -0.802344 0.789355 1.03028 1645856768 
 -0.753226 -0.918422 0.789355 1.03028 1645332480 
 -0.87311 -1.05067 0.789355 1.03028 1644791808 
 -1.01859 -1.10525 0.789355 1.03028 1664729088 
 -0.0222232 -0.229479 0.994719 1.17547 1664204800 
 -0.192929 -0.443051 0.994719 1.17547 1663680512 
 -0.396271 -0.600669 0.994719 1.17547 1663156224 
 -0.55089 -0.766654 0.994719 1.17547 1662631936 
 -0.716995 -0.861803 0.994719 1.17547 1662107648 
 -0.809987 -1.01253 0.994719 1.17547 1664731136 
 -0.0222232 -0.229479 1.1814 1.36214 1664206848 
 -0.192929 -0.443017 1.1814 1.36214 1663682560 
 -0.396271 -0.600669 1.1814 1.36214 1663158272 
 -0.55089 -0.766601 1.1814 1.36214 1662633984 
 -0.716995 -0.861803 1.1814 1.36214 1662109696 
 -0.809987 -1.01253 1.1814 1.36214 1648017408 
 -0.0610775 -0.263114 1.32665 1.56755 1647493120 
 -0.215304 -0.496715 1.32665 1.56755 1646968832 
 -0.429735 -0.670074 1.32665 1.56755 1646444544 
 -0.621834 -0.801903 1.32665 1.56755 1645920256 
 -0.752804 -0.917941 1.32665 1.56755 1645395968 
 -0.872644 -1.05015 1.32665 1.56755 1644855296 
 -1.01808 -1.10471 1.32665 1.56755 1648019456 
 -0.0610775 -0.263114 1.57404 1.81494 1647495168 
 -0.215304 -0.496715 1.57404 1.81494 1646970880 
 -0.429735 -0.670074 1.57404 1.81494 1646446592 
 -0.621834 -0.801903 1.57404 1.81494 1645922304 
 -0.752804 -0.917941 1.57404 1.81494 1645398016 
 -0.872644 -1.05015 1.57404 1.81494 1644857344 
 -1.01808 -1.10471 1.57404 1.81494 1664794624 
 -0.0222232 -0.229479 1.77946 1.96019 1664270336 
 -0.192929 -0.443017 1.77946 1.96019 1663746048 
 -0.396271 -0.600669 1.77946 1.96019 1663221760 
 -0.55089 -0.766601 1.77946 1.96019 1662697472 
 -0.716995 -0.861803 1.77946 1.96019 1662173184 
 -0.809987 -1.01253 1.77946 1.96019 1664796672 
 -0.0222232 -0.229479 1.96612 2.14687 1664272384 
 -0.192929 -0.443051 1.96612 2.14687 1663748096 
 -0.396271 -0.600669 1.96612 2.14687 1663223808 
 -0.55089 -0.766654 1.96612 2.14687 1662699520 
 -0.716995 -0.861803 1.96612 2.14687 1662175232 
 -0.809987 -1.01253 1.96612 2.14687 1648082944 
 -0.144005 -0.262101 2.11131 2.35224 1647558656 
 -0.220524 -0.483076 2.11131 2.35224 1647034368 
 -0.430006 -0.670464 2.11131 2.35224 1646510080 
 -0.622202 -0.802344 2.11131 2.35224 1645985792 
 -0.753226 -0.918422 2.11131 2.35224 1645461504 
 -0.87311 -1.06177 2.11131 2.35224 1644920832 
 -1.01859 -1.10525 2.11131 2.35224 1648084992 
 -0.144005 -0.262101 2.35873 2.59991 1647560704 
 -0.220524 -0.483076 2.35873 2.59991 1647036416 
 -0.430006 -0.670464 2.35873 2.59991 1646512128 
 -0.622202 -0.802344 2.35873 2.59991 1645987840 
 -0.753226 -0.918422 2.35873 2.59991 1645463552 
 -0.87311 -1.06177 2.35873 2.59991 1644922880 
 -1.01859 -1.10525 2.35873 2.59991 1664860160 
 -0.0222469 -0.229721 2.56443 2.74534 1664335872 
 -0.193134 -0.443443 2.56443 2.74534 1663811584 
 -0.396675 -0.601246 2.56443 2.74534 1663287296 
 -0.551427 -0.767261 2.56443 2.74534 1662763008 
 -0.706989 -0.862547 2.56443 2.74534 1662238720 
 -0.810702 -1.01336 2.56443 2.74534 1664862208 
 -0.0222469 -0.229721 2.75128 2.93223 1664337920 
 -0.193134 -0.443501 2.75128 2.93223 1663813632 
 -0.396675 -0.601246 2.75128 2.93223 1663289344 
 -0.551427 -0.767351 2.75128 2.93223 1662765056 
 -0.706989 -0.862547 2.75128 2.93223 1662240768 
 -0.810702 -1.01336 2.75128 2.93223 1648148480 
 -0.0965542 -0.262177 2.8966 3.13783 1647624192 
 -0.215986 -0.483472 2.8966 3.13783 1647099904 
 -0.430364 -0.670981 2.8966 3.13783 1646575616 
 -0.622691 -0.802929 2.8966 3.13783 1646051328 
 -0.753786 -0.919059 2.8966 3.13783 1645527040 
 -0.873727 -1.05136 2.8966 3.13783 1644986368 
 -1.01926 -1.10596 2.8966 3.13783 1648150528 
 -0.0965542 -0.262177 -3.13886 -2.89757 1647626240 
 -0.215986 -0.483472 -3.13886 -2.89757 1647101952 
 -0.430364 -0.670981 -3.13886 -2.89757 1646577664 
 -0.622691 -0.802929 -3.13886 -2.89757 1646053376 
 -0.753786 -0.919059 -3.13886 -2.89757 1645529088 
 -0.873727 -1.05136 -3.13886 -2.89757 1644988416 
 -1.01926 -1.10596 -3.13886 -2.89757 1664925696 
 -0.0222545 -0.229799 -2.93309 -2.75211 1664401408 
 -0.193199 -0.443601 -2.93309 -2.75211 1663877120 
 -0.396805 -0.601431 -2.93309 -2.75211 1663352832 
 -0.5516 -0.767505 -2.93309 -2.75211 1662828544 
 -0.717862 -0.862786 -2.93309 -2.75211 1662304256 
 -0.810931 -1.01362 -2.93309 -2.75211 1664927744 
 -0.0222545 -0.229799 -2.74617 -2.56517 1664403456 
 -0.193199 -0.443625 -2.74617 -2.56517 1663879168 
 -0.396805 -0.601431 -2.74617 -2.56517 1663354880 
 -0.5516 -0.767542 -2.74617 -2.56517 1662830592 
 -0.717862 -0.862786 -2.74617 -2.56517 1662306304 
 -0.810931 -1.01362 -2.74617 -2.56517 1648214016 
 -0.0963349 -0.261939 -2.60077 -2.35946 1647689728 
 -0.215753 -0.483404 -2.60077 -2.35946 1647165440 
 -0.430303 -0.670893 -2.60077 -2.35946 1646641152 
 -0.622607 -0.802828 -2.60077 -2.35946 1646116864 
 -0.75369 -0.91895 -2.60077 -2.35946 1645592576 
 -0.873621 -1.05124 -2.60077 -2.35946 1645051904 
 -1.01915 -1.10584 -2.60077 -2.35946 1648216064 
 -0.0963349 -0.261939 -2.35296 -2.11183 1647691776 
 -0.215753 -0.483404 -2.35296 -2.11183 1647167488 
 -0.430303 -0.670893 -2.35296 -2.11183 1646643200 
 -0.622607 -0.802828 -2.35296 -2.11183 1646118912 
 -0.75369 -0.91895 -2.35296 -2.11183 1645594624 
 -0.873621 -1.05124 -2.35296 -2.11183 1645053952 
 -1.01915 -1.10584 -2.35296 -2.11183 1748877312 
 -0.098376 -0.22801 -2.14735 -1.96646 1748881408 
 -0.174746 -0.332336 -2.14735 -1.96646 1748353024 
 -0.513778 -0.68124 -2.14735 -1.96646 1747828736 
 -0.673001 -0.946575 -2.14735 -1.96646 1748879360 
 -0.098376 -0.22801 -1.96053 -1.77964 1748883456 
 -0.174746 -0.332336 -1.96053 -1.77964 1748355072 
 -0.513778 -0.68124 -1.96053 -1.77964 1747830784 
 -0.673001 -0.946575 -1.96053 -1.77964 1648279552 
 -0.025877 -0.263989 -1.81518 -1.57404 1647755264 
 -0.222168 -0.48324 -1.81518 -1.57404 1647230976 
 -0.430154 -0.670678 -1.81518 -1.57404 1646706688 
 -0.648316 -0.918686 -1.81518 -1.57404 1646182400 
 -0.873366 -1.05095 -1.81518 -1.57404 1645641728 
 -1.01887 -1.10554 -1.81518 -1.57404 1648281600 
 -0.025877 -0.263989 -1.56755 -1.32641 1647757312 
 -0.222168 -0.48324 -1.56755 -1.32641 1647233024 
 -0.430154 -0.670678 -1.56755 -1.32641 1646708736 
 -0.648316 -0.918686 -1.56755 -1.32641 1646184448 
 -0.873366 -1.05095 -1.56755 -1.32641 1645643776 
 -1.01887 -1.10554 -1.56755 -1.32641 1748942848 
 -0.098376 -0.22801 -1.36195 -1.18106 1748946944 
 -0.174746 -0.332336 -1.36195 -1.18106 1748418560 
 -0.513778 -0.68124 -1.36195 -1.18106 1747894272 
 -0.673001 -0.946575 -1.36195 -1.18106 1748944896 
 -0.098376 -0.22801 -1.17513 -0.99424 1748948992 
 -0.174746 -0.332336 -1.17513 -0.99424 1748420608 
 -0.513778 -0.68124 -1.17513 -0.99424 1747896320 
 -0.673001 -0.946575 -1.17513 -0.99424 1648345088 
 -0.0963349 -0.261939 -1.02977 -0.788631 1647820800 
 -0.215753 -0.483404 -1.02977 -0.788631 1647296512 
 -0.430303 -0.670893 -1.02977 -0.788631 1646772224 
 -0.622607 -0.802828 -1.02977 -0.788631 1646247936 
 -0.75369 -0.91895 -1.02977 -0.788631 1645723648 
 -0.873621 -1.05124 -1.02977 -0.788631 1645182976 
 -1.01915 -1.10584 -1.02977 -0.788631 1648347136 
 -0.0963349 -0.261939 -0.782137 -0.540828 1647822848 
 -0.215753 -0.483404 -0.782137 -0.540828 1647298560 
 -0.430303 -0.670893 -0.782137 -0.540828 1646774272 
 -0.622607 -0.802828 -0.782137 -0.540828 1646249984 
 -0.75369 -0.91895 -0.782137 -0.540828 1645725696 
 -0.873621 -1.05124 -0.782137 -0.540828 1645185024 
 -1.01915 -1.10584 -0.782137 -0.540828 1665122304 
 -0.0222545 -0.229799 -0.576427 -0.395427 1664598016 
 -0.193199 -0.443625 -0.576427 -0.395427 1664073728 
 -0.396805 -0.601431 -0.576427 -0.395427 1663549440 
 -0.5516 -0.767542 -0.576427 -0.395427 1663025152 
 -0.717862 -0.862786 -0.576427 -0.395427 1662500864 
 -0.810931 -1.01362 -0.576427 -0.395427 1665124352 
 -0.0222545 -0.229799 -0.389488 -0.208503 1664600064 
 -0.193199 -0.443601 -0.389488 -0.208503 1664075776 
 -0.396805 -0.601431 -0.389488 -0.208503 1663551488 
 -0.5516 -0.767505 -0.389488 -0.208503 1663027200 
 -0.717862 -0.862786 -0.389488 -0.208503 1662502912 
 -0.810931 -1.01362 -0.389488 -0.208503 1647886336 
 -0.144294 -0.262485 -0.244021 -0.00273316 1647362048 
 -0.220875 -0.483472 -0.244021 -0.00273316 1646837760 
 -0.430364 -0.670981 -0.244021 -0.00273316 1646313472 
 -0.622691 -0.802929 -0.244021 -0.00273316 1645789184 
 -0.753786 -0.919059 -0.244021 -0.00273316 1645264896 
 -0.873727 -1.06247 -0.244021 -0.00273316 1644724224 
 -1.01926 -1.10596 -0.244021 -0.00273316 1648936960 
 0.0256023 0.263842 0.00376176 0.244989 1649461248 
 0.221998 0.483472 0.00376176 0.244989 1649985536 
 0.430364 0.670981 0.00376176 0.244989 1650509824 
 0.622691 0.802929 0.00376176 0.244989 1651034112 
 0.753786 0.919059 0.00376176 0.244989 1651558400 
 0.873727 1.05136 0.00376176 0.244989 1652066304 
 1.01926 1.10596 0.00376176 0.244989 1665712128 
 0.0222469 0.229721 0.209363 0.390314 1666236416 
 0.193134 0.443501 0.209363 0.390314 1666760704 
 0.396675 0.601246 0.209363 0.390314 1667284992 
 0.551427 0.767351 0.209363 0.390314 1667809280 
 0.717651 0.862547 0.209363 0.390314 1668333568 
 0.810702 1.01336 0.209363 0.390314 1665714176 
 0.0222469 0.229721 0.396252 0.577164 1666238464 
 0.193134 0.443443 0.396252 0.577164 1666762752 
 0.396675 0.601246 0.396252 0.577164 1667287040 
 0.551427 0.767261 0.396252 0.577164 1667811328 
 0.717651 0.862547 0.396252 0.577164 1668335616 
 0.810702 1.01336 0.396252 0.577164 1649000448 
 0.0255798 0.263614 0.541683 0.782866 1649524736 
 0.221806 0.483076 0.541683 0.782866 1650049024 
 0.430006 0.670464 0.541683 0.782866 1650573312 
 0.622202 0.802344 0.541683 0.782866 1651097600 
 0.753226 0.918422 0.541683 0.782866 1651621888 
 0.87311 1.05067 0.541683 0.782866 1652129792 
 1.01859 1.10525 0.541683 0.782866 1649002496 
 0.0255798 0.263614 0.789355 1.03028 1649526784 
 0.221806 0.483076 0.789355 1.03028 1650051072 
 0.430006 0.670464 0.789355 1.03028 1650575360 
 0.622202 0.802344 0.789355 1.03028 1651099648 
 0.753226 0.918422 0.789355 1.03028 1651623936 
 0.87311 1.05067 0.789355 1.03028 1652131840 
 1.01859 1.10525 0.789355 1.03028 1665777664 
 0.0222232 0.229479 0.994719 1.17547 1666301952 
 0.192929 0.443051 0.994719 1.17547 1666826240 
 0.396271 0.600669 0.994719 1.17547 1667350528 
 0.55089 0.766654 0.994719 1.17547 1667874816 
 0.716995 0.861803 0.994719 1.17547 1668399104 
 0.809987 1.01253 0.994719 1.17547 1665779712 
 0.0222232 0.229479 1.1814 1.36214 1666304000 
 0.192929 0.443017 1.1814 1.36214 1666828288 
 0.396271 0.600669 1.1814 1.36214 1667352576 
 0.55089 0.766601 1.1814 1.36214 1667876864 
 0.716995 0.861803 1.1814 1.36214 1668401152 
 0.809987 1.01253 1.1814 1.36214 1649065984 
 0.0610775 0.263114 1.32665 1.56755 1649590272 
 0.215304 0.482776 1.32665 1.56755 1650114560 
 0.429735 0.670074 1.32665 1.56755 1650638848 
 0.621834 0.801903 1.32665 1.56755 1651163136 
 0.752804 0.917941 1.32665 1.56755 1651687424 
 0.872644 1.06125 1.32665 1.56755 1652195328 
 1.01808 1.10471 1.32665 1.56755 1649068032 
 0.0610775 0.263114 1.57404 1.81494 1649592320 
 0.215304 0.482776 1.57404 1.81494 1650116608 
 0.429735 0.670074 1.57404 1.81494 1650640896 
 0.621834 0.801903 1.57404 1.81494 1651165184 
 0.752804 0.917941 1.57404 1.81494 1651689472 
 0.872644 1.06125 1.57404 1.81494 1652197376 
 1.01808 1.10471 1.57404 1.81494 1665843200 
 0.0222232 0.229479 1.77946 1.96019 1666367488 
 0.192929 0.443017 1.77946 1.96019 1666891776 
 0.396271 0.600669 1.77946 1.96019 1667416064 
 0.55089 0.766601 1.77946 1.96019 1667940352 
 0.716995 0.861803 1.77946 1.96019 1668464640 
 0.809987 1.01253 1.77946 1.96019 1665845248 
 0.0222232 0.229479 1.96612 2.14687 1666369536 
 0.192929 0.443051 1.96612 2.14687 1666893824 
 0.396271 0.600669 1.96612 2.14687 1667418112 
 0.55089 0.766654 1.96612 2.14687 1667942400 
 0.716995 0.861803 1.96612 2.14687 1668466688 
 0.809987 1.01253 1.96612 2.14687 1649131520 
 0.144005 0.262101 2.11131 2.35224 1649655808 
 0.220524 0.483076 2.11131 2.35224 1650180096 
 0.430006 0.670464 2.11131 2.35224 1650704384 
 0.622202 0.802344 2.11131 2.35224 1651228672 
 0.753226 0.918422 2.11131 2.35224 1651752960 
 0.87311 1.06177 2.11131 2.35224 1652260864 
 1.01859 1.10525 2.11131 2.35224 1649133568 
 0.144005 0.262101 2.35873 2.59991 1649657856 
 0.220524 0.483076 2.35873 2.59991 1650182144 
 0.430006 0.670464 2.35873 2.59991 1650706432 
 0.622202 0.802344 2.35873 2.59991 1651230720 
 0.753226 0.918422 2.35873 2.59991 1651755008 
 0.87311 1.06177 2.35873 2.59991 1652262912 
 1.01859 1.10525 2.35873 2.59991 1665908736 
 0.0222469 0.229721 2.56443 2.74534 1666433024 
 0.193134 0.443443 2.56443 2.74534 1666957312 
 0.396675 0.601246 2.56443 2.74534 1667481600 
 0.551427 0.767261 2.56443 2.74534 1668005888 
 0.706989 0.862547 2.56443 2.74534 1668530176 
 0.810702 1.01336 2.56443 2.74534 1665910784 
 0.0222469 0.229721 2.75128 2.93223 1666435072 
 0.193134 0.443501 2.75128 2.93223 1666959360 
 0.396675 0.601246 2.75128 2.93223 1667483648 
 0.551427 0.767351 2.75128 2.93223 1668007936 
 0.706989 0.862547 2.75128 2.93223 1668532224 
 0.810702 1.01336 2.75128 2.93223 1649197056 
 0.144131 0.262326 2.8966 3.13783 1649721344 
 0.220714 0.483472 2.8966 3.13783 1650245632 
 0.430364 0.670981 2.8966 3.13783 1650769920 
 0.622691 0.802929 2.8966 3.13783 1651294208 
 0.753786 0.919059 2.8966 3.13783 1651818496 
 0.873727 1.06247 2.8966 3.13783 1652326400 
 1.01926 1.10596 2.8966 3.13783 1649199104 
 0.144131 0.262326 -3.13886 -2.89757 1649723392 
 0.220714 0.483472 -3.13886 -2.89757 1650247680 
 0.430364 0.670981 -3.13886 -2.89757 1650771968 
 0.622691 0.802929 -3.13886 -2.89757 1651296256 
 0.753786 0.919059 -3.13886 -2.89757 1651820544 
 0.873727 1.06247 -3.13886 -2.89757 1652328448 
 1.01926 1.10596 -3.13886 -2.89757 1665974272 
 0.0222545 0.229799 -2.93309 -2.75211 1666498560 
 0.193199 0.443601 -2.93309 -2.75211 1667022848 
 0.396805 0.601431 -2.93309 -2.75211 1667547136 
 0.5516 0.767505 -2.93309 -2.75211 1668071424 
 0.717862 0.862786 -2.93309 -2.75211 1668595712 
 0.810931 1.01362 -2.93309 -2.75211 1665976320 
 0.0222545 0.229799 -2.74617 -2.56517 1666500608 
 0.193199 0.443625 -2.74617 -2.56517 1667024896 
 0.396805 0.601431 -2.74617 -2.56517 1667549184 
 0.5516 0.767542 -2.74617 -2.56517 1668073472 
 0.717862 0.862786 -2.74617 -2.56517 1668597760 
 0.810931 1.01362 -2.74617 -2.56517 1649262592 
 0.0963349 0.261939 -2.60077 -2.35946 1649786880 
 0.215753 0.483404 -2.60077 -2.35946 1650311168 
 0.430303 0.670893 -2.60077 -2.35946 1650835456 
 0.622607 0.802828 -2.60077 -2.35946 1651359744 
 0.75369 0.91895 -2.60077 -2.35946 1651884032 
 0.873621 1.05124 -2.60077 -2.35946 1652391936 
 1.01915 1.10584 -2.60077 -2.35946 1649264640 
 0.0963349 0.261939 -2.35296 -2.11183 1649788928 
 0.215753 0.483404 -2.35296 -2.11183 1650313216 
 0.430303 0.670893 -2.35296 -2.11183 1650837504 
 0.622607 0.802828 -2.35296 -2.11183 1651361792 
 0.75369 0.91895 -2.35296 -2.11183 1651886080 
 0.873621 1.05124 -2.35296 -2.11183 1652393984 
 1.01915 1.10584 -2.35296 -2.11183 1749925888 
 0.0983759 0.22801 -2.14735 -1.96646 1749929984 
 0.174746 0.332336 -2.14735 -1.96646 1750450176 
 0.513778 0.68124 -2.14735 -1.96646 1750974464 
 0.673001 0.946575 -2.14735 -1.96646 1749927936 
 0.0983759 0.22801 -1.96053 -1.77964 1749932032 
 0.174746 0.332336 -1.96053 -1.77964 1750452224 
 0.513778 0.68124 -1.96053 -1.77964 1750976512 
 0.673001 0.946575 -1.96053 -1.77964 1649328128 
 0.0611402 0.26338 -1.81518 -1.57404 1649852416 
 0.215523 0.48324 -1.81518 -1.57404 1650376704 
 0.430154 0.683327 -1.81518 -1.57404 1650900992 
 0.648316 0.918686 -1.81518 -1.57404 1651425280 
 0.873366 1.05095 -1.81518 -1.57404 1651933184 
 1.01887 1.10554 -1.81518 -1.57404 1649330176 
 0.0611402 0.26338 -1.56755 -1.32641 1649854464 
 0.215523 0.48324 -1.56755 -1.32641 1650378752 
 0.430154 0.683327 -1.56755 -1.32641 1650903040 
 0.648316 0.918686 -1.56755 -1.32641 1651427328 
 0.873366 1.05095 -1.56755 -1.32641 1651935232 
 1.01887 1.10554 -1.56755 -1.32641 1749991424 
 0.0983759 0.22801 -1.36195 -1.18106 1749995520 
 0.174746 0.332336 -1.36195 -1.18106 1750515712 
 0.513778 0.68124 -1.36195 -1.18106 1751040000 
 0.673001 0.946575 -1.36195 -1.18106 1749993472 
 0.0983759 0.22801 -1.17513 -0.99424 1749997568 
 0.174746 0.332336 -1.17513 -0.99424 1750517760 
 0.513778 0.68124 -1.17513 -0.99424 1751042048 
 0.673001 0.946575 -1.17513 -0.99424 1649393664 
 0.0963349 0.261939 -1.02977 -0.788631 1649917952 
 0.215753 0.483404 -1.02977 -0.788631 1650442240 
 0.430303 0.670893 -1.02977 -0.788631 1650966528 
 0.622607 0.802828 -1.02977 -0.788631 1651490816 
 0.75369 0.91895 -1.02977 -0.788631 1652015104 
 0.873621 1.05124 -1.02977 -0.788631 1652523008 
 1.01915 1.10584 -1.02977 -0.788631 1649395712 
 0.0963349 0.261939 -0.782137 -0.540828 1649920000 
 0.215753 0.483404 -0.782137 -0.540828 1650444288 
 0.430303 0.670893 -0.782137 -0.540828 1650968576 
 0.622607 0.802828 -0.782137 -0.540828 1651492864 
 0.75369 0.91895 -0.782137 -0.540828 1652017152 
 0.873621 1.05124 -0.782137 -0.540828 1652525056 
 1.01915 1.10584 -0.782137 -0.540828 1666170880 
 0.0222545 0.229799 -0.576427 -0.395427 1666695168 
 0.193199 0.443625 -0.576427 -0.395427 1667219456 
 0.396805 0.601431 -0.576427 -0.395427 1667743744 
 0.5516 0.767542 -0.576427 -0.395427 1668268032 
 0.717862 0.862786 -0.576427 -0.395427 1668792320 
 0.810931 1.01362 -0.576427 -0.395427 1666172928 
 0.0222545 0.229799 -0.389488 -0.208503 1666697216 
 0.193199 0.443601 -0.389488 -0.208503 1667221504 
 0.396805 0.601431 -0.389488 -0.208503 1667745792 
 0.5516 0.767505 -0.389488 -0.208503 1668270080 
 0.717862 0.862786 -0.389488 -0.208503 1668794368 
 0.810931 1.01362 -0.389488 -0.208503 1648934912 
 0.0256023 0.263842 -0.244021 -0.00273316 1649459200 
 0.221998 0.483472 -0.244021 -0.00273316 1649983488 
 0.430364 0.670981 -0.244021 -0.00273316 1650507776 
 0.622691 0.802929 -0.244021 -0.00273316 1651032064 
 0.753786 0.919059 -0.244021 -0.00273316 1651556352 
 0.873727 1.05136 -0.244021 -0.00273316 1652064256 
