 -0.144057 -0.262194 0.00324579 0.244385 1647364096 
 -0.220603 -0.48324 0.00324579 0.244385 1646839808 
 -0.430154 -0.670678 0.00324579 0.244385 1646315520 
 -0.622405 -0.802586 0.00324579 0.244385 1645791232 
 -0.753458 -0.918686 0.00324579 0.244385 1645266944 
 -0.873366 -1.06206 0.00324579 0.244385 1644726272 
 -1.01887 -1.10554 0.00324579 0.244385 1664663552 
 -0.0222416 -0.229667 0.208842 0.389731 1664139264 
 -0.193087 -0.443373 0.208842 0.389731 1663614976 
 -0.396584 -0.601115 0.208842 0.389731 1663090688 
 -0.551306 -0.767152 0.208842 0.389731 1662566400 
 -0.717502 -0.862378 0.208842 0.389731 1662042112 
 -0.81054 -1.01317 0.208842 0.389731 1664665600 
 -0.0222416 -0.229667 0.395667 0.576556 1664141312 
 -0.193087 -0.443373 0.395667 0.576556 1663617024 
 -0.396584 -0.601115 0.395667 0.576556 1663092736 
 -0.551306 -0.767152 0.395667 0.576556 1662568448 
 -0.717502 -0.862378 0.395667 0.576556 1662044160 
 -0.81054 -1.01317 0.395667 0.576556 1647951872 
 -0.0611402 -0.26338 0.541014 0.782152 1647427584 
 -0.215523 -0.49719 0.541014 0.782152 1646903296 
 -0.430154 -0.670678 0.541014 0.782152 1646379008 
 -0.622405 -0.802586 0.541014 0.782152 1645854720 
 -0.753458 -0.918686 0.541014 0.782152 1645330432 
 -0.873366 -1.05095 0.541014 0.782152 1644789760 
 -1.01887 -1.10554 0.541014 0.782152 1647953920 
 -0.0611402 -0.26338 0.788644 1.02978 1647429632 
 -0.215523 -0.49719 0.788644 1.02978 1646905344 
 -0.430154 -0.670678 0.788644 1.02978 1646381056 
 -0.622405 -0.802586 0.788644 1.02978 1645856768 
 -0.753458 -0.918686 0.788644 1.02978 1645332480 
 -0.873366 -1.05095 0.788644 1.02978 1644791808 
 -1.01887 -1.10554 0.788644 1.02978 1664729088 
 -0.0222416 -0.229667 0.99424 1.17513 1664204800 
 -0.193087 -0.443373 0.99424 1.17513 1663680512 
 -0.396584 -0.601115 0.99424 1.17513 1663156224 
 -0.551306 -0.767152 0.99424 1.17513 1662631936 
 -0.717502 -0.862378 0.99424 1.17513 1662107648 
 -0.81054 -1.01317 0.99424 1.17513 1664731136 
 -0.0222416 -0.229667 1.18107 1.36195 1664206848 
 -0.193087 -0.443373 1.18107 1.36195 1663682560 
 -0.396584 -0.601115 1.18107 1.36195 1663158272 
 -0.551306 -0.767152 1.18107 1.36195 1662633984 
 -0.717502 -0.862378 1.18107 1.36195 1662109696 
 -0.81054 -1.01317 1.18107 1.36195 1648017408 
 -0.0611402 -0.26338 1.32641 1.56755 1647493120 
 -0.215523 -0.49719 1.32641 1.56755 1646968832 
 -0.430154 -0.670678 1.32641 1.56755 1646444544 
 -0.622405 -0.802586 1.32641 1.56755 1645920256 
 -0.753458 -0.918686 1.32641 1.56755 1645395968 
 -0.873366 -1.05095 1.32641 1.56755 1644855296 
 -1.01887 -1.10554 1.32641 1.56755 1648019456 
 -0.0611402 -0.26338 1.57404 1.81518 1647495168 
 -0.215523 -0.49719 1.57404 1.81518 1646970880 
 -0.430154 -0.670678 1.57404 1.81518 1646446592 
 -0.622405 -0.802586 1.57404 1.81518 1645922304 
 -0.753458 -0.918686 1.57404 1.81518 1645398016 
 -0.873366 -1.05095 1.57404 1.81518 1644857344 
 -1.01887 -1.10554 1.57404 1.81518 1664794624 
 -0.0222416 -0.229667 1.77964 1.96053 1664270336 
 -0.193087 -0.443373 1.77964 1.96053 1663746048 
 -0.396584 -0.601115 1.77964 1.96053 1663221760 
 -0.551306 -0.767152 1.77964 1.96053 1662697472 
 -0.717502 -0.862378 1.77964 1.96053 1662173184 
 -0.81054 -1.01317 1.77964 1.96053 1664796672 
 -0.0222416 -0.229667 1.96646 2.14735 1664272384 
 -0.193087 -0.443373 1.96646 2.14735 1663748096 
 -0.396584 -0.601115 1.96646 2.14735 1663223808 
 -0.551306 -0.767152 1.96646 2.14735 1662699520 
 -0.717502 -0.862378 1.96646 2.14735 1662175232 
 -0.81054 -1.01317 1.96646 2.14735 1648082944 
 -0.144057 -0.262194 2.11181 2.35295 1647558656 
 -0.220603 -0.48324 2.11181 2.35295 1647034368 
 -0.430154 -0.670678 2.11181 2.35295 1646510080 
 -0.622405 -0.802586 2.11181 2.35295 1645985792 
 -0.753458 -0.918686 2.11181 2.35295 1645461504 
 -0.873366 -1.06206 2.11181 2.35295 1644920832 
 -1.01887 -1.10554 2.11181 2.35295 1648084992 
 -0.144057 -0.262194 2.35944 2.60058 1647560704 
 -0.220603 -0.48324 2.35944 2.60058 1647036416 
 -0.430154 -0.670678 2.35944 2.60058 1646512128 
 -0.622405 -0.802586 2.35944 2.60058 1645987840 
 -0.753458 -0.918686 2.35944 2.60058 1645463552 
 -0.873366 -1.06206 2.35944 2.60058 1644922880 
 -1.01887 -1.10554 2.35944 2.60058 1664860160 
 -0.0222416 -0.229667 2.56504 2.74593 1664335872 
 -0.193087 -0.443373 2.56504 2.74593 1663811584 
 -0.396584 -0.601115 2.56504 2.74593 1663287296 
 -0.551306 -0.767152 2.56504 2.74593 1662763008 
 -0.706842 -0.862378 2.56504 2.74593 1662238720 
 -0.81054 -1.01317 2.56504 2.74593 1664862208 
 -0.0222416 -0.229667 2.75186 2.93275 1664337920 
 -0.193087 -0.443373 2.75186 2.93275 1663813632 
 -0.396584 -0.601115 2.75186 2.93275 1663289344 
 -0.551306 -0.767152 2.75186 2.93275 1662765056 
 -0.706842 -0.862378 2.75186 2.93275 1662240768 
 -0.81054 -1.01317 2.75186 2.93275 1648148480 
 -0.0962999 -0.261846 2.89721 3.13835 1647624192 
 -0.215675 -0.48324 2.89721 3.13835 1647099904 
 -0.430154 -0.670678 2.89721 3.13835 1646575616 
 -0.622405 -0.802586 2.89721 3.13835 1646051328 
 -0.753458 -0.918686 2.89721 3.13835 1645527040 
 -0.873366 -1.05095 2.89721 3.13835 1644986368 
 -1.01887 -1.10554 2.89721 3.13835 1648150528 
 -0.0962999 -0.261846 -3.13835 -2.89721 1647626240 
 -0.215675 -0.48324 -3.13835 -2.89721 1647101952 
 -0.430154 -0.670678 -3.13835 -2.89721 1646577664 
 -0.622405 -0.802586 -3.13835 -2.89721 1646053376 
 -0.753458 -0.918686 -3.13835 -2.89721 1645529088 
 -0.873366 -1.05095 -3.13835 -2.89721 1644988416 
 -1.01887 -1.10554 -3.13835 -2.89721 1664925696 
 -0.0222416 -0.229667 -2.93275 -2.75186 1664401408 
 -0.193087 -0.443373 -2.93275 -2.75186 1663877120 
 -0.396584 -0.601115 -2.93275 -2.75186 1663352832 
 -0.551306 -0.767152 -2.93275 -2.75186 1662828544 
 -0.717502 -0.862378 -2.93275 -2.75186 1662304256 
 -0.81054 -1.01317 -2.93275 -2.75186 1664927744 
 -0.0222416 -0.229667 -2.74593 -2.56504 1664403456 
 -0.193087 -0.443373 -2.74593 -2.56504 1663879168 
 -0.396584 -0.601115 -2.74593 -2.56504 1663354880 
 -0.551306 -0.767152 -2.74593 -2.56504 1662830592 
 -0.717502 -0.862378 -2.74593 -2.56504 1662306304 
 -0.81054 -1.01317 -2.74593 -2.56504 1648214016 
 -0.0962999 -0.261846 -2.60058 -2.35944 1647689728 
 -0.215675 -0.48324 -2.60058 -2.35944 1647165440 
 -0.430154 -0.670678 -2.60058 -2.35944 1646641152 
 -0.622405 -0.802586 -2.60058 -2.35944 1646116864 
 -0.753458 -0.918686 -2.60058 -2.35944 1645592576 
 -0.873366 -1.05095 -2.60058 -2.35944 1645051904 
 -1.01887 -1.10554 -2.60058 -2.35944 1648216064 
 -0.0962999 -0.261846 -2.35295 -2.11181 1647691776 
 -0.215675 -0.48324 -2.35295 -2.11181 1647167488 
 -0.430154 -0.670678 -2.35295 -2.11181 1646643200 
 -0.622405 -0.802586 -2.35295 -2.11181 1646118912 
 -0.753458 -0.918686 -2.35295 -2.11181 1645594624 
 -0.873366 -1.05095 -2.35295 -2.11181 1645053952 
 -1.01887 -1.10554 -2.35295 -2.11181 1748877312 
 -0.0983759 -0.22801 -2.14735 -1.96646 1748881408 
 -0.174746 -0.332336 -2.14735 -1.96646 1748353024 
 -0.513778 -0.68124 -2.14735 -1.96646 1747828736 
 -0.673001 -0.946575 -2.14735 -1.96646 1748879360 
 -0.0983759 -0.22801 -1.96053 -1.77964 1748883456 
 -0.174746 -0.332336 -1.96053 -1.77964 1748355072 
 -0.513778 -0.68124 -1.96053 -1.77964 1747830784 
 -0.673001 -0.946575 -1.96053 -1.77964 1648279552 
 -0.0255891 -0.263709 -1.81518 -1.57404 1647755264 
 -0.221885 -0.48324 -1.81518 -1.57404 1647230976 
 -0.430154 -0.670678 -1.81518 -1.57404 1646706688 
 -0.648316 -0.918686 -1.81518 -1.57404 1646182400 
 -0.873366 -1.05095 -1.81518 -1.57404 1645641728 
 -1.01887 -1.10554 -1.81518 -1.57404 1648281600 
 -0.0255891 -0.263709 -1.56755 -1.32641 1647757312 
 -0.221885 -0.48324 -1.56755 -1.32641 1647233024 
 -0.430154 -0.670678 -1.56755 -1.32641 1646708736 
 -0.648316 -0.918686 -1.56755 -1.32641 1646184448 
 -0.873366 -1.05095 -1.56755 -1.32641 1645643776 
 -1.01887 -1.10554 -1.56755 -1.32641 1748942848 
 -0.0983759 -0.22801 -1.36195 -1.18106 1748946944 
 -0.174746 -0.332336 -1.36195 -1.18106 1748418560 
 -0.513778 -0.68124 -1.36195 -1.18106 1747894272 
 -0.673001 -0.946575 -1.36195 -1.18106 1748944896 
 -0.0983759 -0.22801 -1.17513 -0.99424 1748948992 
 -0.174746 -0.332336 -1.17513 -0.99424 1748420608 
 -0.513778 -0.68124 -1.17513 -0.99424 1747896320 
 -0.673001 -0.946575 -1.17513 -0.99424 1648345088 
 -0.0962999 -0.261846 -1.02978 -0.788644 1647820800 
 -0.215675 -0.48324 -1.02978 -0.788644 1647296512 
 -0.430154 -0.670678 -1.02978 -0.788644 1646772224 
 -0.622405 -0.802586 -1.02978 -0.788644 1646247936 
 -0.753458 -0.918686 -1.02978 -0.788644 1645723648 
 -0.873366 -1.05095 -1.02978 -0.788644 1645182976 
 -1.01887 -1.10554 -1.02978 -0.788644 1648347136 
 -0.0962999 -0.261846 -0.782153 -0.541014 1647822848 
 -0.215675 -0.48324 -0.782153 -0.541014 1647298560 
 -0.430154 -0.670678 -0.782153 -0.541014 1646774272 
 -0.622405 -0.802586 -0.782153 -0.541014 1646249984 
 -0.753458 -0.918686 -0.782153 -0.541014 1645725696 
 -0.873366 -1.05095 -0.782153 -0.541014 1645185024 
 -1.01887 -1.10554 -0.782153 -0.541014 1665122304 
 -0.0222416 -0.229667 -0.576556 -0.395667 1664598016 
 -0.193087 -0.443373 -0.576556 -0.395667 1664073728 
 -0.396584 -0.601115 -0.576556 -0.395667 1663549440 
 -0.551306 -0.767152 -0.576556 -0.395667 1663025152 
 -0.717502 -0.862378 -0.576556 -0.395667 1662500864 
 -0.81054 -1.01317 -0.576556 -0.395667 1665124352 
 -0.0222416 -0.229667 -0.389731 -0.208842 1664600064 
 -0.193087 -0.443373 -0.389731 -0.208842 1664075776 
 -0.396584 -0.601115 -0.389731 -0.208842 1663551488 
 -0.551306 -0.767152 -0.389731 -0.208842 1663027200 
 -0.717502 -0.862378 -0.389731 -0.208842 1662502912 
 -0.81054 -1.01317 -0.389731 -0.208842 1647886336 
 -0.144057 -0.262194 -0.244385 -0.0032458 1647362048 
 -0.220603 -0.48324 -0.244385 -0.0032458 1646837760 
 -0.430154 -0.670678 -0.244385 -0.0032458 1646313472 
 -0.622405 -0.802586 -0.244385 -0.0032458 1645789184 
 -0.753458 -0.918686 -0.244385 -0.0032458 1645264896 
 -0.873366 -1.06206 -0.244385 -0.0032458 1644724224 
 -1.01887 -1.10554 -0.244385 -0.0032458 1648936960 
 0.0255891 0.263709 0.00324579 0.244385 1649461248 
 0.221885 0.48324 0.00324579 0.244385 1649985536 
 0.430154 0.670678 0.00324579 0.244385 1650509824 
 0.622405 0.802586 0.00324579 0.244385 1651034112 
 0.753458 0.918686 0.00324579 0.244385 1651558400 
 0.873366 1.05095 0.00324579 0.244385 1652066304 
 1.01887 1.10554 0.00324579 0.244385 1665712128 
 0.0222415 0.229667 0.208842 0.389731 1666236416 
 0.193087 0.443373 0.208842 0.389731 1666760704 
 0.396584 0.601115 0.208842 0.389731 1667284992 
 0.551306 0.767152 0.208842 0.389731 1667809280 
 0.717502 0.862378 0.208842 0.389731 1668333568 
 0.81054 1.01317 0.208842 0.389731 1665714176 
 0.0222415 0.229667 0.395667 0.576556 1666238464 
 0.193087 0.443373 0.395667 0.576556 1666762752 
 0.396584 0.601115 0.395667 0.576556 1667287040 
 0.551306 0.767152 0.395667 0.576556 1667811328 
 0.717502 0.862378 0.395667 0.576556 1668335616 
 0.81054 1.01317 0.395667 0.576556 1649000448 
 0.0255891 0.263709 0.541014 0.782152 1649524736 
 0.221885 0.48324 0.541014 0.782152 1650049024 
 0.430154 0.670678 0.541014 0.782152 1650573312 
 0.622405 0.802586 0.541014 0.782152 1651097600 
 0.753458 0.918686 0.541014 0.782152 1651621888 
 0.873366 1.05095 0.541014 0.782152 1652129792 
 1.01887 1.10554 0.541014 0.782152 1649002496 
 0.0255891 0.263709 0.788644 1.02978 1649526784 
 0.221885 0.48324 0.788644 1.02978 1650051072 
 0.430154 0.670678 0.788644 1.02978 1650575360 
 0.622405 0.802586 0.788644 1.02978 1651099648 
 0.753458 0.918686 0.788644 1.02978 1651623936 
 0.873366 1.05095 0.788644 1.02978 1652131840 
 1.01887 1.10554 0.788644 1.02978 1665777664 
 0.0222415 0.229667 0.99424 1.17513 1666301952 
 0.193087 0.443373 0.99424 1.17513 1666826240 
 0.396584 0.601115 0.99424 1.17513 1667350528 
 0.551306 0.767152 0.99424 1.17513 1667874816 
 0.717502 0.862378 0.99424 1.17513 1668399104 
 0.81054 1.01317 0.99424 1.17513 1665779712 
 0.0222415 0.229667 1.18107 1.36195 1666304000 
 0.193087 0.443373 1.18107 1.36195 1666828288 
 0.396584 0.601115 1.18107 1.36195 1667352576 
 0.551306 0.767152 1.18107 1.36195 1667876864 
 0.717502 0.862378 1.18107 1.36195 1668401152 
 0.81054 1.01317 1.18107 1.36195 1649065984 
 0.0611402 0.26338 1.32641 1.56755 1649590272 
 0.215523 0.48324 1.32641 1.56755 1650114560 
 0.430154 0.670678 1.32641 1.56755 1650638848 
 0.622405 0.802586 1.32641 1.56755 1651163136 
 0.753458 0.918686 1.32641 1.56755 1651687424 
 0.873366 1.06206 1.32641 1.56755 1652195328 
 1.01887 1.10554 1.32641 1.56755 1649068032 
 0.0611402 0.26338 1.57404 1.81518 1649592320 
 0.215523 0.48324 1.57404 1.81518 1650116608 
 0.430154 0.670678 1.57404 1.81518 1650640896 
 0.622405 0.802586 1.57404 1.81518 1651165184 
 0.753458 0.918686 1.57404 1.81518 1651689472 
 0.873366 1.06206 1.57404 1.81518 1652197376 
 1.01887 1.10554 1.57404 1.81518 1665843200 
 0.0222415 0.229667 1.77964 1.96053 1666367488 
 0.193087 0.443373 1.77964 1.96053 1666891776 
 0.396584 0.601115 1.77964 1.96053 1667416064 
 0.551306 0.767152 1.77964 1.96053 1667940352 
 0.717502 0.862378 1.77964 1.96053 1668464640 
 0.81054 1.01317 1.77964 1.96053 1665845248 
 0.0222415 0.229667 1.96646 2.14735 1666369536 
 0.193087 0.443373 1.96646 2.14735 1666893824 
 0.396584 0.601115 1.96646 2.14735 1667418112 
 0.551306 0.767152 1.96646 2.14735 1667942400 
 0.717502 0.862378 1.96646 2.14735 1668466688 
 0.81054 1.01317 1.96646 2.14735 1649131520 
 0.144057 0.262194 2.11181 2.35295 1649655808 
 0.220603 0.48324 2.11181 2.35295 1650180096 
 0.430154 0.670678 2.11181 2.35295 1650704384 
 0.622405 0.802586 2.11181 2.35295 1651228672 
 0.753458 0.918686 2.11181 2.35295 1651752960 
 0.873366 1.06206 2.11181 2.35295 1652260864 
 1.01887 1.10554 2.11181 2.35295 1649133568 
 0.144057 0.262194 2.35944 2.60058 1649657856 
 0.220603 0.48324 2.35944 2.60058 1650182144 
 0.430154 0.670678 2.35944 2.60058 1650706432 
 0.622405 0.802586 2.35944 2.60058 1651230720 
 0.753458 0.918686 2.35944 2.60058 1651755008 
 0.873366 1.06206 2.35944 2.60058 1652262912 
 1.01887 1.10554 2.35944 2.60058 1665908736 
 0.0222415 0.229667 2.56504 2.74593 1666433024 
 0.193087 0.443373 2.56504 2.74593 1666957312 
 0.396584 0.601115 2.56504 2.74593 1667481600 
 0.551306 0.767152 2.56504 2.74593 1668005888 
 0.706842 0.862378 2.56504 2.74593 1668530176 
 0.81054 1.01317 2.56504 2.74593 1665910784 
 0.0222415 0.229667 2.75186 2.93275 1666435072 
 0.193087 0.443373 2.75186 2.93275 1666959360 
 0.396584 0.601115 2.75186 2.93275 1667483648 
 0.551306 0.767152 2.75186 2.93275 1668007936 
 0.706842 0.862378 2.75186 2.93275 1668532224 
 0.81054 1.01317 2.75186 2.93275 1649197056 
 0.144057 0.262194 2.89721 3.13835 1649721344 
 0.220603 0.48324 2.89721 3.13835 1650245632 
 0.430154 0.670678 2.89721 3.13835 1650769920 
 0.622405 0.802586 2.89721 3.13835 1651294208 
 0.753458 0.918686 2.89721 3.13835 1651818496 
 0.873366 1.06206 2.89721 3.13835 1652326400 
 1.01887 1.10554 2.89721 3.13835 1649199104 
 0.144057 0.262194 -3.13835 -2.89721 1649723392 
 0.220603 0.48324 -3.13835 -2.89721 1650247680 
 0.430154 0.670678 -3.13835 -2.89721 1650771968 
 0.622405 0.802586 -3.13835 -2.89721 1651296256 
 0.753458 0.918686 -3.13835 -2.89721 1651820544 
 0.873366 1.06206 -3.13835 -2.89721 1652328448 
 1.01887 1.10554 -3.13835 -2.89721 1665974272 
 0.0222415 0.229667 -2.93275 -2.75186 1666498560 
 0.193087 0.443373 -2.93275 -2.75186 1667022848 
 0.396584 0.601115 -2.93275 -2.75186 1667547136 
 0.551306 0.767152 -2.93275 -2.75186 1668071424 
 0.717502 0.862378 -2.93275 -2.75186 1668595712 
 0.81054 1.01317 -2.93275 -2.75186 1665976320 
 0.0222415 0.229667 -2.74593 -2.56504 1666500608 
 0.193087 0.443373 -2.74593 -2.56504 1667024896 
 0.396584 0.601115 -2.74593 -2.56504 1667549184 
 0.551306 0.767152 -2.74593 -2.56504 1668073472 
 0.717502 0.862378 -2.74593 -2.56504 1668597760 
 0.81054 1.01317 -2.74593 -2.56504 1649262592 
 0.0962999 0.261846 -2.60058 -2.35944 1649786880 
 0.215675 0.48324 -2.60058 -2.35944 1650311168 
 0.430154 0.670678 -2.60058 -2.35944 1650835456 
 0.622405 0.802586 -2.60058 -2.35944 1651359744 
 0.753458 0.918686 -2.60058 -2.35944 1651884032 
 0.873366 1.05095 -2.60058 -2.35944 1652391936 
 1.01887 1.10554 -2.60058 -2.35944 1649264640 
 0.0962999 0.261846 -2.35295 -2.11181 1649788928 
 0.215675 0.48324 -2.35295 -2.11181 1650313216 
 0.430154 0.670678 -2.35295 -2.11181 1650837504 
 0.622405 0.802586 -2.35295 -2.11181 1651361792 
 0.753458 0.918686 -2.35295 -2.11181 1651886080 
 0.873366 1.05095 -2.35295 -2.11181 1652393984 
 1.01887 1.10554 -2.35295 -2.11181 1749925888 
 0.0983759 0.22801 -2.14735 -1.96646 1749929984 
 0.174746 0.332336 -2.14735 -1.96646 1750450176 
 0.513778 0.68124 -2.14735 -1.96646 1750974464 
 0.673001 0.946575 -2.14735 -1.96646 1749927936 
 0.0983759 0.22801 -1.96053 -1.77964 1749932032 
 0.174746 0.332336 -1.96053 -1.77964 1750452224 
 0.513778 0.68124 -1.96053 -1.77964 1750976512 
 0.673001 0.946575 -1.96053 -1.77964 1649328128 
 0.0611402 0.26338 -1.81518 -1.57404 1649852416 
 0.215523 0.48324 -1.81518 -1.57404 1650376704 
 0.430154 0.683327 -1.81518 -1.57404 1650900992 
 0.648316 0.918686 -1.81518 -1.57404 1651425280 
 0.873366 1.05095 -1.81518 -1.57404 1651933184 
 1.01887 1.10554 -1.81518 -1.57404 1649330176 
 0.0611402 0.26338 -1.56755 -1.32641 1649854464 
 0.215523 0.48324 -1.56755 -1.32641 1650378752 
 0.430154 0.683327 -1.56755 -1.32641 1650903040 
 0.648316 0.918686 -1.56755 -1.32641 1651427328 
 0.873366 1.05095 -1.56755 -1.32641 1651935232 
 1.01887 1.10554 -1.56755 -1.32641 1749991424 
 0.0983759 0.22801 -1.36195 -1.18106 1749995520 
 0.174746 0.332336 -1.36195 -1.18106 1750515712 
 0.513778 0.68124 -1.36195 -1.18106 1751040000 
 0.673001 0.946575 -1.36195 -1.18106 1749993472 
 0.0983759 0.22801 -1.17513 -0.99424 1749997568 
 0.174746 0.332336 -1.17513 -0.99424 1750517760 
 0.513778 0.68124 -1.17513 -0.99424 1751042048 
 0.673001 0.946575 -1.17513 -0.99424 1649393664 
 0.0962999 0.261846 -1.02978 -0.788644 1649917952 
 0.215675 0.48324 -1.02978 -0.788644 1650442240 
 0.430154 0.670678 -1.02978 -0.788644 1650966528 
 0.622405 0.802586 -1.02978 -0.788644 1651490816 
 0.753458 0.918686 -1.02978 -0.788644 1652015104 
 0.873366 1.05095 -1.02978 -0.788644 1652523008 
 1.01887 1.10554 -1.02978 -0.788644 1649395712 
 0.0962999 0.261846 -0.782153 -0.541014 1649920000 
 0.215675 0.48324 -0.782153 -0.541014 1650444288 
 0.430154 0.670678 -0.782153 -0.541014 1650968576 
 0.622405 0.802586 -0.782153 -0.541014 1651492864 
 0.753458 0.918686 -0.782153 -0.541014 1652017152 
 0.873366 1.05095 -0.782153 -0.541014 1652525056 
 1.01887 1.10554 -0.782153 -0.541014 1666170880 
 0.0222415 0.229667 -0.576556 -0.395667 1666695168 
 0.193087 0.443373 -0.576556 -0.395667 1667219456 
 0.396584 0.601115 -0.576556 -0.395667 1667743744 
 0.551306 0.767152 -0.576556 -0.395667 1668268032 
 0.717502 0.862378 -0.576556 -0.395667 1668792320 
 0.81054 1.01317 -0.576556 -0.395667 1666172928 
 0.0222415 0.229667 -0.389731 -0.208842 1666697216 
 0.193087 0.443373 -0.389731 -0.208842 1667221504 
 0.396584 0.601115 -0.389731 -0.208842 1667745792 
 0.551306 0.767152 -0.389731 -0.208842 1668270080 
 0.717502 0.862378 -0.389731 -0.208842 1668794368 
 0.81054 1.01317 -0.389731 -0.208842 1648934912 
 0.0255891 0.263709 -0.244385 -0.0032458 1649459200 
 0.221885 0.48324 -0.244385 -0.0032458 1649983488 
 0.430154 0.670678 -0.244385 -0.0032458 1650507776 
 0.622405 0.802586 -0.244385 -0.0032458 1651032064 
 0.753458 0.918686 -0.244385 -0.0032458 1651556352 
 0.873366 1.05095 -0.244385 -0.0032458 1652064256 
