Real Geometry - ALFAOvFibUp from ATLAS DD Database
Layer, Fibre, Slope, Offset, ZL
Dieter Notz (21.01.2008)
xxxxxxxxxxxxxxxxxxxxxxxxxxxxxxxxxxxxxxxxxxxxxxxxxxxxx
6
1   1   0.004643   -143.418   241562
1   2   0.004272   -142.92   241562
1   3   0.00405   -142.417   241562
1   4   0.003346   -141.919   241562
1   5   0.003471   -141.401   241562
1   6   0.003839   -140.895   241562
1   7   0.003301   -140.403   241562
1   8   0.002699   -139.91   241562
1   9   0.003332   -139.403   241562
1   10   0.003435   -138.912   241562
1   11   0.002322   -138.451   241562
1   12   0.003178   -137.944   241562
1   13   0.003147   -137.447   241562
1   14   0.001592   -136.981   241562
1   15   0.000947   -136.499   241562
1   16   -0.000761   -136.017   241561
1   17   -0.000869   -135.526   241561
1   18   -0.000504   -135.013   241561
1   19   -9.9e-05   -134.501   241561
1   20   -6.4e-05   -134.003   241561
1   21   -0.000483   -133.523   241561
1   22   -0.000162   -133.018   241561
1   23   0.000541   -132.5   241561
1   24   0.002049   -131.969   241561
1   25   0.003514   -131.441   241561
1   26   0.003539   -130.943   241561
1   27   0.003883   -130.445   241561
1   28   0.003957   -129.949   241561
1   29   0.002486   -129.483   241561
1   30   0.001033   -129.021   241561
3   1   -0.007014   -143.94   241564
3   2   -0.006634   -143.426   241564
3   3   -0.005426   -142.891   241564
3   4   -0.00492   -142.366   241564
3   5   -0.004451   -141.844   241564
3   6   -0.004582   -141.347   241564
3   7   -0.004577   -140.843   241564
3   8   -0.004201   -140.346   241564
3   9   -0.004215   -139.849   241564
3   10   -0.003979   -139.345   241564
3   11   -0.003882   -138.835   241564
3   12   -0.004132   -138.324   241564
3   13   -0.003505   -137.797   241564
3   14   -0.003594   -137.288   241564
3   15   -0.003479   -136.773   241564
3   16   -0.000122   -136.18   241563
3   17   -0.000348   -135.677   241563
3   18   0.001006   -135.138   241563
3   19   0.000793   -134.635   241563
3   20   0.000733   -134.127   241563
3   21   0.002251   -133.588   241563
3   22   0.002122   -133.095   241563
3   23   0.001485   -132.6   241563
3   24   0.001694   -132.095   241563
3   25   0.001988   -131.595   241563
3   26   0.002227   -131.087   241563
3   27   0.002784   -130.56   241563
3   28   0.003744   -130.029   241563
3   29   0.004214   -129.506   241563
3   30   0.003385   -129.009   241563
5   1   0.000396   -143.61   241564
5   2   7.8e-05   -143.133   241564
5   3   0.00114   -142.617   241564
5   4   0.001834   -142.104   241564
5   5   0.001669   -141.614   241564
5   6   0.000939   -141.144   241564
5   7   0.000863   -140.655   241564
5   8   0.00074   -140.161   241564
5   9   0.001404   -139.647   241564
5   10   0.000808   -139.155   241564
5   11   -0.000101   -138.677   241564
5   12   0.000928   -138.16   241564
5   13   -0.001396   -137.695   241564
5   14   -0.001676   -137.211   241564
5   15   0.000489   -136.668   241564
5   16   0.001204   -136.157   241563
5   17   -0.001669   -135.72   241563
5   18   -0.000717   -135.203   241563
5   19   -0.001756   -134.728   241563
5   20   -0.002159   -134.237   241563
5   21   -0.001355   -133.713   241563
5   22   -0.002338   -133.225   241563
5   23   -0.001716   -132.699   241563
5   24   -0.000574   -132.17   241563
5   25   -0.001021   -131.67   241563
5   26   -0.000933   -131.154   241563
5   27   -0.000813   -130.641   241563
5   28   -0.000834   -130.124   241563
5   29   0.002335   -129.527   241563
5   30   0.004145   -128.978   241563
2   1   -0.003968   -143.408   241562
2   2   -0.004179   -142.895   241562
2   3   -0.004417   -142.381   241562
2   4   -0.004235   -141.875   241562
2   5   -0.004149   -141.363   241562
2   6   -0.004572   -140.857   241562
2   7   -0.004911   -140.359   241562
2   8   -0.00479   -139.869   241562
2   9   -0.004312   -139.39   241562
2   10   -0.004143   -138.898   241562
2   11   -0.004234   -138.386   241562
2   12   -0.004288   -137.88   241562
2   13   -0.004666   -137.379   241562
2   14   -0.004235   -136.896   241562
2   15   -0.001863   -136.45   241562
2   16   0.00036   -135.986   241561
2   17   -0.000402   -135.467   241561
2   18   0.000357   -134.987   241561
2   19   0.000169   -134.485   241561
2   20   -0.000179   -133.987   241561
2   21   0.000509   -133.506   241561
2   22   0.000704   -133.019   241561
2   23   0.000221   -132.511   241561
2   24   -0.000568   -131.996   241561
2   25   -0.001732   -131.468   241561
2   26   -0.001423   -130.973   241561
2   27   -0.000641   -130.493   241561
2   28   -0.000874   -129.995   241561
2   29   -0.000973   -129.496   241561
2   30   -0.001179   -129.009   241561
4   1   -0.007262   -143.584   241564
4   2   -0.007434   -143.073   241564
4   3   -0.006726   -142.584   241564
4   4   -0.006411   -142.083   241564
4   5   -0.007067   -141.558   241564
4   6   -0.006649   -141.069   241564
4   7   -0.006618   -140.572   241564
4   8   -0.006661   -140.07   241564
4   9   -0.006113   -139.585   241564
4   10   -0.006069   -139.09   241564
4   11   -0.00606   -138.58   241564
4   12   -0.005395   -138.091   241564
4   13   -0.005969   -137.573   241564
4   14   -0.00617   -137.055   241564
4   15   -0.003907   -136.599   241564
4   16   0.002709   -136.2   241563
4   17   0.002468   -135.689   241563
4   18   0.002522   -135.185   241563
4   19   0.002064   -134.667   241563
4   20   0.002099   -134.157   241563
4   21   0.00399   -133.695   241563
4   22   0.004029   -133.194   241563
4   23   0.003719   -132.684   241563
4   24   0.003927   -132.193   241563
4   25   0.003279   -131.68   241563
4   26   0.002659   -131.156   241563
4   27   0.002147   -130.627   241563
4   28   0.001987   -130.114   241563
4   29   0.001859   -129.602   241563
4   30   0.004105   -129.132   241563
6   1   -0.002388   -143.553   241564
6   2   -0.002015   -143.064   241564
6   3   -0.002188   -142.569   241564
6   4   -0.002633   -142.057   241564
6   5   -0.002624   -141.555   241564
6   6   -0.001606   -141.085   241564
6   7   -0.001414   -140.589   241564
6   8   -0.001919   -140.073   241564
6   9   -0.001931   -139.574   241564
6   10   -0.001982   -139.074   241564
6   11   -0.001895   -138.577   241564
6   12   -0.002043   -138.077   241564
6   13   -0.002146   -137.573   241564
6   14   -0.001567   -137.089   241564
6   15   -0.000787   -136.614   241564
6   16   0.004822   -136.247   241563
6   17   0.006066   -135.773   241563
6   18   0.005294   -135.25   241563
6   19   0.006559   -134.784   241563
6   20   0.006589   -134.288   241563
6   21   0.005865   -133.766   241563
6   22   0.005532   -133.246   241563
6   23   0.005399   -132.734   241563
6   24   0.005791   -132.236   241563
6   25   0.005625   -131.726   241563
6   26   0.005637   -131.217   241563
6   27   0.006176   -130.715   241563
6   28   0.007006   -130.221   241563
6   29   0.007952   -129.729   241563
6   30   0.009694   -129.26   241563
