Real Geometry - ALFAOvFibUp from ATLAS DD Database
Layer, Fibre, Slope, Offset, ZL
Dieter Notz (21.01.2008)
xxxxxxxxxxxxxxxxxxxxxxxxxxxxxxxxxxxxxxxxxxxxxxxxxxxxx
6
1   1   0.004798   -143.511   241562
1   2   8.2e-05   -143.114   241562
1   3   -0.001971   -142.65   241562
1   4   -0.001551   -142.145   241562
1   5   -0.000975   -141.636   241562
1   6   -0.00043   -141.12   241562
1   7   0.000477   -140.596   241562
1   8   0.000276   -140.102   241562
1   9   -0.000555   -139.62   241562
1   10   0.001727   -139.069   241562
1   11   0.002128   -138.561   241562
1   12   0.00045   -138.098   241562
1   13   0.001179   -137.58   241562
1   14   0.001288   -137.066   241562
1   15   -0.001292   -136.627   241562
1   16   -0.001079   -136.093   241561
1   17   -0.000456   -135.585   241561
1   18   -0.001076   -135.107   241561
1   19   -0.001042   -134.615   241561
1   20   -0.000924   -134.116   241561
1   21   -0.000562   -133.612   241561
1   22   -0.000407   -133.11   241561
1   23   -0.000435   -132.614   241561
1   24   -0.000508   -132.116   241561
1   25   0.000493   -131.599   241561
1   26   0.000966   -131.1   241561
1   27   -2.8e-05   -130.634   241561
1   28   -0.000118   -130.137   241561
1   29   -0.000582   -129.647   241561
1   30   -0.001627   -129.177   241561
3   1   -0.003363   -144.029   241564
3   2   -0.003271   -143.534   241564
3   3   -0.003361   -143.035   241564
3   4   -0.002839   -142.527   241564
3   5   -0.002549   -142.021   241564
3   6   -0.002857   -141.511   241564
3   7   -0.001965   -140.995   241564
3   8   -0.001573   -140.476   241564
3   9   -0.002165   -139.977   241564
3   10   -0.001079   -139.446   241564
3   11   -0.000155   -138.913   241564
3   12   -0.000392   -138.416   241564
3   13   0.000308   -137.907   241564
3   14   0.000772   -137.4   241564
3   15   -5.8e-05   -136.92   241564
3   16   -4.4e-05   -136.45   241563
3   17   -0.001427   -135.993   241563
3   18   -0.001438   -135.5   241563
3   19   -0.000168   -134.98   241563
3   20   -0.000942   -134.5   241563
3   21   -0.002052   -134.02   241563
3   22   -0.001904   -133.507   241563
3   23   -0.001474   -132.989   241563
3   24   -0.00123   -132.473   241563
3   25   -0.001486   -131.965   241563
3   26   -0.00221   -131.483   241563
3   27   -0.002023   -130.973   241563
3   28   -0.002574   -130.484   241563
3   29   -0.003472   -130.003   241563
3   30   -0.004742   -129.537   241563
5   1   0.006039   -143.549   241566
5   2   0.006403   -143.028   241566
5   3   0.006512   -142.513   241566
5   4   0.006469   -142.005   241566
5   5   0.005488   -141.516   241566
5   6   0.005528   -141.006   241566
5   7   0.006104   -140.491   241566
5   8   0.006985   -139.969   241566
5   9   0.00693   -139.466   241566
5   10   0.006193   -138.981   241566
5   11   0.006519   -138.469   241566
5   12   0.006232   -137.971   241566
5   13   0.005199   -137.494   241566
5   14   0.005377   -136.989   241566
5   15   0.003948   -136.518   241566
5   16   0.000543   -136.067   241565
5   17   0.004068   -135.504   241565
5   18   0.002398   -135.046   241565
5   19   0.000195   -134.593   241565
5   20   -0.000318   -134.099   241565
5   21   0.000819   -133.57   241565
5   22   0.002528   -133.03   241565
5   23   0.00129   -132.557   241565
5   24   0.001147   -132.057   241565
5   25   0.000701   -131.564   241565
5   26   0.000807   -131.055   241565
5   27   3.5e-05   -130.564   241565
5   28   0.000984   -130.035   241565
5   29   0.002169   -129.503   241565
5   30   0.001322   -129.029   241565
2   1   -0.006855   -143.429   241562
2   2   -0.00702   -142.928   241562
2   3   -0.006456   -142.434   241562
2   4   -0.006813   -141.928   241562
2   5   -0.007174   -141.422   241562
2   6   -0.006418   -140.943   241562
2   7   -0.006905   -140.428   241562
2   8   -0.007187   -139.919   241562
2   9   -0.006371   -139.44   241562
2   10   -0.006307   -138.903   241562
2   11   -0.006516   -138.436   241562
2   12   -0.006308   -137.944   241562
2   13   -0.005703   -137.454   241562
2   14   -0.005425   -136.961   241562
2   15   -0.003912   -136.493   241562
2   16   -0.004062   -135.944   241561
2   17   -0.003719   -135.455   241561
2   18   -0.003847   -134.956   241561
2   19   -0.003817   -134.45   241561
2   20   -0.003953   -133.957   241561
2   21   -0.004151   -133.444   241561
2   22   -0.004436   -132.935   241561
2   23   -0.004516   -132.434   241561
2   24   -0.004003   -131.944   241561
2   25   -0.0043   -131.435   241561
2   26   -0.004522   -130.938   241561
2   27   -0.003986   -130.459   241561
2   28   -0.005209   -129.936   241561
2   29   -0.006505   -129.407   241561
2   30   -0.004923   -128.947   241561
4   1   -0.004692   -143.814   241564
4   2   -0.003837   -143.339   241564
4   3   -0.004252   -142.824   241564
4   4   -0.004961   -142.302   241564
4   5   -0.004672   -141.807   241564
4   6   -0.004277   -141.31   241564
4   7   -0.004173   -140.806   241564
4   8   -0.004333   -140.294   241564
4   9   -0.004341   -139.782   241564
4   10   -0.005187   -139.252   241564
4   11   -0.004217   -138.78   241564
4   12   -0.003808   -138.301   241564
4   13   -0.00464   -137.791   241564
4   14   -0.003854   -137.313   241564
4   15   -0.001912   -136.856   241564
4   16   -0.000123   -136.37   241563
4   17   -0.00019   -135.868   241563
4   18   -0.00118   -135.343   241563
4   19   -0.001593   -134.839   241563
4   20   -0.001695   -134.34   241563
4   21   -0.001974   -133.825   241563
4   22   -0.002113   -133.312   241563
4   23   -0.002185   -132.796   241563
4   24   -0.002581   -132.28   241563
4   25   -0.002548   -131.772   241563
4   26   -0.00222   -131.276   241563
4   27   -0.002238   -130.777   241563
4   28   -0.002328   -130.275   241563
4   29   -0.002259   -129.774   241563
4   30   -0.002318   -129.272   241563
6   1   -0.002262   -143.518   241566
6   2   -0.001756   -143.029   241566
6   3   -0.002915   -142.497   241566
6   4   -0.00296   -141.984   241566
6   5   -0.003081   -141.468   241566
6   6   -0.002674   -140.979   241566
6   7   -0.002449   -140.486   241566
6   8   -0.002679   -139.984   241566
6   9   -0.002693   -139.478   241566
6   10   -0.00263   -138.979   241566
6   11   -0.002345   -138.481   241566
6   12   -0.002798   -137.981   241566
6   13   -0.003351   -137.48   241566
6   14   -0.003706   -136.979   241566
6   15   -0.003213   -136.505   241566
6   16   -0.003801   -135.946   241565
6   17   -0.005045   -135.416   241565
6   18   -0.006258   -134.881   241565
6   19   -0.006482   -134.374   241565
6   20   -0.005941   -133.89   241565
6   21   -0.00635   -133.371   241565
6   22   -0.006948   -132.858   241565
6   23   -0.007543   -132.349   241565
6   24   -0.00688   -131.864   241565
6   25   -0.006848   -131.37   241565
6   26   -0.007625   -130.846   241565
6   27   -0.00722   -130.34   241565
6   28   -0.007227   -129.833   241565
6   29   -0.007297   -129.32   241565
6   30   -0.004923   -128.856   241565
