Ideal Geometry
Layer, Fibre,Ax + B
Dieter Notz (16.06.2008)
xxxxxxxxxxxxxxxxxxxxxxxxxxxxxxxxxxxxxxxxxx
20
1   1   -0.995958   -104.227   241528
1   2   -0.993755   -104.973   241528
1   3   -0.993076   -105.689   241528
1   4   -0.992874   -106.4   241528
1   5   -0.993424   -107.093   241528
1   6   -0.993399   -107.798   241528
1   7   -0.993449   -108.514   241528
1   8   -0.993995   -109.214   241528
1   9   -0.993874   -109.917   241528
1   10   -0.993794   -110.631   241528
1   11   -0.994224   -111.335   241528
1   12   -0.99425   -112.044   241528
1   13   -0.994098   -112.753   241528
1   14   -0.994121   -113.444   241528
1   15   -0.993854   -114.152   241528
1   16   -0.993883   -114.867   241528
1   17   -0.994195   -115.569   241528
1   18   -0.993834   -116.272   241528
1   19   -0.993756   -116.985   241528
1   20   -0.994183   -117.686   241528
1   21   -0.993532   -118.382   241528
1   22   -0.993196   -119.085   241528
1   23   -0.994573   -119.79   241528
1   24   -0.994951   -120.5   241528
1   25   -0.994558   -121.215   241528
1   26   -0.995522   -121.919   241528
1   27   -0.99514   -122.615   241528
1   28   -0.993847   -123.32   241528
1   29   -0.994153   -124.028   241528
1   30   -0.993992   -124.731   241528
1   31   -0.993609   -125.439   241528
1   32   -0.994233   -126.146   241528
1   33   -0.993847   -126.845   241528
1   34   -0.99318   -127.552   241528
1   35   -0.993791   -128.26   241528
1   36   -0.993755   -128.957   241528
1   37   -0.993377   -129.658   241528
1   38   -0.993877   -130.362   241528
1   39   -0.993667   -131.063   241528
1   40   -0.993238   -131.764   241528
1   41   -0.99353   -132.467   241528
1   42   -0.993486   -133.167   241528
1   43   -0.993415   -133.883   241528
1   44   -0.993784   -134.6   241528
1   45   -0.993509   -135.294   241528
1   46   -0.993257   -135.995   241528
1   47   -0.994048   -136.704   241528
1   48   -0.993871   -137.405   241528
1   49   -0.993398   -138.115   241528
1   50   -0.993997   -138.827   241528
1   51   -0.994004   -139.526   241528
1   52   -0.99369   -140.233   241528
1   53   -0.994256   -140.955   241528
1   54   -0.994527   -141.668   241528
1   55   -0.994717   -142.373   241528
1   56   -0.995087   -143.081   241528
1   57   -0.99487   -143.781   241528
1   58   -0.994856   -144.493   241528
1   59   -0.9946   -145.199   241528
1   60   -0.995062   -145.904   241528
1   61   -0.99632   -146.638   241528
1   62   -0.996042   -147.348   241528
1   63   -0.995514   -148.033   241528
1   64   -0.995892   -148.728   241528
2   1   1.00268   -148.722   241530
2   2   1.00407   -148.039   241530
2   3   1.00378   -147.338   241530
2   4   1.00383   -146.632   241530
2   5   1.00363   -145.931   241530
2   6   1.00311   -145.226   241530
2   7   1.00333   -144.516   241530
2   8   1.00342   -143.809   241530
2   9   1.00304   -143.098   241530
2   10   1.00388   -142.393   241530
2   11   1.00375   -141.691   241530
2   12   1.00266   -140.978   241530
2   13   1.00324   -140.265   241530
2   14   1.00314   -139.562   241530
2   15   1.00228   -138.85   241530
2   16   1.00294   -138.134   241530
2   17   1.00299   -137.43   241530
2   18   1.0022   -136.723   241530
2   19   1.00272   -136.006   241530
2   20   1.00281   -135.294   241530
2   21   1.00224   -134.59   241530
2   22   1.00284   -133.875   241530
2   23   1.00319   -133.166   241530
2   24   1.00263   -132.46   241530
2   25   1.00287   -131.735   241530
2   26   1.00287   -131.017   241530
2   27   1.0023   -130.309   241530
2   28   1.00268   -129.587   241530
2   29   1.00255   -128.872   241530
2   30   1.00232   -128.174   241530
2   31   1.0027   -127.463   241530
2   32   1.00249   -126.747   241530
2   33   1.00261   -126.043   241530
2   34   1.00295   -125.333   241530
2   35   1.00246   -124.616   241530
2   36   1.00241   -123.904   241530
2   37   1.0028   -123.187   241530
2   38   1.00263   -122.482   241530
2   39   1.00259   -121.789   241530
2   40   1.0027   -121.077   241530
2   41   1.00271   -120.363   241530
2   42   1.00297   -119.662   241530
2   43   1.00271   -118.954   241530
2   44   1.00213   -118.249   241530
2   45   1.00196   -117.554   241530
2   46   1.00181   -116.848   241530
2   47   1.00183   -116.135   241530
2   48   1.00172   -115.431   241530
2   49   1.00124   -114.731   241530
2   50   1.00116   -114.027   241530
2   51   1.00133   -113.326   241530
2   52   1.00076   -112.615   241530
2   53   1.00034   -111.9   241530
2   54   1.00029   -111.199   241530
2   55   0.999871   -110.492   241530
2   56   0.99991   -109.785   241530
2   57   0.99985   -109.087   241530
2   58   0.99919   -108.379   241530
2   59   0.999213   -107.673   241530
2   60   0.99938   -106.972   241530
2   61   0.998894   -106.263   241530
2   62   0.998446   -105.556   241530
2   63   0.998262   -104.85   241530
2   64   0.998238   -104.158   241530
3   1   -0.995609   -104.525   241530
3   2   -0.993632   -105.259   241530
3   3   -0.993486   -105.963   241530
3   4   -0.993262   -106.677   241530
3   5   -0.993633   -107.394   241530
3   6   -0.993679   -108.094   241530
3   7   -0.993522   -108.798   241530
3   8   -0.993595   -109.508   241530
3   9   -0.993241   -110.203   241530
3   10   -0.993205   -110.909   241530
3   11   -0.993455   -111.618   241530
3   12   -0.993446   -112.315   241530
3   13   -0.993715   -113.024   241530
3   14   -0.993679   -113.739   241530
3   15   -0.993514   -114.442   241530
3   16   -0.99369   -115.151   241530
3   17   -0.99369   -115.863   241530
3   18   -0.993425   -116.565   241530
3   19   -0.993502   -117.274   241530
3   20   -0.993727   -117.984   241530
3   21   -0.993589   -118.684   241530
3   22   -0.993559   -119.394   241530
3   23   -0.993416   -120.103   241530
3   24   -0.993663   -120.808   241530
3   25   -0.994024   -121.523   241530
3   26   -0.994044   -122.23   241530
3   27   -0.993996   -122.944   241530
3   28   -0.993712   -123.657   241530
3   29   -0.993674   -124.35   241530
3   30   -0.993595   -125.041   241530
3   31   -0.993919   -125.746   241530
3   32   -0.994081   -126.454   241530
3   33   -0.99372   -127.165   241530
3   34   -0.993918   -127.886   241530
3   35   -0.993848   -128.585   241530
3   36   -0.993458   -129.282   241530
3   37   -0.994065   -129.997   241530
3   38   -0.993997   -130.697   241530
3   39   -0.993445   -131.395   241530
3   40   -0.994088   -132.113   241530
3   41   -0.994197   -132.82   241530
3   42   -0.99366   -133.517   241530
3   43   -0.994143   -134.23   241530
3   44   -0.994325   -134.932   241530
3   45   -0.993586   -135.628   241530
3   46   -0.994166   -136.343   241530
3   47   -0.994871   -137.046   241530
3   48   -0.994269   -137.741   241530
3   49   -0.994766   -138.463   241530
3   50   -0.995472   -139.175   241530
3   51   -0.995015   -139.873   241530
3   52   -0.995424   -140.596   241530
3   53   -0.995738   -141.302   241530
3   54   -0.995068   -141.987   241530
3   55   -0.995818   -142.707   241530
3   56   -0.996637   -143.432   241530
3   57   -0.995958   -144.13   241530
3   58   -0.996215   -144.844   241530
3   59   -0.996591   -145.556   241530
3   60   -0.996304   -146.253   241530
3   61   -0.997428   -146.983   241530
3   62   -0.998221   -147.703   241530
3   63   -0.997956   -148.399   241530
3   64   -0.998734   -149.125   241530
4   1   1.00006   -148.446   241532
4   2   0.99893   -147.71   241532
4   3   0.998915   -147.002   241532
4   4   0.998602   -146.296   241532
4   5   0.997945   -145.567   241532
4   6   0.997538   -144.853   241532
4   7   0.997862   -144.167   241532
4   8   0.997174   -143.457   241532
4   9   0.996413   -142.749   241532
4   10   0.996715   -142.044   241532
4   11   0.996435   -141.327   241532
4   12   0.995804   -140.616   241532
4   13   0.99597   -139.918   241532
4   14   0.995682   -139.217   241532
4   15   0.994788   -138.508   241532
4   16   0.994652   -137.797   241532
4   17   0.994665   -137.086   241532
4   18   0.994305   -136.377   241532
4   19   0.994218   -135.66   241532
4   20   0.994133   -134.949   241532
4   21   0.993889   -134.248   241532
4   22   0.994038   -133.54   241532
4   23   0.994089   -132.833   241532
4   24   0.993881   -132.131   241532
4   25   0.993812   -131.42   241532
4   26   0.993936   -130.712   241532
4   27   0.99381   -130.008   241532
4   28   0.993705   -129.301   241532
4   29   0.993924   -128.598   241532
4   30   0.994224   -127.899   241532
4   31   0.994057   -127.195   241532
4   32   0.993686   -126.486   241532
4   33   0.993923   -125.787   241532
4   34   0.993926   -125.088   241532
4   35   0.993813   -124.384   241532
4   36   0.994159   -123.682   241532
4   37   0.993992   -122.976   241532
4   38   0.993933   -122.262   241532
4   39   0.994535   -121.557   241532
4   40   0.994547   -120.85   241532
4   41   0.994345   -120.135   241532
4   42   0.994513   -119.429   241532
4   43   0.994383   -118.726   241532
4   44   0.994275   -118.011   241532
4   45   0.994464   -117.303   241532
4   46   0.994184   -116.602   241532
4   47   0.994526   -115.89   241532
4   48   0.994923   -115.18   241532
4   49   0.994434   -114.469   241532
4   50   0.994531   -113.759   241532
4   51   0.994787   -113.054   241532
4   52   0.994445   -112.351   241532
4   53   0.994332   -111.651   241532
4   54   0.994492   -110.946   241532
4   55   0.994651   -110.235   241532
4   56   0.994618   -109.525   241532
4   57   0.994569   -108.822   241532
4   58   0.994929   -108.114   241532
4   59   0.994768   -107.41   241532
4   60   0.994588   -106.708   241532
4   61   0.994875   -105.996   241532
4   62   0.994686   -105.291   241532
4   63   0.994742   -104.59   241532
4   64   0.995718   -103.881   241532
5   1   -0.999784   -104.009   241532
5   2   -0.998115   -104.731   241532
5   3   -0.99807   -105.448   241532
5   4   -0.99809   -106.157   241532
5   5   -0.998415   -106.865   241532
5   6   -0.998237   -107.572   241532
5   7   -0.997996   -108.285   241532
5   8   -0.998375   -108.989   241532
5   9   -0.998366   -109.699   241532
5   10   -0.998136   -110.422   241532
5   11   -0.998356   -111.127   241532
5   12   -0.998287   -111.827   241532
5   13   -0.998166   -112.534   241532
5   14   -0.99837   -113.245   241532
5   15   -0.998425   -113.948   241532
5   16   -0.998506   -114.656   241532
5   17   -0.998606   -115.367   241532
5   18   -0.998401   -116.073   241532
5   19   -0.998527   -116.784   241532
5   20   -0.998892   -117.491   241532
5   21   -0.998707   -118.189   241532
5   22   -0.998576   -118.893   241532
5   23   -0.998768   -119.606   241532
5   24   -0.998281   -120.31   241532
5   25   -0.99826   -121.02   241532
5   26   -0.999014   -121.731   241532
5   27   -0.999131   -122.431   241532
5   28   -0.999065   -123.139   241532
5   29   -0.999234   -123.853   241532
5   30   -0.999116   -124.555   241532
5   31   -0.998843   -125.264   241532
5   32   -0.998837   -125.973   241532
5   33   -0.998855   -126.673   241532
5   34   -0.99899   -127.384   241532
5   35   -0.998907   -128.094   241532
5   36   -0.998929   -128.795   241532
5   37   -0.999337   -129.506   241532
5   38   -0.999244   -130.218   241532
5   39   -0.999102   -130.925   241532
5   40   -0.999491   -131.64   241532
5   41   -0.999296   -132.348   241532
5   42   -0.999357   -133.049   241532
5   43   -0.999865   -133.769   241532
5   44   -0.999247   -134.473   241532
5   45   -0.999071   -135.171   241532
5   46   -0.999895   -135.896   241532
5   47   -0.999493   -136.602   241532
5   48   -0.999607   -137.305   241532
5   49   -1.00066   -138.027   241532
5   50   -0.999957   -138.722   241532
5   51   -1.0002   -139.419   241532
5   52   -1.00148   -140.146   241532
5   53   -1.00081   -140.86   241532
5   54   -1.00087   -141.566   241532
5   55   -1.0019   -142.291   241532
5   56   -1.00181   -143.003   241532
5   57   -1.00212   -143.707   241532
5   58   -1.00289   -144.433   241532
5   59   -1.00319   -145.15   241532
5   60   -1.00298   -145.846   241532
5   61   -1.003   -146.558   241532
5   62   -1.00382   -147.292   241532
5   63   -1.00389   -147.996   241532
5   64   -1.00279   -148.682   241532
6   1   1.00397   -148.829   241534
6   2   1.00347   -148.116   241534
6   3   1.00273   -147.395   241534
6   4   1.00291   -146.68   241534
6   5   1.00326   -145.975   241534
6   6   1.00228   -145.251   241534
6   7   1.00231   -144.538   241534
6   8   1.00304   -143.845   241534
6   9   1.00239   -143.123   241534
6   10   1.00212   -142.404   241534
6   11   1.00188   -141.706   241534
6   12   1.00075   -140.977   241534
6   13   1.00096   -140.257   241534
6   14   1.00151   -139.572   241534
6   15   1.00054   -138.859   241534
6   16   1.00011   -138.145   241534
6   17   1.00044   -137.447   241534
6   18   0.99956   -136.728   241534
6   19   0.999224   -136.007   241534
6   20   0.999606   -135.302   241534
6   21   0.999139   -134.595   241534
6   22   0.99893   -133.88   241534
6   23   0.998994   -133.175   241534
6   24   0.998501   -132.469   241534
6   25   0.998253   -131.754   241534
6   26   0.998815   -131.046   241534
6   27   0.998307   -130.332   241534
6   28   0.997582   -129.616   241534
6   29   0.998038   -128.913   241534
6   30   0.998124   -128.216   241534
6   31   0.9978   -127.512   241534
6   32   0.997816   -126.8   241534
6   33   0.998162   -126.103   241534
6   34   0.997974   -125.4   241534
6   35   0.997542   -124.681   241534
6   36   0.997775   -123.985   241534
6   37   0.997828   -123.288   241534
6   38   0.997917   -122.58   241534
6   39   0.998441   -121.88   241534
6   40   0.998315   -121.172   241534
6   41   0.998019   -120.459   241534
6   42   0.99834   -119.759   241534
6   43   0.998599   -119.054   241534
6   44   0.998218   -118.343   241534
6   45   0.998104   -117.645   241534
6   46   0.998149   -116.939   241534
6   47   0.998181   -116.227   241534
6   48   0.998337   -115.526   241534
6   49   0.998205   -114.82   241534
6   50   0.998208   -114.102   241534
6   51   0.998149   -113.398   241534
6   52   0.997909   -112.694   241534
6   53   0.997824   -111.977   241534
6   54   0.997973   -111.264   241534
6   55   0.998298   -110.556   241534
6   56   0.998382   -109.843   241534
6   57   0.998351   -109.143   241534
6   58   0.998297   -108.442   241534
6   59   0.998109   -107.728   241534
6   60   0.998133   -107.023   241534
6   61   0.998294   -106.312   241534
6   62   0.997981   -105.598   241534
6   63   0.997983   -104.894   241534
6   64   0.999387   -104.19   241534
7   1   -0.998338   -104.307   241534
7   2   -0.99683   -105.025   241534
7   3   -0.996804   -105.732   241534
7   4   -0.997017   -106.44   241534
7   5   -0.996978   -107.145   241534
7   6   -0.996955   -107.842   241534
7   7   -0.996894   -108.558   241534
7   8   -0.996929   -109.269   241534
7   9   -0.996966   -109.977   241534
7   10   -0.996838   -110.686   241534
7   11   -0.997035   -111.386   241534
7   12   -0.996764   -112.091   241534
7   13   -0.996626   -112.801   241534
7   14   -0.997115   -113.5   241534
7   15   -0.996866   -114.214   241534
7   16   -0.996925   -114.939   241534
7   17   -0.997235   -115.641   241534
7   18   -0.996731   -116.342   241534
7   19   -0.99669   -117.048   241534
7   20   -0.996999   -117.743   241534
7   21   -0.996708   -118.447   241534
7   22   -0.996799   -119.167   241534
7   23   -0.996824   -119.874   241534
7   24   -0.99654   -120.569   241534
7   25   -0.996829   -121.275   241534
7   26   -0.996914   -121.98   241534
7   27   -0.996668   -122.682   241534
7   28   -0.996942   -123.386   241534
7   29   -0.996804   -124.084   241534
7   30   -0.996436   -124.785   241534
7   31   -0.997007   -125.497   241534
7   32   -0.996829   -126.196   241534
7   33   -0.996357   -126.891   241534
7   34   -0.997138   -127.611   241534
7   35   -0.996901   -128.315   241534
7   36   -0.996347   -129.009   241534
7   37   -0.997274   -129.727   241534
7   38   -0.996852   -130.428   241534
7   39   -0.996237   -131.12   241534
7   40   -0.997262   -131.84   241534
7   41   -0.997321   -132.544   241534
7   42   -0.996683   -133.242   241534
7   43   -0.997296   -133.965   241534
7   44   -0.997869   -134.679   241534
7   45   -0.99752   -135.38   241534
7   46   -0.998117   -136.096   241534
7   47   -0.998335   -136.803   241534
7   48   -0.99754   -137.502   241534
7   49   -0.99863   -138.235   241534
7   50   -0.999365   -138.947   241534
7   51   -0.998994   -139.638   241534
7   52   -0.999916   -140.358   241534
7   53   -1.00032   -141.062   241534
7   54   -0.999828   -141.759   241534
7   55   -1.00039   -142.484   241534
7   56   -1.00096   -143.193   241534
7   57   -1.00101   -143.897   241534
7   58   -1.00176   -144.625   241534
7   59   -1.0024   -145.34   241534
7   60   -1.00212   -146.035   241534
7   61   -1.00243   -146.752   241534
7   62   -1.00318   -147.474   241534
7   63   -1.00272   -148.17   241534
7   64   -1.00232   -148.861   241534
8   1   1.00483   -148.626   241536
8   2   1.00364   -147.904   241536
8   3   1.00305   -147.19   241536
8   4   1.0027   -146.476   241536
8   5   1.00225   -145.757   241536
8   6   1.00199   -145.046   241536
8   7   1.00154   -144.324   241536
8   8   1.00069   -143.605   241536
8   9   1.00085   -142.91   241536
8   10   1.00097   -142.201   241536
8   11   1.0002   -141.477   241536
8   12   0.999641   -140.771   241536
8   13   0.999035   -140.064   241536
8   14   0.999515   -139.363   241536
8   15   0.999603   -138.662   241536
8   16   0.998654   -137.949   241536
8   17   0.998884   -137.239   241536
8   18   0.999114   -136.536   241536
8   19   0.998413   -135.817   241536
8   20   0.997954   -135.09   241536
8   21   0.99808   -134.384   241536
8   22   0.9978   -133.674   241536
8   23   0.997813   -132.96   241536
8   24   0.997952   -132.257   241536
8   25   0.997209   -131.548   241536
8   26   0.997113   -130.836   241536
8   27   0.997635   -130.139   241536
8   28   0.997382   -129.442   241536
8   29   0.997204   -128.733   241536
8   30   0.997636   -128.034   241536
8   31   0.997401   -127.33   241536
8   32   0.997374   -126.613   241536
8   33   0.997687   -125.908   241536
8   34   0.997328   -125.203   241536
8   35   0.997296   -124.488   241536
8   36   0.997689   -123.78   241536
8   37   0.997337   -123.07   241536
8   38   0.9971   -122.357   241536
8   39   0.997727   -121.653   241536
8   40   0.997848   -120.942   241536
8   41   0.997336   -120.224   241536
8   42   0.997264   -119.519   241536
8   43   0.997629   -118.817   241536
8   44   0.997678   -118.109   241536
8   45   0.997559   -117.407   241536
8   46   0.997566   -116.706   241536
8   47   0.997568   -116   241536
8   48   0.997664   -115.297   241536
8   49   0.997548   -114.589   241536
8   50   0.99739   -113.873   241536
8   51   0.997568   -113.168   241536
8   52   0.99765   -112.462   241536
8   53   0.997583   -111.75   241536
8   54   0.997532   -111.046   241536
8   55   0.997671   -110.341   241536
8   56   0.99772   -109.631   241536
8   57   0.997461   -108.926   241536
8   58   0.997484   -108.214   241536
8   59   0.997606   -107.504   241536
8   60   0.997624   -106.802   241536
8   61   0.997784   -106.092   241536
8   62   0.997585   -105.386   241536
8   63   0.997486   -104.691   241536
8   64   0.998476   -103.982   241536
9   1   -0.996287   -103.961   241536
9   2   -0.994101   -104.701   241536
9   3   -0.994158   -105.405   241536
9   4   -0.994243   -106.111   241536
9   5   -0.994506   -106.819   241536
9   6   -0.994188   -107.53   241536
9   7   -0.99424   -108.24   241536
9   8   -0.994976   -108.939   241536
9   9   -0.994857   -109.638   241536
9   10   -0.994587   -110.349   241536
9   11   -0.994889   -111.064   241536
9   12   -0.994685   -111.77   241536
9   13   -0.994528   -112.474   241536
9   14   -0.994797   -113.179   241536
9   15   -0.994722   -113.889   241536
9   16   -0.994964   -114.605   241536
9   17   -0.995047   -115.308   241536
9   18   -0.994782   -116.006   241536
9   19   -0.995113   -116.721   241536
9   20   -0.994965   -117.432   241536
9   21   -0.994998   -118.124   241536
9   22   -0.995454   -118.834   241536
9   23   -0.99507   -119.555   241536
9   24   -0.99548   -120.259   241536
9   25   -0.996054   -120.959   241536
9   26   -0.995752   -121.673   241536
9   27   -0.995877   -122.382   241536
9   28   -0.995967   -123.089   241536
9   29   -0.995308   -123.803   241536
9   30   -0.995302   -124.499   241536
9   31   -0.995591   -125.202   241536
9   32   -0.995454   -125.919   241536
9   33   -0.995859   -126.622   241536
9   34   -0.995883   -127.328   241536
9   35   -0.995376   -128.042   241536
9   36   -0.995936   -128.744   241536
9   37   -0.996238   -129.448   241536
9   38   -0.995329   -130.158   241536
9   39   -0.99545   -130.857   241536
9   40   -0.995824   -131.569   241536
9   41   -0.995729   -132.288   241536
9   42   -0.996193   -132.983   241536
9   43   -0.996215   -133.688   241536
9   44   -0.995642   -134.405   241536
9   45   -0.996022   -135.11   241536
9   46   -0.996389   -135.823   241536
9   47   -0.995828   -136.533   241536
9   48   -0.995966   -137.23   241536
9   49   -0.996387   -137.938   241536
9   50   -0.99593   -138.645   241536
9   51   -0.996318   -139.346   241536
9   52   -0.996854   -140.054   241536
9   53   -0.996108   -140.758   241536
9   54   -0.996675   -141.469   241536
9   55   -0.997287   -142.188   241536
9   56   -0.99643   -142.901   241536
9   57   -0.997225   -143.613   241536
9   58   -0.998241   -144.328   241536
9   59   -0.996982   -145.024   241536
9   60   -0.996835   -145.72   241536
9   61   -0.998129   -146.45   241536
9   62   -0.998126   -147.163   241536
9   63   -0.998967   -147.869   241536
9   64   -1.00079   -148.597   241536
10   1   1.00411   -149.057   241538
10   2   1.00264   -148.339   241538
10   3   1.00347   -147.658   241538
10   4   1.00324   -146.946   241538
10   5   1.00254   -146.212   241538
10   6   1.00315   -145.508   241538
10   7   1.00322   -144.803   241538
10   8   1.00334   -144.09   241538
10   9   1.00388   -143.394   241538
10   10   1.00274   -142.676   241538
10   11   1.00236   -141.952   241538
10   12   1.0034   -141.253   241538
10   13   1.00265   -140.548   241538
10   14   1.00187   -139.823   241538
10   15   1.00263   -139.124   241538
10   16   1.00245   -138.423   241538
10   17   1.00232   -137.696   241538
10   18   1.00314   -136.991   241538
10   19   1.00279   -136.281   241538
10   20   1.00275   -135.555   241538
10   21   1.00337   -134.858   241538
10   22   1.00267   -134.165   241538
10   23   1.00244   -133.446   241538
10   24   1.00304   -132.742   241538
10   25   1.00264   -132.045   241538
10   26   1.00256   -131.328   241538
10   27   1.00319   -130.627   241538
10   28   1.00293   -129.92   241538
10   29   1.00245   -129.2   241538
10   30   1.00267   -128.498   241538
10   31   1.00258   -127.796   241538
10   32   1.0027   -127.083   241538
10   33   1.00311   -126.381   241538
10   34   1.00254   -125.673   241538
10   35   1.00194   -124.954   241538
10   36   1.00194   -124.244   241538
10   37   1.00173   -123.527   241538
10   38   1.0019   -122.807   241538
10   39   1.00238   -122.101   241538
10   40   1.0022   -121.403   241538
10   41   1.00213   -120.685   241538
10   42   1.00203   -119.968   241538
10   43   1.00178   -119.267   241538
10   44   1.0016   -118.555   241538
10   45   1.00126   -117.848   241538
10   46   1.00096   -117.148   241538
10   47   1.00082   -116.427   241538
10   48   1.00104   -115.711   241538
10   49   1.00097   -115.002   241538
10   50   1.00065   -114.282   241538
10   51   1.00072   -113.571   241538
10   52   1.00073   -112.875   241538
10   53   1.00063   -112.165   241538
10   54   1.00058   -111.447   241538
10   55   1.00039   -110.742   241538
10   56   1.00026   -110.033   241538
10   57   1.00026   -109.319   241538
10   58   1.00041   -108.611   241538
10   59   1.00047   -107.897   241538
10   60   1.00021   -107.185   241538
10   61   1.00015   -106.485   241538
10   62   1.00019   -105.775   241538
10   63   1.00013   -105.06   241538
10   64   1.00143   -104.346   241538
11   1   -1.00407   -104.447   241538
11   2   -1.00229   -105.167   241538
11   3   -1.00117   -105.873   241538
11   4   -1.00114   -106.589   241538
11   5   -1.00196   -107.313   241538
11   6   -1.00151   -108.03   241538
11   7   -1.00125   -108.737   241538
11   8   -1.00215   -109.441   241538
11   9   -1.00178   -110.149   241538
11   10   -1.00151   -110.857   241538
11   11   -1.00224   -111.571   241538
11   12   -1.00209   -112.283   241538
11   13   -1.00213   -112.988   241538
11   14   -1.00253   -113.697   241538
11   15   -1.00214   -114.408   241538
11   16   -1.00231   -115.118   241538
11   17   -1.00276   -115.825   241538
11   18   -1.00237   -116.532   241538
11   19   -1.00237   -117.245   241538
11   20   -1.00275   -117.959   241538
11   21   -1.00245   -118.671   241538
11   22   -1.0027   -119.379   241538
11   23   -1.00295   -120.08   241538
11   24   -1.00271   -120.789   241538
11   25   -1.0032   -121.502   241538
11   26   -1.00346   -122.213   241538
11   27   -1.00311   -122.926   241538
11   28   -1.00343   -123.632   241538
11   29   -1.00332   -124.342   241538
11   30   -1.00292   -125.054   241538
11   31   -1.0037   -125.764   241538
11   32   -1.00388   -126.478   241538
11   33   -1.00348   -127.201   241538
11   34   -1.00389   -127.918   241538
11   35   -1.00412   -128.626   241538
11   36   -1.00416   -129.337   241538
11   37   -1.00483   -130.049   241538
11   38   -1.00484   -130.755   241538
11   39   -1.00449   -131.463   241538
11   40   -1.00488   -132.176   241538
11   41   -1.00501   -132.883   241538
11   42   -1.00481   -133.603   241538
11   43   -1.00512   -134.317   241538
11   44   -1.00565   -135.023   241538
11   45   -1.00603   -135.74   241538
11   46   -1.00585   -136.452   241538
11   47   -1.00554   -137.159   241538
11   48   -1.00552   -137.871   241538
11   49   -1.00552   -138.578   241538
11   50   -1.00514   -139.273   241538
11   51   -1.00513   -139.984   241538
11   52   -1.00685   -140.717   241538
11   53   -1.00723   -141.423   241538
11   54   -1.00575   -142.117   241538
11   55   -1.00641   -142.842   241538
11   56   -1.00768   -143.562   241538
11   57   -1.00749   -144.263   241538
11   58   -1.00757   -144.977   241538
11   59   -1.00783   -145.688   241538
11   60   -1.00754   -146.389   241538
11   61   -1.00779   -147.105   241538
11   62   -1.00913   -147.835   241538
11   63   -1.01032   -148.566   241538
11   64   -1.0126   -149.315   241538
12   1   1.00174   -148.333   241540
12   2   1.00277   -147.642   241540
12   3   1.00337   -146.947   241540
12   4   1.00174   -146.214   241540
12   5   1.00197   -145.507   241540
12   6   1.0023   -144.803   241540
12   7   1.00083   -144.065   241540
12   8   1.00099   -143.354   241540
12   9   1.00171   -142.659   241540
12   10   1.00073   -141.929   241540
12   11   1.00031   -141.208   241540
12   12   1.00052   -140.505   241540
12   13   0.999846   -139.78   241540
12   14   0.99948   -139.061   241540
12   15   1.00005   -138.368   241540
12   16   0.999924   -137.656   241540
12   17   0.999495   -136.934   241540
12   18   1.00021   -136.238   241540
12   19   1.00028   -135.534   241540
12   20   0.999687   -134.819   241540
12   21   0.999995   -134.119   241540
12   22   0.999993   -133.413   241540
12   23   0.99908   -132.694   241540
12   24   0.999417   -131.996   241540
12   25   0.999863   -131.298   241540
12   26   0.999455   -130.585   241540
12   27   0.999983   -129.892   241540
12   28   0.999831   -129.187   241540
12   29   0.999219   -128.462   241540
12   30   0.999974   -127.761   241540
12   31   1.00001   -127.064   241540
12   32   0.999327   -126.352   241540
12   33   0.999744   -125.647   241540
12   34   0.999803   -124.936   241540
12   35   0.999782   -124.222   241540
12   36   1.00007   -123.517   241540
12   37   0.999956   -122.806   241540
12   38   0.999984   -122.099   241540
12   39   1.00028   -121.402   241540
12   40   1.0003   -120.695   241540
12   41   1.00016   -119.982   241540
12   42   1.00011   -119.28   241540
12   43   0.999771   -118.573   241540
12   44   0.999496   -117.859   241540
12   45   0.999804   -117.151   241540
12   46   1.00004   -116.447   241540
12   47   0.999758   -115.738   241540
12   48   1.00001   -115.028   241540
12   49   1.0001   -114.321   241540
12   50   0.999969   -113.609   241540
12   51   1.00021   -112.896   241540
12   52   0.999818   -112.191   241540
12   53   0.999324   -111.485   241540
12   54   0.999512   -110.773   241540
12   55   0.999682   -110.067   241540
12   56   0.999564   -109.363   241540
12   57   0.9996   -108.663   241540
12   58   0.999684   -107.961   241540
12   59   0.999538   -107.257   241540
12   60   0.999502   -106.56   241540
12   61   0.999677   -105.857   241540
12   62   0.999457   -105.155   241540
12   63   0.999229   -104.455   241540
12   64   0.999267   -103.747   241540
13   1   -0.999419   -104.051   241540
13   2   -0.999175   -104.767   241540
13   3   -0.999226   -105.472   241540
13   4   -0.999285   -106.186   241540
13   5   -0.999548   -106.908   241540
13   6   -0.999408   -107.605   241540
13   7   -0.999424   -108.309   241540
13   8   -0.999759   -109.021   241540
13   9   -0.999632   -109.717   241540
13   10   -0.999606   -110.424   241540
13   11   -1.00001   -111.137   241540
13   12   -1.00038   -111.836   241540
13   13   -1.00083   -112.541   241540
13   14   -1.00109   -113.258   241540
13   15   -1.00137   -113.96   241540
13   16   -1.00151   -114.664   241540
13   17   -1.00148   -115.381   241540
13   18   -1.00197   -116.087   241540
13   19   -1.00218   -116.801   241540
13   20   -1.00183   -117.519   241540
13   21   -1.00236   -118.22   241540
13   22   -1.0032   -118.92   241540
13   23   -1.00354   -119.642   241540
13   24   -1.00427   -120.347   241540
13   25   -1.00471   -121.047   241540
13   26   -1.00452   -121.768   241540
13   27   -1.00464   -122.477   241540
13   28   -1.00482   -123.183   241540
13   29   -1.0048   -123.904   241540
13   30   -1.00543   -124.613   241540
13   31   -1.00608   -125.327   241540
13   32   -1.00607   -126.052   241540
13   33   -1.00668   -126.764   241540
13   34   -1.00699   -127.47   241540
13   35   -1.00633   -128.188   241540
13   36   -1.00669   -128.898   241540
13   37   -1.00718   -129.602   241540
13   38   -1.00653   -130.313   241540
13   39   -1.0068   -131.02   241540
13   40   -1.00728   -131.721   241540
13   41   -1.00664   -132.424   241540
13   42   -1.00682   -133.137   241540
13   43   -1.00725   -133.849   241540
13   44   -1.00677   -134.557   241540
13   45   -1.00724   -135.27   241540
13   46   -1.00774   -135.982   241540
13   47   -1.00692   -136.684   241540
13   48   -1.00707   -137.389   241540
13   49   -1.00785   -138.111   241540
13   50   -1.00744   -138.819   241540
13   51   -1.00767   -139.532   241540
13   52   -1.00821   -140.258   241540
13   53   -1.00762   -140.96   241540
13   54   -1.00781   -141.66   241540
13   55   -1.00839   -142.374   241540
13   56   -1.00813   -143.091   241540
13   57   -1.00809   -143.803   241540
13   58   -1.00846   -144.52   241540
13   59   -1.00859   -145.234   241540
13   60   -1.00829   -145.933   241540
13   61   -1.00849   -146.654   241540
13   62   -1.00918   -147.383   241540
13   63   -1.00914   -148.089   241540
13   64   -1.00877   -148.783   241540
14   1   1.00192   -148.778   241542
14   2   1.00184   -148.084   241542
14   3   1.00076   -147.36   241542
14   4   0.999996   -146.635   241542
14   5   0.998938   -145.909   241542
14   6   0.998754   -145.203   241542
14   7   0.998735   -144.494   241542
14   8   0.998096   -143.781   241542
14   9   0.998156   -143.075   241542
14   10   0.998757   -142.364   241542
14   11   0.997835   -141.644   241542
14   12   0.997385   -140.939   241542
14   13   0.998411   -140.234   241542
14   14   0.998484   -139.52   241542
14   15   0.997962   -138.82   241542
14   16   0.997151   -138.115   241542
14   17   0.997391   -137.413   241542
14   18   0.997812   -136.715   241542
14   19   0.997371   -136.011   241542
14   20   0.997692   -135.306   241542
14   21   0.997883   -134.605   241542
14   22   0.997464   -133.904   241542
14   23   0.997358   -133.199   241542
14   24   0.997465   -132.499   241542
14   25   0.997328   -131.793   241542
14   26   0.997315   -131.082   241542
14   27   0.997517   -130.376   241542
14   28   0.997447   -129.664   241542
14   29   0.997414   -128.955   241542
14   30   0.99758   -128.255   241542
14   31   0.997638   -127.551   241542
14   32   0.997552   -126.846   241542
14   33   0.997555   -126.146   241542
14   34   0.997787   -125.442   241542
14   35   0.997768   -124.732   241542
14   36   0.997992   -124.028   241542
14   37   0.998242   -123.321   241542
14   38   0.998192   -122.611   241542
14   39   0.998546   -121.911   241542
14   40   0.99893   -121.196   241542
14   41   0.998925   -120.484   241542
14   42   0.998609   -119.79   241542
14   43   0.998305   -119.083   241542
14   44   0.998164   -118.373   241542
14   45   0.998239   -117.68   241542
14   46   0.998173   -116.973   241542
14   47   0.998271   -116.26   241542
14   48   0.99883   -115.559   241542
14   49   0.998752   -114.853   241542
14   50   0.998416   -114.138   241542
14   51   0.998658   -113.433   241542
14   52   0.998758   -112.733   241542
14   53   0.998547   -112.016   241542
14   54   0.998591   -111.3   241542
14   55   0.998734   -110.594   241542
14   56   0.998605   -109.881   241542
14   57   0.998608   -109.176   241542
14   58   0.998736   -108.473   241542
14   59   0.998597   -107.765   241542
14   60   0.998613   -107.062   241542
14   61   0.998774   -106.354   241542
14   62   0.998904   -105.644   241542
14   63   0.998957   -104.943   241542
14   64   0.99997   -104.227   241542
15   1   -0.998266   -104.345   241542
15   2   -0.997058   -105.061   241542
15   3   -0.99696   -105.773   241542
15   4   -0.996915   -106.483   241542
15   5   -0.997513   -107.18   241542
15   6   -0.997317   -107.887   241542
15   7   -0.997123   -108.602   241542
15   8   -0.997496   -109.297   241542
15   9   -0.997468   -110.009   241542
15   10   -0.997374   -110.731   241542
15   11   -0.99778   -111.429   241542
15   12   -0.998085   -112.135   241542
15   13   -0.997674   -112.845   241542
15   14   -0.997622   -113.549   241542
15   15   -0.998256   -114.248   241542
15   16   -0.998286   -114.951   241542
15   17   -0.998159   -115.652   241542
15   18   -0.998458   -116.352   241542
15   19   -0.998406   -117.057   241542
15   20   -0.998638   -117.764   241542
15   21   -0.999052   -118.47   241542
15   22   -0.998859   -119.18   241542
15   23   -0.99868   -119.887   241542
15   24   -0.998838   -120.589   241542
15   25   -0.999173   -121.298   241542
15   26   -0.999284   -122.002   241542
15   27   -0.999084   -122.704   241542
15   28   -0.999075   -123.411   241542
15   29   -0.999204   -124.114   241542
15   30   -0.999504   -124.819   241542
15   31   -0.999735   -125.528   241542
15   32   -0.999675   -126.229   241542
15   33   -0.999661   -126.933   241542
15   34   -0.999878   -127.646   241542
15   35   -1.00034   -128.353   241542
15   36   -1.00009   -129.06   241542
15   37   -0.999922   -129.769   241542
15   38   -1.00065   -130.478   241542
15   39   -1.00118   -131.181   241542
15   40   -1.00092   -131.887   241542
15   41   -1.00053   -132.593   241542
15   42   -1.00097   -133.299   241542
15   43   -1.00112   -134.008   241542
15   44   -1.00094   -134.715   241542
15   45   -1.0014   -135.42   241542
15   46   -1.0016   -136.118   241542
15   47   -1.002   -136.823   241542
15   48   -1.00243   -137.532   241542
15   49   -1.00229   -138.24   241542
15   50   -1.00286   -138.958   241542
15   51   -1.0029   -139.672   241542
15   52   -1.00243   -140.38   241542
15   53   -1.00355   -141.108   241542
15   54   -1.00424   -141.828   241542
15   55   -1.00355   -142.537   241542
15   56   -1.00378   -143.259   241542
15   57   -1.0043   -143.972   241542
15   58   -1.00403   -144.677   241542
15   59   -1.00398   -145.393   241542
15   60   -1.0052   -146.115   241542
15   61   -1.00569   -146.826   241542
15   62   -1.00523   -147.533   241542
15   63   -1.00555   -148.246   241542
15   64   -1.00572   -148.951   241542
16   1   1.00601   -148.52   241544
16   2   1.00633   -147.826   241544
16   3   1.00656   -147.125   241544
16   4   1.00377   -146.369   241544
16   5   1.00299   -145.645   241544
16   6   1.00323   -144.947   241544
16   7   1.00202   -144.215   241544
16   8   1.00214   -143.496   241544
16   9   1.00253   -142.794   241544
16   10   1.00176   -142.074   241544
16   11   1.00131   -141.357   241544
16   12   1.00147   -140.658   241544
16   13   1.00124   -139.947   241544
16   14   1.00054   -139.227   241544
16   15   1.00089   -138.528   241544
16   16   1.00115   -137.824   241544
16   17   0.99997   -137.105   241544
16   18   1.00018   -136.407   241544
16   19   1.0007   -135.699   241544
16   20   0.999498   -134.972   241544
16   21   0.999461   -134.275   241544
16   22   1.00037   -133.573   241544
16   23   1.00033   -132.859   241544
16   24   1.00016   -132.148   241544
16   25   1.00032   -131.44   241544
16   26   1.0001   -130.733   241544
16   27   0.999929   -130.03   241544
16   28   1.00024   -129.327   241544
16   29   0.999997   -128.621   241544
16   30   0.999857   -127.924   241544
16   31   1.00016   -127.213   241544
16   32   0.999892   -126.506   241544
16   33   0.999884   -125.815   241544
16   34   1.00011   -125.103   241544
16   35   0.999794   -124.388   241544
16   36   0.999627   -123.687   241544
16   37   0.999821   -122.986   241544
16   38   1.00027   -122.282   241544
16   39   1.00029   -121.582   241544
16   40   0.999744   -120.878   241544
16   41   1.00006   -120.165   241544
16   42   1.00028   -119.458   241544
16   43   0.999851   -118.752   241544
16   44   1.00001   -118.043   241544
16   45   1.00003   -117.341   241544
16   46   0.999734   -116.641   241544
16   47   0.999865   -115.932   241544
16   48   0.999961   -115.228   241544
16   49   0.99966   -114.529   241544
16   50   0.999501   -113.823   241544
16   51   0.999555   -113.118   241544
16   52   0.999493   -112.409   241544
16   53   0.999495   -111.697   241544
16   54   0.99944   -110.991   241544
16   55   0.999152   -110.287   241544
16   56   0.999311   -109.577   241544
16   57   0.999451   -108.873   241544
16   58   0.999173   -108.174   241544
16   59   0.999371   -107.468   241544
16   60   0.999537   -106.766   241544
16   61   0.999308   -106.058   241544
16   62   0.99928   -105.344   241544
16   63   0.999164   -104.642   241544
16   64   0.99929   -103.952   241544
17   1   -0.999686   -103.953   241544
17   2   -0.999574   -104.647   241544
17   3   -0.999428   -105.348   241544
17   4   -0.99927   -106.053   241544
17   5   -0.999785   -106.761   241544
17   6   -0.999675   -107.475   241544
17   7   -0.999375   -108.192   241544
17   8   -0.999623   -108.901   241544
17   9   -0.999459   -109.599   241544
17   10   -0.999385   -110.308   241544
17   11   -0.999819   -111.022   241544
17   12   -0.999563   -111.729   241544
17   13   -0.999297   -112.435   241544
17   14   -0.999562   -113.141   241544
17   15   -0.999286   -113.84   241544
17   16   -0.999184   -114.546   241544
17   17   -0.999529   -115.253   241544
17   18   -0.999182   -115.953   241544
17   19   -0.999009   -116.662   241544
17   20   -0.999365   -117.372   241544
17   21   -0.999221   -118.073   241544
17   22   -0.99931   -118.787   241544
17   23   -0.999486   -119.509   241544
17   24   -0.999508   -120.216   241544
17   25   -0.999799   -120.923   241544
17   26   -0.99978   -121.633   241544
17   27   -0.999422   -122.334   241544
17   28   -0.999571   -123.047   241544
17   29   -0.999357   -123.76   241544
17   30   -0.999126   -124.461   241544
17   31   -0.999614   -125.168   241544
17   32   -0.999261   -125.874   241544
17   33   -0.999052   -126.575   241544
17   34   -0.999489   -127.291   241544
17   35   -0.998913   -128.004   241544
17   36   -0.998818   -128.701   241544
17   37   -0.999494   -129.413   241544
17   38   -0.999139   -130.12   241544
17   39   -0.998819   -130.813   241544
17   40   -0.999209   -131.527   241544
17   41   -0.999038   -132.239   241544
17   42   -0.999136   -132.941   241544
17   43   -0.999568   -133.654   241544
17   44   -0.999162   -134.364   241544
17   45   -0.99935   -135.072   241544
17   46   -0.99963   -135.783   241544
17   47   -0.999238   -136.497   241544
17   48   -0.999196   -137.202   241544
17   49   -0.99916   -137.914   241544
17   50   -0.999251   -138.631   241544
17   51   -0.999443   -139.334   241544
17   52   -0.999542   -140.039   241544
17   53   -0.99993   -140.752   241544
17   54   -0.999937   -141.453   241544
17   55   -0.999974   -142.167   241544
17   56   -1.00066   -142.886   241544
17   57   -1.0005   -143.583   241544
17   58   -1.00018   -144.291   241544
17   59   -1.00167   -145.023   241544
17   60   -1.00138   -145.716   241544
17   61   -1.0004   -146.404   241544
17   62   -1.00266   -147.146   241544
17   63   -1.0033   -147.862   241544
17   64   -1.00407   -148.573   241544
18   1   1.00748   -149.045   241546
18   2   1.00762   -148.349   241546
18   3   1.00708   -147.63   241546
18   4   1.0047   -146.873   241546
18   5   1.00401   -146.15   241546
18   6   1.00538   -145.47   241546
18   7   1.00449   -144.751   241546
18   8   1.00405   -144.032   241546
18   9   1.00448   -143.331   241546
18   10   1.00406   -142.617   241546
18   11   1.00347   -141.9   241546
18   12   1.00325   -141.198   241546
18   13   1.00274   -140.485   241546
18   14   1.00291   -139.772   241546
18   15   1.00368   -139.068   241546
18   16   1.00298   -138.344   241546
18   17   1.0024   -137.612   241546
18   18   1.00234   -136.897   241546
18   19   1.00145   -136.177   241546
18   20   1.00123   -135.458   241546
18   21   1.00134   -134.753   241546
18   22   1.00129   -134.039   241546
18   23   1.00129   -133.331   241546
18   24   1.00128   -132.631   241546
18   25   1.00077   -131.921   241546
18   26   1.00053   -131.21   241546
18   27   1.00096   -130.512   241546
18   28   1.00083   -129.813   241546
18   29   1.00031   -129.097   241546
18   30   1.00053   -128.393   241546
18   31   1.00049   -127.691   241546
18   32   0.999963   -126.976   241546
18   33   1.00019   -126.267   241546
18   34   1.00018   -125.556   241546
18   35   0.99966   -124.842   241546
18   36   0.999639   -124.132   241546
18   37   0.999739   -123.421   241546
18   38   0.999743   -122.711   241546
18   39   0.999857   -122.005   241546
18   40   0.999834   -121.297   241546
18   41   0.999601   -120.585   241546
18   42   0.999657   -119.882   241546
18   43   0.999851   -119.179   241546
18   44   0.99913   -118.472   241546
18   45   0.998952   -117.768   241546
18   46   0.999366   -117.054   241546
18   47   0.998683   -116.342   241546
18   48   0.998742   -115.637   241546
18   49   0.999467   -114.924   241546
18   50   0.999182   -114.214   241546
18   51   0.998989   -113.507   241546
18   52   0.999244   -112.794   241546
18   53   0.999116   -112.08   241546
18   54   0.999129   -111.372   241546
18   55   0.999345   -110.666   241546
18   56   0.999228   -109.954   241546
18   57   0.999159   -109.245   241546
18   58   0.999148   -108.537   241546
18   59   0.999277   -107.821   241546
18   60   0.99946   -107.108   241546
18   61   0.999439   -106.402   241546
18   62   0.999359   -105.686   241546
18   63   0.999427   -104.976   241546
18   64   1.00163   -104.272   241546
19   1   -1.00052   -104.171   241546
19   2   -0.999303   -104.881   241546
19   3   -0.999122   -105.586   241546
19   4   -0.998906   -106.288   241546
19   5   -0.999444   -106.992   241546
19   6   -0.999136   -107.699   241546
19   7   -0.998879   -108.409   241546
19   8   -0.999483   -109.109   241546
19   9   -0.999353   -109.823   241546
19   10   -0.999271   -110.541   241546
19   11   -0.999286   -111.235   241546
19   12   -0.999332   -111.939   241546
19   13   -0.999785   -112.651   241546
19   14   -0.999545   -113.349   241546
19   15   -0.999014   -114.056   241546
19   16   -0.999383   -114.768   241546
19   17   -1.00005   -115.46   241546
19   18   -0.999628   -116.164   241546
19   19   -0.999528   -116.882   241546
19   20   -0.999794   -117.586   241546
19   21   -0.999649   -118.302   241546
19   22   -0.999962   -119.017   241546
19   23   -0.999985   -119.721   241546
19   24   -0.999798   -120.433   241546
19   25   -1.00021   -121.149   241546
19   26   -1.00042   -121.85   241546
19   27   -0.999877   -122.554   241546
19   28   -1.00015   -123.267   241546
19   29   -1.00056   -123.97   241546
19   30   -1.00017   -124.682   241546
19   31   -1.00044   -125.398   241546
19   32   -1.00094   -126.108   241546
19   33   -1.00044   -126.816   241546
19   34   -1.00016   -127.525   241546
19   35   -1.00071   -128.238   241546
19   36   -1.00076   -128.939   241546
19   37   -1.00043   -129.647   241546
19   38   -1.00024   -130.373   241546
19   39   -1.00097   -131.085   241546
19   40   -1.00151   -131.793   241546
19   41   -1.00031   -132.5   241546
19   42   -0.999797   -133.198   241546
19   43   -1.00048   -133.903   241546
19   44   -1.00057   -134.612   241546
19   45   -1.00021   -135.311   241546
19   46   -0.999894   -136.01   241546
19   47   -1.00057   -136.727   241546
19   48   -1.00076   -137.431   241546
19   49   -1.00032   -138.126   241546
19   50   -1.00058   -138.844   241546
19   51   -1.0007   -139.562   241546
19   52   -1.00089   -140.269   241546
19   53   -1.00128   -140.985   241546
19   54   -1.00157   -141.693   241546
19   55   -1.00147   -142.389   241546
19   56   -1.00158   -143.106   241546
19   57   -1.00248   -143.822   241546
19   58   -1.00334   -144.541   241546
19   59   -1.00326   -145.258   241546
19   60   -1.00409   -145.971   241546
19   61   -1.00513   -146.69   241546
19   62   -1.00475   -147.405   241546
19   63   -1.00478   -148.116   241546
19   64   -1.00447   -148.806   241546
20   1   1.00409   -148.635   241548
20   2   1.00534   -147.946   241548
20   3   1.00575   -147.248   241548
20   4   1.00412   -146.513   241548
20   5   1.00448   -145.806   241548
20   6   1.00511   -145.109   241548
20   7   1.00399   -144.385   241548
20   8   1.00366   -143.672   241548
20   9   1.00428   -142.982   241548
20   10   1.00376   -142.272   241548
20   11   1.00324   -141.557   241548
20   12   1.00381   -140.854   241548
20   13   1.00332   -140.13   241548
20   14   1.00259   -139.401   241548
20   15   1.00317   -138.698   241548
20   16   1.0029   -137.985   241548
20   17   1.00229   -137.264   241548
20   18   1.00272   -136.565   241548
20   19   1.00264   -135.856   241548
20   20   1.00248   -135.135   241548
20   21   1.00291   -134.432   241548
20   22   1.0025   -133.719   241548
20   23   1.00233   -133.004   241548
20   24   1.00298   -132.309   241548
20   25   1.00267   -131.602   241548
20   26   1.00221   -130.884   241548
20   27   1.00284   -130.182   241548
20   28   1.00283   -129.47   241548
20   29   1.00258   -128.752   241548
20   30   1.00339   -128.061   241548
20   31   1.00327   -127.368   241548
20   32   1.00254   -126.659   241548
20   33   1.00326   -125.956   241548
20   34   1.00341   -125.246   241548
20   35   1.00258   -124.528   241548
20   36   1.00285   -123.817   241548
20   37   1.0031   -123.112   241548
20   38   1.00332   -122.402   241548
20   39   1.00377   -121.699   241548
20   40   1.00364   -121   241548
20   41   1.00358   -120.29   241548
20   42   1.00358   -119.583   241548
20   43   1.00319   -118.89   241548
20   44   1.0029   -118.184   241548
20   45   1.00306   -117.478   241548
20   46   1.00266   -116.77   241548
20   47   1.00231   -116.054   241548
20   48   1.00245   -115.344   241548
20   49   1.00234   -114.638   241548
20   50   1.00226   -113.93   241548
20   51   1.00241   -113.226   241548
20   52   1.00233   -112.521   241548
20   53   1.00222   -111.815   241548
20   54   1.00203   -111.114   241548
20   55   1.00155   -110.41   241548
20   56   1.00224   -109.686   241548
20   57   1.00269   -108.972   241548
20   58   1.00198   -108.268   241548
20   59   1.0024   -107.551   241548
20   60   1.00277   -106.845   241548
20   61   1.00206   -106.138   241548
20   62   1.00154   -105.424   241548
20   63   1.00104   -104.721   241548
20   64   1.00004   -104.035   241548
