Real Geometry - ALFAOvFibUp from ATLAS DD Database
Layer, Fibre, Slope, Offset, ZL
Dieter Notz (21.01.2008)
xxxxxxxxxxxxxxxxxxxxxxxxxxxxxxxxxxxxxxxxxxxxxxxxxxxxx
6
1   1   0.004451   -143.687   241564
1   2   0.004725   -143.18   241564
1   3   0.005017   -142.676   241564
1   4   0.004934   -142.177   241564
1   5   0.004858   -141.686   241564
1   6   0.004906   -141.186   241564
1   7   0.005519   -140.695   241564
1   8   0.005702   -140.206   241564
1   9   0.005249   -139.724   241564
1   10   0.005292   -139.225   241564
1   11   0.005368   -138.728   241564
1   12   0.005445   -138.223   241564
1   13   0.004565   -137.73   241564
1   14   0.003704   -137.239   241564
1   15   0.002906   -136.748   241564
1   16   0.000252   -136.27   241563
1   17   -0.000568   -135.79   241563
1   18   0.000196   -135.274   241563
1   19   9.3e-05   -134.778   241563
1   20   -0.000206   -134.287   241563
1   21   0.000492   -133.775   241563
1   22   0.000424   -133.279   241563
1   23   -5.2e-05   -132.789   241563
1   24   -0.000479   -132.298   241563
1   25   0.000118   -131.788   241563
1   26   0.000381   -131.288   241563
1   27   -0.000727   -130.809   241563
1   28   -0.000982   -130.296   241563
1   29   -0.002468   -129.828   241563
1   30   -0.002259   -129.326   241563
3   1   0.000745   -143.935   241566
3   2   0.001029   -143.433   241566
3   3   0.002689   -142.892   241566
3   4   0.002268   -142.394   241566
3   5   0.001682   -141.903   241566
3   6   0.001231   -141.41   241566
3   7   0.001283   -140.914   241566
3   8   0.001389   -140.408   241566
3   9   0.000279   -139.93   241566
3   10   0.000781   -139.426   241566
3   11   0.001696   -138.916   241566
3   12   0.00074   -138.447   241566
3   13   0.000726   -137.957   241566
3   14   -0.000175   -137.484   241566
3   15   -0.001057   -137.001   241566
3   16   -0.000168   -136.467   241565
3   17   -0.003995   -136.049   241565
3   18   -0.002048   -135.51   241565
3   19   -0.00255   -135.029   241565
3   20   -0.002764   -134.535   241565
3   21   -0.002004   -134.021   241565
3   22   -0.002177   -133.529   241565
3   23   -0.002705   -133.039   241565
3   24   -0.002401   -132.535   241565
3   25   -0.002584   -132.042   241565
3   26   -0.003043   -131.557   241565
3   27   -0.002664   -131.06   241565
3   28   -0.002824   -130.573   241565
3   29   -0.003132   -130.084   241565
3   30   -0.003617   -129.594   241565
5   1   -7.8e-05   -143.818   241564
5   2   -0.00021   -143.31   241564
5   3   0.00125   -142.768   241564
5   4   0.000802   -142.272   241564
5   5   0.000569   -141.766   241564
5   6   0.000801   -141.254   241564
5   7   0.001165   -140.753   241564
5   8   0.001618   -140.245   241564
5   9   0.000558   -139.767   241564
5   10   0.001397   -139.25   241564
5   11   0.002123   -138.738   241564
5   12   0.000771   -138.274   241564
5   13   0.000936   -137.77   241564
5   14   0.002164   -137.244   241564
5   15   0.001644   -136.762   241564
5   16   -0.00058   -136.304   241563
5   17   0.000983   -135.768   241563
5   18   0.001038   -135.273   241563
5   19   8.2e-05   -134.792   241563
5   20   -4.9e-05   -134.288   241563
5   21   0.001227   -133.762   241563
5   22   0.000951   -133.271   241563
5   23   0.000592   -132.777   241563
5   24   0.000793   -132.27   241563
5   25   0.000937   -131.772   241563
5   26   0.000955   -131.265   241563
5   27   0.000759   -130.767   241563
5   28   0.000825   -130.271   241563
5   29   0.000795   -129.779   241563
5   30   0.000464   -129.305   241563
2   1   -0.004983   -143.663   241564
2   2   -0.005583   -143.149   241564
2   3   -0.005918   -142.648   241564
2   4   -0.00642   -142.135   241564
2   5   -0.006502   -141.623   241564
2   6   -0.005866   -141.139   241564
2   7   -0.006163   -140.631   241564
2   8   -0.006439   -140.118   241564
2   9   -0.005984   -139.622   241564
2   10   -0.005673   -139.137   241564
2   11   -0.005778   -138.641   241564
2   12   -0.006533   -138.121   241564
2   13   -0.005287   -137.641   241564
2   14   -0.003932   -137.161   241564
2   15   -0.002841   -136.677   241564
2   16   -0.003017   -136.149   241563
2   17   -0.003691   -135.632   241563
2   18   0.001595   -135.234   241563
2   19   0.004274   -134.79   241563
2   20   0.002851   -134.26   241563
2   21   0.001606   -133.732   241563
2   22   0.002244   -133.242   241563
2   23   0.002029   -132.737   241563
2   24   0.001018   -132.211   241563
2   25   0.001979   -131.736   241563
2   26   0.001991   -131.239   241563
2   27   0.000921   -130.722   241563
2   28   0.001277   -130.237   241563
2   29   -2e-05   -129.714   241563
2   30   -0.000793   -129.192   241563
4   1   -0.003185   -143.762   241566
4   2   -0.00381   -143.257   241566
4   3   -0.003778   -142.743   241566
4   4   -0.003994   -142.215   241566
4   5   -0.003834   -141.715   241566
4   6   -0.003579   -141.238   241566
4   7   -0.003784   -140.746   241566
4   8   -0.003842   -140.25   241566
4   9   -0.003202   -139.782   241566
4   10   -0.003284   -139.287   241566
4   11   -0.003661   -138.788   241566
4   12   -0.003329   -138.301   241566
4   13   -0.003552   -137.811   241566
4   14   -0.004269   -137.295   241566
4   15   -0.003956   -136.804   241566
4   16   0.007105   -136.527   241565
4   17   0.010183   -136.09   241565
4   18   0.009755   -135.586   241565
4   19   0.009588   -135.1   241565
4   20   0.008595   -134.58   241565
4   21   0.008589   -134.072   241565
4   22   0.008759   -133.577   241565
4   23   0.008249   -133.067   241565
4   24   0.00771   -132.557   241565
4   25   0.00845   -132.076   241565
4   26   0.00956   -131.611   241565
4   27   0.009265   -131.106   241565
4   28   0.008859   -130.598   241565
4   29   0.008989   -130.1   241565
4   30   0.010842   -129.656   241565
6   1   -0.013715   -143.515   241564
6   2   -0.012348   -143.036   241564
6   3   -0.011512   -142.546   241564
6   4   -0.011147   -142.048   241564
6   5   -0.009668   -141.567   241564
6   6   -0.009908   -141.055   241564
6   7   -0.010001   -140.549   241564
6   8   -0.009648   -140.056   241564
6   9   -0.009872   -139.545   241564
6   10   -0.009676   -139.045   241564
6   11   -0.009355   -138.55   241564
6   12   -0.009554   -138.047   241564
6   13   -0.009862   -137.538   241564
6   14   -0.009863   -137.034   241564
6   15   -0.005686   -136.618   241564
6   16   -0.007756   -136.035   241563
6   17   -0.01045   -135.476   241563
6   18   -0.011209   -134.955   241563
6   19   -0.01247   -134.431   241563
6   20   -0.013471   -133.902   241563
6   21   -0.013378   -133.398   241563
6   22   -0.01433   -132.874   241563
6   23   -0.015021   -132.359   241563
6   24   -0.013598   -131.885   241563
6   25   -0.013843   -131.382   241563
6   26   -0.014917   -130.848   241563
6   27   -0.014887   -130.348   241563
6   28   -0.015188   -129.843   241563
6   29   -0.01574   -129.332   241563
6   30   -0.015379   -128.85   241563
