Ideal Geometry
Layer, Fibre,Ax + B
Dieter Notz (16.06.2008)
xxxxxxxxxxxxxxxxxxxxxxxxxxxxxxxxxxxxxxxxxx
20
1   1   -0.998166   -104.156   241528
1   2   -0.997529   -104.872   241528
1   3   -0.99769   -105.596   241528
1   4   -0.997848   -106.31   241528
1   5   -0.997932   -107.014   241528
1   6   -0.998229   -107.709   241528
1   7   -0.99811   -108.407   241528
1   8   -0.99792   -109.118   241528
1   9   -0.99796   -109.847   241528
1   10   -0.997819   -110.577   241528
1   11   -0.997732   -111.303   241528
1   12   -0.997807   -111.994   241528
1   13   -0.997691   -112.68   241528
1   14   -0.997617   -113.384   241528
1   15   -0.997828   -114.072   241528
1   16   -0.997937   -114.775   241528
1   17   -0.997932   -115.501   241528
1   18   -0.998111   -116.217   241528
1   19   -0.998162   -116.929   241528
1   20   -0.998024   -117.641   241528
1   21   -0.998257   -118.331   241528
1   22   -0.998451   -119.016   241528
1   23   -0.9986   -119.732   241528
1   24   -0.998768   -120.46   241528
1   25   -0.998455   -121.177   241528
1   26   -0.998464   -121.897   241528
1   27   -0.998874   -122.604   241528
1   28   -0.998512   -123.298   241528
1   29   -0.998201   -124.013   241528
1   30   -0.998575   -124.734   241528
1   31   -0.998456   -125.447   241528
1   32   -0.998537   -126.164   241528
1   33   -0.998998   -126.873   241528
1   34   -0.998756   -127.571   241528
1   35   -0.998621   -128.267   241528
1   36   -0.999026   -128.967   241528
1   37   -0.998604   -129.679   241528
1   38   -0.998739   -130.401   241528
1   39   -0.998721   -131.115   241528
1   40   -0.998074   -131.816   241528
1   41   -0.998481   -132.527   241528
1   42   -0.999206   -133.218   241528
1   43   -0.999233   -133.914   241528
1   44   -0.999236   -134.64   241528
1   45   -0.999731   -135.358   241528
1   46   -0.99942   -136.063   241528
1   47   -0.999379   -136.777   241528
1   48   -1.00019   -137.482   241528
1   49   -1.00026   -138.164   241528
1   50   -0.999704   -138.865   241528
1   51   -1.00049   -139.592   241528
1   52   -1.00097   -140.313   241528
1   53   -0.999464   -141.011   241528
1   54   -1.00025   -141.724   241528
1   55   -1.00137   -142.445   241528
1   56   -1.00078   -143.161   241528
1   57   -1.00235   -143.889   241528
1   58   -1.00284   -144.593   241528
1   59   -1.00202   -145.307   241528
1   60   -1.00214   -146.031   241528
1   61   -1.00227   -146.734   241528
1   62   -1.00198   -147.43   241528
1   63   -1.0026   -148.126   241528
1   64   -1.00279   -148.812   241528
2   1   1.00486   -148.799   241530
2   2   1.00343   -148.082   241530
2   3   1.00244   -147.374   241530
2   4   1.00188   -146.662   241530
2   5   1.00253   -145.965   241530
2   6   1.00153   -145.231   241530
2   7   1.0006   -144.493   241530
2   8   1.00162   -143.791   241530
2   9   1.00096   -143.08   241530
2   10   1.00011   -142.372   241530
2   11   1.00059   -141.68   241530
2   12   0.999621   -140.962   241530
2   13   0.998948   -140.233   241530
2   14   0.999444   -139.522   241530
2   15   0.99865   -138.794   241530
2   16   0.997804   -138.077   241530
2   17   0.997183   -137.384   241530
2   18   0.996601   -136.685   241530
2   19   0.996827   -135.982   241530
2   20   0.99691   -135.273   241530
2   21   0.996202   -134.548   241530
2   22   0.996282   -133.824   241530
2   23   0.996574   -133.132   241530
2   24   0.996066   -132.444   241530
2   25   0.996101   -131.744   241530
2   26   0.996946   -131.04   241530
2   27   0.996758   -130.321   241530
2   28   0.995853   -129.597   241530
2   29   0.996017   -128.873   241530
2   30   0.996104   -128.172   241530
2   31   0.996105   -127.489   241530
2   32   0.99655   -126.797   241530
2   33   0.996295   -126.093   241530
2   34   0.996109   -125.377   241530
2   35   0.99746   -124.658   241530
2   36   0.99688   -123.93   241530
2   37   0.994947   -123.234   241530
2   38   0.995531   -122.547   241530
2   39   0.996286   -121.842   241530
2   40   0.996578   -121.138   241530
2   41   0.996895   -120.428   241530
2   42   0.996572   -119.706   241530
2   43   0.996652   -118.976   241530
2   44   0.996587   -118.274   241530
2   45   0.996374   -117.59   241530
2   46   0.996708   -116.891   241530
2   47   0.996647   -116.19   241530
2   48   0.996697   -115.478   241530
2   49   0.997028   -114.761   241530
2   50   0.996937   -114.034   241530
2   51   0.997044   -113.327   241530
2   52   0.997314   -112.639   241530
2   53   0.996944   -111.945   241530
2   54   0.996929   -111.243   241530
2   55   0.997567   -110.523   241530
2   56   0.997223   -109.802   241530
2   57   0.996816   -109.079   241530
2   58   0.997136   -108.37   241530
2   59   0.997004   -107.684   241530
2   60   0.996822   -106.993   241530
2   61   0.996983   -106.289   241530
2   62   0.996838   -105.58   241530
2   63   0.996542   -104.867   241530
2   64   0.997277   -104.147   241530
3   1   -0.998488   -104.515   241538
3   2   -0.99771   -105.235   241538
3   3   -0.997666   -105.956   241538
3   4   -0.99779   -106.673   241538
3   5   -0.998637   -107.367   241538
3   6   -0.99809   -108.081   241538
3   7   -0.99751   -108.785   241538
3   8   -0.9984   -109.476   241538
3   9   -0.998288   -110.207   241538
3   10   -0.997839   -110.937   241538
3   11   -0.997904   -111.642   241538
3   12   -0.997662   -112.354   241538
3   13   -0.997836   -113.063   241538
3   14   -0.99721   -113.76   241538
3   15   -0.997067   -114.464   241538
3   16   -0.997522   -115.183   241538
3   17   -0.997331   -115.887   241538
3   18   -0.997947   -116.59   241538
3   19   -0.998434   -117.303   241538
3   20   -0.997843   -117.994   241538
3   21   -0.998171   -118.683   241538
3   22   -0.998178   -119.391   241538
3   23   -0.997801   -120.109   241538
3   24   -0.999431   -120.829   241538
3   25   -0.999341   -121.536   241538
3   26   -0.997761   -122.233   241538
3   27   -0.997934   -122.935   241538
3   28   -0.998831   -123.629   241538
3   29   -0.99825   -124.331   241538
3   30   -0.998017   -125.055   241538
3   31   -0.998857   -125.78   241538
3   32   -0.998476   -126.491   241538
3   33   -0.998556   -127.192   241538
3   34   -0.999251   -127.893   241538
3   35   -0.998756   -128.578   241538
3   36   -0.998827   -129.277   241538
3   37   -0.999365   -129.994   241538
3   38   -0.99915   -130.703   241538
3   39   -0.999736   -131.416   241538
3   40   -0.999995   -132.119   241538
3   41   -0.99919   -132.813   241538
3   42   -0.999736   -133.511   241538
3   43   -1.00022   -134.22   241538
3   44   -0.99961   -134.935   241538
3   45   -1.00048   -135.659   241538
3   46   -1.00122   -136.379   241538
3   47   -1.00039   -137.074   241538
3   48   -1.00065   -137.772   241538
3   49   -1.00079   -138.467   241538
3   50   -1.00085   -139.171   241538
3   51   -1.00189   -139.902   241538
3   52   -1.00217   -140.626   241538
3   53   -1.00249   -141.344   241538
3   54   -1.00236   -142.047   241538
3   55   -1.00216   -142.752   241538
3   56   -1.00269   -143.462   241538
3   57   -1.00256   -144.15   241538
3   58   -1.00292   -144.867   241538
3   59   -1.00396   -145.614   241538
3   60   -1.00447   -146.343   241538
3   61   -1.00477   -147.061   241538
3   62   -1.00493   -147.767   241538
3   63   -1.0049   -148.467   241538
3   64   -1.00583   -149.175   241538
4   1   1.01   -148.495   241540
4   2   1.0099   -147.802   241540
4   3   1.01003   -147.11   241540
4   4   1.00931   -146.393   241540
4   5   1.00865   -145.67   241540
4   6   1.0084   -144.955   241540
4   7   1.00806   -144.231   241540
4   8   1.00727   -143.497   241540
4   9   1.00729   -142.794   241540
4   10   1.00703   -142.091   241540
4   11   1.00541   -141.359   241540
4   12   1.00557   -140.658   241540
4   13   1.00598   -139.948   241540
4   14   1.00425   -139.206   241540
4   15   1.00242   -138.473   241540
4   16   1.00312   -137.768   241540
4   17   1.00354   -137.068   241540
4   18   1.00341   -136.37   241540
4   19   1.00393   -135.668   241540
4   20   1.00287   -134.943   241540
4   21   1.00247   -134.224   241540
4   22   1.00272   -133.496   241540
4   23   1.00148   -132.767   241540
4   24   1.00135   -132.073   241540
4   25   1.00219   -131.382   241540
4   26   1.00129   -130.672   241540
4   27   1.00087   -129.959   241540
4   28   1.00151   -129.245   241540
4   29   1.0012   -128.524   241540
4   30   1.0007   -127.822   241540
4   31   1.00091   -127.13   241540
4   32   1.00035   -126.426   241540
4   33   1   -125.722   241540
4   34   1.00058   -125.011   241540
4   35   1.00039   -124.298   241540
4   36   0.999564   -123.571   241540
4   37   0.999836   -122.86   241540
4   38   1.00036   -122.173   241540
4   39   1.00007   -121.471   241540
4   40   0.999954   -120.76   241540
4   41   0.999937   -120.047   241540
4   42   0.999879   -119.332   241540
4   43   0.999866   -118.604   241540
4   44   0.999918   -117.905   241540
4   45   0.999863   -117.224   241540
4   46   0.99971   -116.517   241540
4   47   0.999431   -115.816   241540
4   48   0.999315   -115.108   241540
4   49   0.999466   -114.383   241540
4   50   0.999176   -113.656   241540
4   51   0.999228   -112.955   241540
4   52   0.999361   -112.271   241540
4   53   0.999586   -111.573   241540
4   54   0.999569   -110.868   241540
4   55   0.999145   -110.157   241540
4   56   0.999232   -109.435   241540
4   57   0.999255   -108.705   241540
4   58   0.999345   -107.999   241540
4   59   0.99995   -107.302   241540
4   60   0.999996   -106.599   241540
4   61   0.999137   -105.899   241540
4   62   0.999282   -105.179   241540
4   63   0.999486   -104.458   241540
4   64   0.999421   -103.747   241540
5   1   -0.999456   -103.963   241532
5   2   -0.999036   -104.669   241532
5   3   -0.998952   -105.391   241532
5   4   -0.999306   -106.099   241532
5   5   -0.999006   -106.809   241532
5   6   -0.999222   -107.501   241532
5   7   -0.999169   -108.189   241532
5   8   -0.998786   -108.902   241532
5   9   -0.999563   -109.618   241532
5   10   -0.999997   -110.336   241532
5   11   -0.999325   -111.059   241532
5   12   -0.999432   -111.761   241532
5   13   -0.999482   -112.459   241532
5   14   -0.999086   -113.151   241532
5   15   -0.999373   -113.854   241532
5   16   -0.999399   -114.577   241532
5   17   -0.999127   -115.3   241532
5   18   -1.00016   -116.015   241532
5   19   -1.00043   -116.714   241532
5   20   -0.999657   -117.408   241532
5   21   -0.999738   -118.098   241532
5   22   -0.999729   -118.802   241532
5   23   -0.999713   -119.527   241532
5   24   -1.00017   -120.241   241532
5   25   -1.00008   -120.946   241532
5   26   -1.00021   -121.651   241532
5   27   -1.00083   -122.35   241532
5   28   -0.999771   -123.035   241532
5   29   -0.999661   -123.741   241532
5   30   -0.999976   -124.47   241532
5   31   -0.99922   -125.186   241532
5   32   -0.999345   -125.898   241532
5   33   -0.999686   -126.602   241532
5   34   -0.9998   -127.292   241532
5   35   -0.999152   -127.991   241532
5   36   -0.99913   -128.701   241532
5   37   -0.999649   -129.423   241532
5   38   -1.00026   -130.15   241532
5   39   -1.00004   -130.861   241532
5   40   -0.99954   -131.565   241532
5   41   -1.00042   -132.279   241532
5   42   -1.00094   -132.978   241532
5   43   -0.999869   -133.676   241532
5   44   -1.00074   -134.415   241532
5   45   -1.00219   -135.147   241532
5   46   -1.00065   -135.839   241532
5   47   -1.0006   -136.545   241532
5   48   -1.00216   -137.259   241532
5   49   -1.00167   -137.941   241532
5   50   -1.00126   -138.655   241532
5   51   -1.00252   -139.396   241532
5   52   -1.0025   -140.109   241532
5   53   -1.00259   -140.831   241532
5   54   -1.00377   -141.55   241532
5   55   -1.00283   -142.231   241532
5   56   -1.00209   -142.914   241532
5   57   -1.00399   -143.639   241532
5   58   -1.00455   -144.366   241532
5   59   -1.00502   -145.109   241532
5   60   -1.00571   -145.835   241532
5   61   -1.00515   -146.526   241532
5   62   -1.00433   -147.215   241532
5   63   -1.00755   -147.957   241532
5   64   -1.00824   -148.662   241532
6   1   1.00964   -149.02   241534
6   2   1.00893   -148.309   241534
6   3   1.00823   -147.605   241534
6   4   1.00844   -146.905   241534
6   5   1.00679   -146.161   241534
6   6   1.00589   -145.432   241534
6   7   1.00607   -144.714   241534
6   8   1.00479   -143.965   241534
6   9   1.00415   -143.251   241534
6   10   1.0046   -142.566   241534
6   11   1.00404   -141.858   241534
6   12   1.00288   -141.132   241534
6   13   1.00296   -140.415   241534
6   14   1.00294   -139.693   241534
6   15   1.00202   -138.956   241534
6   16   1.00203   -138.25   241534
6   17   1.00149   -137.554   241534
6   18   1.00021   -136.839   241534
6   19   0.999878   -136.123   241534
6   20   1.0001   -135.411   241534
6   21   0.99986   -134.695   241534
6   22   0.999965   -133.967   241534
6   23   0.999788   -133.261   241534
6   24   0.998685   -132.563   241534
6   25   0.998775   -131.859   241534
6   26   0.998722   -131.162   241534
6   27   0.997719   -130.451   241534
6   28   0.997904   -129.73   241534
6   29   0.998223   -129.01   241534
6   30   0.997876   -128.297   241534
6   31   0.998241   -127.599   241534
6   32   0.998307   -126.906   241534
6   33   0.997468   -126.207   241534
6   34   0.997578   -125.497   241534
6   35   0.998139   -124.785   241534
6   36   0.997408   -124.059   241534
6   37   0.997464   -123.352   241534
6   38   0.997709   -122.671   241534
6   39   0.996993   -121.972   241534
6   40   0.997147   -121.257   241534
6   41   0.99718   -120.553   241534
6   42   0.997012   -119.842   241534
6   43   0.997513   -119.118   241534
6   44   0.997502   -118.424   241534
6   45   0.997293   -117.741   241534
6   46   0.997885   -117.036   241534
6   47   0.998567   -116.319   241534
6   48   0.998003   -115.615   241534
6   49   0.997655   -114.907   241534
6   50   0.997829   -114.18   241534
6   51   0.997638   -113.475   241534
6   52   0.998072   -112.787   241534
6   53   0.998072   -112.093   241534
6   54   0.997867   -111.392   241534
6   55   0.998301   -110.674   241534
6   56   0.998099   -109.958   241534
6   57   0.99792   -109.236   241534
6   58   0.998439   -108.521   241534
6   59   0.998477   -107.837   241534
6   60   0.998483   -107.142   241534
6   61   0.998819   -106.423   241534
6   62   0.998583   -105.707   241534
6   63   0.998326   -104.993   241534
6   64   0.999111   -104.274   241534
7   1   -0.999679   -104.251   241534
7   2   -0.99894   -104.97   241534
7   3   -0.999411   -105.683   241534
7   4   -0.999508   -106.39   241534
7   5   -0.999565   -107.086   241534
7   6   -0.999833   -107.791   241534
7   7   -0.999922   -108.509   241534
7   8   -1.00029   -109.213   241534
7   9   -1.00047   -109.925   241534
7   10   -1.00022   -110.634   241534
7   11   -1.00031   -111.337   241534
7   12   -1.00027   -112.063   241534
7   13   -1.00035   -112.781   241534
7   14   -1.00076   -113.484   241534
7   15   -1.00077   -114.184   241534
7   16   -1.0008   -114.89   241534
7   17   -1.00114   -115.602   241534
7   18   -1.00131   -116.314   241534
7   19   -1.00119   -117.026   241534
7   20   -1.0012   -117.723   241534
7   21   -1.00125   -118.436   241534
7   22   -1.00134   -119.159   241534
7   23   -1.0016   -119.868   241534
7   24   -1.00178   -120.581   241534
7   25   -1.00163   -121.278   241534
7   26   -1.00175   -121.984   241534
7   27   -1.00216   -122.704   241534
7   28   -1.00218   -123.411   241534
7   29   -1.00239   -124.118   241534
7   30   -1.00263   -124.818   241534
7   31   -1.00236   -125.526   241534
7   32   -1.0025   -126.248   241534
7   33   -1.00275   -126.962   241534
7   34   -1.00261   -127.666   241534
7   35   -1.00288   -128.365   241534
7   36   -1.00305   -129.081   241534
7   37   -1.00241   -129.8   241534
7   38   -1.00243   -130.51   241534
7   39   -1.00323   -131.219   241534
7   40   -1.0034   -131.907   241534
7   41   -1.00336   -132.613   241534
7   42   -1.00377   -133.339   241534
7   43   -1.0039   -134.054   241534
7   44   -1.0037   -134.768   241534
7   45   -1.00419   -135.472   241534
7   46   -1.00439   -136.181   241534
7   47   -1.00412   -136.901   241534
7   48   -1.00464   -137.621   241534
7   49   -1.00503   -138.329   241534
7   50   -1.00449   -139.015   241534
7   51   -1.00488   -139.724   241534
7   52   -1.00552   -140.452   241534
7   53   -1.0051   -141.165   241534
7   54   -1.00566   -141.882   241534
7   55   -1.00651   -142.595   241534
7   56   -1.00607   -143.288   241534
7   57   -1.0057   -143.987   241534
7   58   -1.0061   -144.71   241534
7   59   -1.00619   -145.425   241534
7   60   -1.00599   -146.126   241534
7   61   -1.00662   -146.828   241534
7   62   -1.00752   -147.547   241534
7   63   -1.00763   -148.252   241534
7   64   -1.00553   -148.918   241534
8   1   1.00249   -148.601   241536
8   2   1.00388   -147.914   241536
8   3   1.00355   -147.196   241536
8   4   1.0032   -146.487   241536
8   5   1.00264   -145.78   241536
8   6   1.00195   -145.062   241536
8   7   1.00206   -144.346   241536
8   8   1.00152   -143.625   241536
8   9   1.00108   -142.923   241536
8   10   1.00121   -142.233   241536
8   11   1.00105   -141.53   241536
8   12   1.00033   -140.815   241536
8   13   1   -140.098   241536
8   14   1.00009   -139.379   241536
8   15   0.999557   -138.647   241536
8   16   0.99928   -137.934   241536
8   17   0.999366   -137.235   241536
8   18   0.998715   -136.523   241536
8   19   0.998178   -135.807   241536
8   20   0.998428   -135.098   241536
8   21   0.998478   -134.387   241536
8   22   0.998604   -133.667   241536
8   23   0.998674   -132.964   241536
8   24   0.998123   -132.266   241536
8   25   0.998245   -131.562   241536
8   26   0.998698   -130.865   241536
8   27   0.998174   -130.151   241536
8   28   0.997919   -129.43   241536
8   29   0.998201   -128.716   241536
8   30   0.997882   -128.012   241536
8   31   0.99806   -127.32   241536
8   32   0.998311   -126.627   241536
8   33   0.997634   -125.919   241536
8   34   0.997427   -125.2   241536
8   35   0.997762   -124.483   241536
8   36   0.997402   -123.763   241536
8   37   0.997288   -123.059   241536
8   38   0.997441   -122.375   241536
8   39   0.997203   -121.682   241536
8   40   0.997322   -120.98   241536
8   41   0.997284   -120.269   241536
8   42   0.997041   -119.548   241536
8   43   0.997554   -118.823   241536
8   44   0.997399   -118.123   241536
8   45   0.996895   -117.436   241536
8   46   0.997264   -116.739   241536
8   47   0.997563   -116.039   241536
8   48   0.99759   -115.323   241536
8   49   0.997578   -114.604   241536
8   50   0.996977   -113.888   241536
8   51   0.996853   -113.185   241536
8   52   0.997487   -112.488   241536
8   53   0.998014   -111.786   241536
8   54   0.997865   -111.093   241536
8   55   0.997248   -110.391   241536
8   56   0.997153   -109.677   241536
8   57   0.99712   -108.959   241536
8   58   0.997319   -108.252   241536
8   59   0.997373   -107.567   241536
8   60   0.997227   -106.877   241536
8   61   0.996616   -106.174   241536
8   62   0.99701   -105.459   241536
8   63   0.996971   -104.745   241536
8   64   0.999929   -104.006   241536
9   1   -0.998651   -103.876   241536
9   2   -0.996855   -104.597   241536
9   3   -0.996649   -105.319   241536
9   4   -0.996455   -106.045   241536
9   5   -0.997024   -106.749   241536
9   6   -0.996805   -107.452   241536
9   7   -0.99636   -108.145   241536
9   8   -0.996632   -108.846   241536
9   9   -0.996577   -109.566   241536
9   10   -0.996558   -110.282   241536
9   11   -0.996681   -110.993   241536
9   12   -0.996484   -111.689   241536
9   13   -0.996676   -112.383   241536
9   14   -0.997318   -113.077   241536
9   15   -0.99732   -113.782   241536
9   16   -0.996941   -114.509   241536
9   17   -0.997355   -115.227   241536
9   18   -0.997459   -115.931   241536
9   19   -0.997457   -116.624   241536
9   20   -0.997966   -117.317   241536
9   21   -0.99775   -117.999   241536
9   22   -0.997455   -118.697   241536
9   23   -0.997947   -119.424   241536
9   24   -0.998066   -120.143   241536
9   25   -0.997814   -120.854   241536
9   26   -0.998237   -121.567   241536
9   27   -0.998941   -122.256   241536
9   28   -0.998444   -122.936   241536
9   29   -0.998536   -123.661   241536
9   30   -0.999435   -124.389   241536
9   31   -0.998934   -125.096   241536
9   32   -0.998914   -125.817   241536
9   33   -0.999664   -126.525   241536
9   34   -0.999561   -127.219   241536
9   35   -0.999585   -127.913   241536
9   36   -1.00017   -128.622   241536
9   37   -0.999832   -129.347   241536
9   38   -0.999614   -130.07   241536
9   39   -1.00006   -130.78   241536
9   40   -0.998862   -131.467   241536
9   41   -0.998698   -132.167   241536
9   42   -1.00038   -132.869   241536
9   43   -1.00059   -133.575   241536
9   44   -1.00024   -134.303   241536
9   45   -1.00104   -135.026   241536
9   46   -1.00116   -135.738   241536
9   47   -1.00061   -136.44   241536
9   48   -1.00141   -137.148   241536
9   49   -1.00139   -137.839   241536
9   50   -1.00083   -138.533   241536
9   51   -1.00153   -139.258   241536
9   52   -1.00188   -139.981   241536
9   53   -1.00179   -140.698   241536
9   54   -1.00232   -141.41   241536
9   55   -1.00308   -142.121   241536
9   56   -1.00278   -142.809   241536
9   57   -1.00276   -143.503   241536
9   58   -1.00386   -144.242   241536
9   59   -1.00334   -144.961   241536
9   60   -1.00373   -145.678   241536
9   61   -1.00534   -146.411   241536
9   62   -1.00457   -147.111   241536
9   63   -1.00474   -147.814   241536
9   64   -1.00544   -148.507   241536
10   1   1.0073   -149.097   241538
10   2   1.0068   -148.411   241538
10   3   1.00591   -147.711   241538
10   4   1.00604   -147.003   241538
10   5   1.00571   -146.295   241538
10   6   1.00464   -145.571   241538
10   7   1.00497   -144.845   241538
10   8   1.00461   -144.119   241538
10   9   1.00311   -143.384   241538
10   10   1.00375   -142.688   241538
10   11   1.00433   -142.006   241538
10   12   1.00191   -141.264   241538
10   13   1.00137   -140.532   241538
10   14   1.00313   -139.839   241538
10   15   1.00196   -139.098   241538
10   16   1.00077   -138.371   241538
10   17   1.00027   -137.677   241538
10   18   0.999501   -136.973   241538
10   19   1.00005   -136.272   241538
10   20   0.999685   -135.56   241538
10   21   0.998037   -134.827   241538
10   22   0.999026   -134.102   241538
10   23   0.999437   -133.406   241538
10   24   0.997397   -132.704   241538
10   25   0.997285   -131.999   241538
10   26   0.997789   -131.3   241538
10   27   0.997367   -130.579   241538
10   28   0.997132   -129.853   241538
10   29   0.996532   -129.135   241538
10   30   0.996309   -128.44   241538
10   31   0.997203   -127.762   241538
10   32   0.996626   -127.07   241538
10   33   0.995774   -126.367   241538
10   34   0.995918   -125.652   241538
10   35   0.996315   -124.936   241538
10   36   0.996327   -124.217   241538
10   37   0.996638   -123.519   241538
10   38   0.996519   -122.838   241538
10   39   0.995892   -122.138   241538
10   40   0.996412   -121.435   241538
10   41   0.996384   -120.725   241538
10   42   0.996106   -120.001   241538
10   43   0.996418   -119.282   241538
10   44   0.996221   -118.578   241538
10   45   0.996389   -117.874   241538
10   46   0.996768   -117.175   241538
10   47   0.996213   -116.48   241538
10   48   0.995991   -115.774   241538
10   49   0.996354   -115.058   241538
10   50   0.995628   -114.343   241538
10   51   0.995602   -113.636   241538
10   52   0.996678   -112.933   241538
10   53   0.996525   -112.239   241538
10   54   0.996463   -111.538   241538
10   55   0.996983   -110.819   241538
10   56   0.996901   -110.101   241538
10   57   0.996669   -109.385   241538
10   58   0.997026   -108.681   241538
10   59   0.997355   -107.999   241538
10   60   0.997244   -107.307   241538
10   61   0.997018   -106.597   241538
10   62   0.996783   -105.893   241538
10   63   0.996899   -105.185   241538
10   64   0.999258   -104.457   241538
11   1   -1.00001   -104.466   241538
11   2   -0.999427   -105.18   241538
11   3   -0.999498   -105.89   241538
11   4   -0.999661   -106.592   241538
11   5   -0.999428   -107.295   241538
11   6   -0.999548   -107.993   241538
11   7   -0.999885   -108.7   241538
11   8   -1.00022   -109.42   241538
11   9   -1.00083   -110.121   241538
11   10   -1.00138   -110.823   241538
11   11   -1.0023   -111.54   241538
11   12   -1.00298   -112.253   241538
11   13   -1.00285   -112.964   241538
11   14   -1.00295   -113.673   241538
11   15   -1.00324   -114.372   241538
11   16   -1.00301   -115.078   241538
11   17   -1.003   -115.806   241538
11   18   -1.00337   -116.523   241538
11   19   -1.0032   -117.225   241538
11   20   -1.00285   -117.922   241538
11   21   -1.00309   -118.628   241538
11   22   -1.00328   -119.348   241538
11   23   -1.00334   -120.067   241538
11   24   -1.00361   -120.774   241538
11   25   -1.00341   -121.474   241538
11   26   -1.00321   -122.183   241538
11   27   -1.00338   -122.901   241538
11   28   -1.00321   -123.613   241538
11   29   -1.00297   -124.322   241538
11   30   -1.00324   -125.022   241538
11   31   -1.00337   -125.726   241538
11   32   -1.00347   -126.446   241538
11   33   -1.00373   -127.155   241538
11   34   -1.00342   -127.851   241538
11   35   -1.00333   -128.546   241538
11   36   -1.00377   -129.255   241538
11   37   -1.00335   -129.969   241538
11   38   -1.00339   -130.682   241538
11   39   -1.00385   -131.388   241538
11   40   -1.00303   -132.078   241538
11   41   -1.00301   -132.782   241538
11   42   -1.00372   -133.505   241538
11   43   -1.00334   -134.219   241538
11   44   -1.00316   -134.927   241538
11   45   -1.00348   -135.626   241538
11   46   -1.00328   -136.33   241538
11   47   -1.00323   -137.046   241538
11   48   -1.00374   -137.757   241538
11   49   -1.00363   -138.473   241538
11   50   -1.00315   -139.172   241538
11   51   -1.00372   -139.888   241538
11   52   -1.00411   -140.618   241538
11   53   -1.00402   -141.32   241538
11   54   -1.00427   -142.029   241538
11   55   -1.00476   -142.736   241538
11   56   -1.00479   -143.44   241538
11   57   -1.00482   -144.163   241538
11   58   -1.0051   -144.878   241538
11   59   -1.00496   -145.581   241538
11   60   -1.00514   -146.281   241538
11   61   -1.00612   -146.997   241538
11   62   -1.00558   -147.693   241538
11   63   -1.0052   -148.386   241538
11   64   -1.00554   -149.103   241538
12   1   1.00185   -148.396   241540
12   2   1.0035   -147.723   241540
12   3   1.00404   -147.031   241540
12   4   1.00189   -146.279   241540
12   5   1.0029   -145.586   241540
12   6   1.00315   -144.881   241540
12   7   1.00113   -144.14   241540
12   8   1.00148   -143.438   241540
12   9   1.00123   -142.709   241540
12   10   1.00067   -141.998   241540
12   11   1.00164   -141.325   241540
12   12   1.0016   -140.615   241540
12   13   1.00012   -139.879   241540
12   14   0.999362   -139.156   241540
12   15   0.998864   -138.442   241540
12   16   0.999195   -137.748   241540
12   17   1.00058   -137.056   241540
12   18   1.00052   -136.337   241540
12   19   0.998987   -135.601   241540
12   20   0.998636   -134.887   241540
12   21   0.999126   -134.191   241540
12   22   0.999144   -133.49   241540
12   23   0.998776   -132.778   241540
12   24   0.99846   -132.055   241540
12   25   0.998625   -131.349   241540
12   26   0.99858   -130.651   241540
12   27   0.998189   -129.94   241540
12   28   0.99836   -129.225   241540
12   29   0.99817   -128.513   241540
12   30   0.998308   -127.815   241540
12   31   0.998801   -127.123   241540
12   32   0.99804   -126.418   241540
12   33   0.997821   -125.705   241540
12   34   0.998535   -124.992   241540
12   35   0.998774   -124.29   241540
12   36   0.998473   -123.591   241540
12   37   0.998525   -122.887   241540
12   38   0.998997   -122.18   241540
12   39   0.999218   -121.463   241540
12   40   0.999328   -120.755   241540
12   41   0.99909   -120.056   241540
12   42   0.999124   -119.354   241540
12   43   0.99945   -118.642   241540
12   44   0.999056   -117.916   241540
12   45   0.999093   -117.211   241540
12   46   0.999126   -116.523   241540
12   47   0.999336   -115.812   241540
12   48   0.999983   -115.093   241540
12   49   0.999705   -114.389   241540
12   50   0.998969   -113.683   241540
12   51   0.999173   -112.979   241540
12   52   0.999812   -112.28   241540
12   53   0.999516   -111.566   241540
12   54   0.999363   -110.85   241540
12   55   0.999423   -110.149   241540
12   56   0.999258   -109.444   241540
12   57   0.999219   -108.737   241540
12   58   0.999282   -108.03   241540
12   59   0.99941   -107.309   241540
12   60   0.999558   -106.595   241540
12   61   0.999858   -105.892   241540
12   62   0.999194   -105.186   241540
12   63   0.998346   -104.475   241540
12   64   0.999203   -103.758   241540
13   1   -0.998672   -104.069   241540
13   2   -0.997728   -104.789   241540
13   3   -0.997834   -105.496   241540
13   4   -0.998116   -106.191   241540
13   5   -0.997918   -106.894   241540
13   6   -0.998127   -107.597   241540
13   7   -0.998192   -108.311   241540
13   8   -0.997792   -109.033   241540
13   9   -0.997979   -109.738   241540
13   10   -0.998179   -110.441   241540
13   11   -0.997997   -111.158   241540
13   12   -0.998263   -111.87   241540
13   13   -0.998194   -112.582   241540
13   14   -0.997962   -113.291   241540
13   15   -0.99802   -113.983   241540
13   16   -0.997946   -114.683   241540
13   17   -0.997937   -115.4   241540
13   18   -0.997862   -116.113   241540
13   19   -0.99767   -116.823   241540
13   20   -0.997521   -117.52   241540
13   21   -0.997433   -118.222   241540
13   22   -0.997276   -118.939   241540
13   23   -0.997377   -119.649   241540
13   24   -0.997935   -120.345   241540
13   25   -0.998135   -121.04   241540
13   26   -0.997778   -121.75   241540
13   27   -0.997521   -122.459   241540
13   28   -0.99733   -123.161   241540
13   29   -0.996339   -123.864   241540
13   30   -0.996034   -124.557   241540
13   31   -0.996388   -125.26   241540
13   32   -0.995625   -125.971   241540
13   33   -0.995459   -126.682   241540
13   34   -0.995312   -127.385   241540
13   35   -0.995397   -128.084   241540
13   36   -0.995794   -128.793   241540
13   37   -0.995048   -129.501   241540
13   38   -0.994701   -130.206   241540
13   39   -0.994852   -130.91   241540
13   40   -0.99451   -131.608   241540
13   41   -0.994392   -132.319   241540
13   42   -0.994831   -133.04   241540
13   43   -0.994858   -133.745   241540
13   44   -0.994525   -134.446   241540
13   45   -0.994512   -135.145   241540
13   46   -0.994798   -135.846   241540
13   47   -0.995149   -136.564   241540
13   48   -0.995396   -137.281   241540
13   49   -0.996316   -138.005   241540
13   50   -0.996268   -138.705   241540
13   51   -0.995707   -139.402   241540
13   52   -0.996452   -140.133   241540
13   53   -0.998479   -140.869   241540
13   54   -0.997465   -141.563   241540
13   55   -0.996513   -142.249   241540
13   56   -0.999389   -142.983   241540
13   57   -1.00056   -143.708   241540
13   58   -1.00016   -144.402   241540
13   59   -0.998569   -145.089   241540
13   60   -0.998992   -145.797   241540
13   61   -1.00095   -146.527   241540
13   62   -1.00124   -147.246   241540
13   63   -1.00152   -147.955   241540
13   64   -1.00142   -148.653   241540
14   1   1.00038   -148.771   241542
14   2   1.00192   -148.096   241542
14   3   1.00053   -147.357   241542
14   4   0.999496   -146.629   241542
14   5   0.999927   -145.939   241542
14   6   0.999967   -145.228   241542
14   7   0.999154   -144.504   241542
14   8   1.00009   -143.814   241542
14   9   0.999614   -143.09   241542
14   10   0.998668   -142.365   241542
14   11   0.999552   -141.68   241542
14   12   0.997078   -140.93   241542
14   13   0.996202   -140.207   241542
14   14   1.00045   -139.563   241542
14   15   0.999646   -138.845   241542
14   16   0.996839   -138.106   241542
14   17   0.997877   -137.405   241542
14   18   0.99712   -136.678   241542
14   19   0.996203   -135.96   241542
14   20   0.997902   -135.272   241542
14   21   0.998378   -134.563   241542
14   22   0.997517   -133.849   241542
14   23   0.99698   -133.14   241542
14   24   0.997127   -132.43   241542
14   25   0.997236   -131.73   241542
14   26   0.996784   -131.021   241542
14   27   0.997304   -130.313   241542
14   28   0.997486   -129.612   241542
14   29   0.996599   -128.902   241542
14   30   0.996845   -128.198   241542
14   31   0.997352   -127.501   241542
14   32   0.996866   -126.794   241542
14   33   0.99732   -126.091   241542
14   34   0.997711   -125.392   241542
14   35   0.997044   -124.675   241542
14   36   0.998105   -123.966   241542
14   37   0.99887   -123.271   241542
14   38   0.998996   -122.561   241542
14   39   0.99946   -121.855   241542
14   40   0.999051   -121.16   241542
14   41   0.998642   -120.45   241542
14   42   0.99841   -119.743   241542
14   43   0.998443   -119.043   241542
14   44   0.998355   -118.329   241542
14   45   0.998382   -117.615   241542
14   46   0.998435   -116.913   241542
14   47   0.99883   -116.197   241542
14   48   0.998387   -115.498   241542
14   49   0.997751   -114.81   241542
14   50   0.998608   -114.081   241542
14   51   0.998999   -113.367   241542
14   52   0.998787   -112.68   241542
14   53   0.998743   -111.973   241542
14   54   0.998546   -111.29   241542
14   55   0.999115   -110.608   241542
14   56   0.999458   -109.875   241542
14   57   0.998839   -109.151   241542
14   58   0.998841   -108.446   241542
14   59   0.998988   -107.731   241542
14   60   0.998663   -107.024   241542
14   61   0.998463   -106.32   241542
14   62   0.998645   -105.606   241542
14   63   0.998572   -104.901   241542
14   64   0.998684   -104.221   241542
15   1   -0.999338   -104.326   241542
15   2   -0.998706   -105.027   241542
15   3   -0.998644   -105.741   241542
15   4   -0.998782   -106.451   241542
15   5   -0.999507   -107.158   241542
15   6   -0.999894   -107.854   241542
15   7   -0.999676   -108.557   241542
15   8   -0.999705   -109.267   241542
15   9   -0.999669   -109.973   241542
15   10   -0.999746   -110.679   241542
15   11   -0.999709   -111.393   241542
15   12   -0.999488   -112.103   241542
15   13   -0.999263   -112.81   241542
15   14   -0.999457   -113.515   241542
15   15   -0.999464   -114.219   241542
15   16   -0.999205   -114.937   241542
15   17   -0.999361   -115.651   241542
15   18   -0.999135   -116.355   241542
15   19   -0.99894   -117.065   241542
15   20   -0.999337   -117.773   241542
15   21   -0.999207   -118.479   241542
15   22   -0.999049   -119.193   241542
15   23   -0.999403   -119.901   241542
15   24   -0.999297   -120.603   241542
15   25   -0.999105   -121.308   241542
15   26   -0.999618   -122.02   241542
15   27   -0.999287   -122.719   241542
15   28   -0.998625   -123.419   241542
15   29   -0.99932   -124.131   241542
15   30   -0.999351   -124.841   241542
15   31   -0.998153   -125.546   241542
15   32   -0.998489   -126.257   241542
15   33   -0.998997   -126.968   241542
15   34   -0.998547   -127.674   241542
15   35   -0.998534   -128.382   241542
15   36   -0.998602   -129.084   241542
15   37   -0.998601   -129.791   241542
15   38   -0.998531   -130.5   241542
15   39   -0.999225   -131.208   241542
15   40   -0.999351   -131.921   241542
15   41   -0.998454   -132.629   241542
15   42   -0.999007   -133.327   241542
15   43   -0.999455   -134.031   241542
15   44   -0.998651   -134.743   241542
15   45   -0.99931   -135.453   241542
15   46   -0.999982   -136.166   241542
15   47   -0.999296   -136.875   241542
15   48   -0.99994   -137.577   241542
15   49   -1.0005   -138.291   241542
15   50   -0.99965   -138.998   241542
15   51   -0.999898   -139.705   241542
15   52   -1.00086   -140.431   241542
15   53   -1.00104   -141.151   241542
15   54   -1.00133   -141.859   241542
15   55   -1.00178   -142.571   241542
15   56   -1.00124   -143.277   241542
15   57   -1.00173   -143.989   241542
15   58   -1.00313   -144.719   241542
15   59   -1.00337   -145.436   241542
15   60   -1.00324   -146.141   241542
15   61   -1.00371   -146.863   241542
15   62   -1.00402   -147.587   241542
15   63   -1.00392   -148.291   241542
15   64   -1.00321   -148.981   241542
16   1   1.01052   -148.664   241544
16   2   1.00846   -147.916   241544
16   3   1.00494   -147.141   241544
16   4   1.00515   -146.435   241544
16   5   1.00504   -145.72   241544
16   6   1.00509   -145.006   241544
16   7   1.00435   -144.287   241544
16   8   1.00352   -143.56   241544
16   9   1.00285   -142.839   241544
16   10   1.00256   -142.124   241544
16   11   1.00262   -141.418   241544
16   12   1.00193   -140.707   241544
16   13   1.0016   -139.994   241544
16   14   1.00215   -139.292   241544
16   15   1.00149   -138.575   241544
16   16   1.00092   -137.852   241544
16   17   1.00166   -137.148   241544
16   18   1.00086   -136.431   241544
16   19   1.00025   -135.714   241544
16   20   1.0007   -135.011   241544
16   21   0.999336   -134.289   241544
16   22   0.998758   -133.575   241544
16   23   0.999341   -132.883   241544
16   24   0.998903   -132.18   241544
16   25   0.99906   -131.463   241544
16   26   0.999103   -130.758   241544
16   27   0.99859   -130.054   241544
16   28   0.999118   -129.337   241544
16   29   0.999272   -128.632   241544
16   30   0.998544   -127.925   241544
16   31   0.999088   -127.209   241544
16   32   0.999077   -126.507   241544
16   33   0.998586   -125.807   241544
16   34   0.998893   -125.09   241544
16   35   1.00022   -124.377   241544
16   36   1.00058   -123.681   241544
16   37   0.999268   -122.983   241544
16   38   0.998705   -122.279   241544
16   39   0.998939   -121.58   241544
16   40   0.999371   -120.874   241544
16   41   0.999087   -120.167   241544
16   42   0.998815   -119.461   241544
16   43   0.999011   -118.749   241544
16   44   0.998849   -118.04   241544
16   45   0.998637   -117.334   241544
16   46   0.99908   -116.625   241544
16   47   0.998845   -115.922   241544
16   48   0.998354   -115.219   241544
16   49   0.998778   -114.503   241544
16   50   0.998892   -113.793   241544
16   51   0.99858   -113.09   241544
16   52   0.998673   -112.38   241544
16   53   0.998615   -111.674   241544
16   54   0.998785   -110.971   241544
16   55   0.999358   -110.255   241544
16   56   0.999015   -109.549   241544
16   57   0.999001   -108.849   241544
16   58   0.999474   -108.128   241544
16   59   0.999125   -107.423   241544
16   60   0.999143   -106.726   241544
16   61   0.999629   -106.014   241544
16   62   0.999106   -105.309   241544
16   63   0.998808   -104.604   241544
16   64   1.00151   -103.888   241544
17   1   -0.998758   -103.919   241544
17   2   -0.999312   -104.609   241544
17   3   -0.999154   -105.302   241544
17   4   -0.998852   -106.008   241544
17   5   -0.999725   -106.718   241544
17   6   -0.999998   -107.414   241544
17   7   -0.999977   -108.114   241544
17   8   -0.999974   -108.833   241544
17   9   -0.998969   -109.547   241544
17   10   -0.998603   -110.257   241544
17   11   -0.999193   -110.969   241544
17   12   -0.998797   -111.674   241544
17   13   -0.99848   -112.384   241544
17   14   -0.999452   -113.088   241544
17   15   -0.999278   -113.792   241544
17   16   -0.998161   -114.507   241544
17   17   -0.998699   -115.218   241544
17   18   -0.998714   -115.924   241544
17   19   -0.998059   -116.634   241544
17   20   -0.99866   -117.343   241544
17   21   -0.99857   -118.049   241544
17   22   -0.997854   -118.761   241544
17   23   -0.998485   -119.469   241544
17   24   -0.998516   -120.173   241544
17   25   -0.997905   -120.882   241544
17   26   -0.998373   -121.583   241544
17   27   -0.998323   -122.283   241544
17   28   -0.998062   -122.984   241544
17   29   -0.998277   -123.689   241544
17   30   -0.998008   -124.394   241544
17   31   -0.99768   -125.098   241544
17   32   -0.998051   -125.812   241544
17   33   -0.998018   -126.523   241544
17   34   -0.997826   -127.233   241544
17   35   -0.99847   -127.941   241544
17   36   -0.998716   -128.647   241544
17   37   -0.9986   -129.358   241544
17   38   -0.999768   -130.074   241544
17   39   -0.999815   -130.786   241544
17   40   -0.998743   -131.486   241544
17   41   -1.0002   -132.202   241544
17   42   -1.0005   -132.909   241544
17   43   -0.999119   -133.607   241544
17   44   -1.00037   -134.329   241544
17   45   -1.00076   -135.04   241544
17   46   -0.999531   -135.739   241544
17   47   -1.00103   -136.465   241544
17   48   -1.00158   -137.175   241544
17   49   -0.999616   -137.852   241544
17   50   -1.00071   -138.58   241544
17   51   -1.00219   -139.301   241544
17   52   -1.00161   -139.993   241544
17   53   -1.0021   -140.721   241544
17   54   -1.00278   -141.441   241544
17   55   -1.00293   -142.152   241544
17   56   -1.0027   -142.865   241544
17   57   -1.00365   -143.578   241544
17   58   -1.00468   -144.296   241544
17   59   -1.00459   -145.014   241544
17   60   -1.00465   -145.725   241544
17   61   -1.00524   -146.448   241544
17   62   -1.00588   -147.179   241544
17   63   -1.00646   -147.896   241544
17   64   -1.0089   -148.651   241544
18   1   1.00478   -148.994   241546
18   2   1.00395   -148.271   241546
18   3   1.00256   -147.543   241546
18   4   1.00213   -146.83   241546
18   5   1.00176   -146.112   241546
18   6   1.00016   -145.377   241546
18   7   0.999543   -144.66   241546
18   8   1.00047   -143.962   241546
18   9   1.00037   -143.249   241546
18   10   0.99926   -142.526   241546
18   11   0.998949   -141.811   241546
18   12   0.99915   -141.103   241546
18   13   0.999088   -140.394   241546
18   14   0.999229   -139.688   241546
18   15   0.998713   -138.978   241546
18   16   0.997823   -138.259   241546
18   17   0.997825   -137.545   241546
18   18   0.997305   -136.839   241546
18   19   0.997274   -136.139   241546
18   20   0.997444   -135.426   241546
18   21   0.997529   -134.715   241546
18   22   0.997813   -134.016   241546
18   23   0.997027   -133.314   241546
18   24   0.99583   -132.603   241546
18   25   0.995726   -131.888   241546
18   26   0.996198   -131.183   241546
18   27   0.995963   -130.48   241546
18   28   0.99654   -129.773   241546
18   29   0.996435   -129.063   241546
18   30   0.995581   -128.359   241546
18   31   0.995621   -127.651   241546
18   32   0.995562   -126.939   241546
18   33   0.995532   -126.237   241546
18   34   0.995966   -125.533   241546
18   35   0.996204   -124.826   241546
18   36   0.996043   -124.116   241546
18   37   0.996143   -123.407   241546
18   38   0.996097   -122.7   241546
18   39   0.996164   -121.995   241546
18   40   0.996445   -121.29   241546
18   41   0.996281   -120.584   241546
18   42   0.996319   -119.881   241546
18   43   0.996871   -119.176   241546
18   44   0.996635   -118.471   241546
18   45   0.996598   -117.771   241546
18   46   0.997045   -117.066   241546
18   47   0.99676   -116.354   241546
18   48   0.996857   -115.65   241546
18   49   0.997488   -114.94   241546
18   50   0.997159   -114.232   241546
18   51   0.997087   -113.533   241546
18   52   0.997489   -112.821   241546
18   53   0.997288   -112.11   241546
18   54   0.997411   -111.408   241546
18   55   0.997552   -110.697   241546
18   56   0.997518   -109.992   241546
18   57   0.99755   -109.293   241546
18   58   0.997482   -108.586   241546
18   59   0.997498   -107.886   241546
18   60   0.997539   -107.189   241546
18   61   0.997399   -106.481   241546
18   62   0.997283   -105.774   241546
18   63   0.997184   -105.069   241546
18   64   0.997873   -104.358   241546
19   1   -0.998524   -104.207   241546
19   2   -0.997754   -104.914   241546
19   3   -0.997671   -105.619   241546
19   4   -0.997714   -106.329   241546
19   5   -0.99791   -107.041   241546
19   6   -0.997729   -107.744   241546
19   7   -0.997669   -108.451   241546
19   8   -0.997816   -109.168   241546
19   9   -0.997665   -109.878   241546
19   10   -0.997618   -110.587   241546
19   11   -0.997728   -111.305   241546
19   12   -0.997715   -112.008   241546
19   13   -0.997663   -112.712   241546
19   14   -0.997576   -113.424   241546
19   15   -0.997621   -114.128   241546
19   16   -0.997671   -114.838   241546
19   17   -0.997866   -115.551   241546
19   18   -0.99792   -116.253   241546
19   19   -0.997214   -116.958   241546
19   20   -0.997336   -117.667   241546
19   21   -0.997312   -118.365   241546
19   22   -0.997113   -119.064   241546
19   23   -0.997785   -119.781   241546
19   24   -0.997776   -120.488   241546
19   25   -0.99724   -121.19   241546
19   26   -0.997408   -121.906   241546
19   27   -0.997471   -122.608   241546
19   28   -0.996775   -123.308   241546
19   29   -0.997124   -124.023   241546
19   30   -0.997367   -124.728   241546
19   31   -0.996749   -125.43   241546
19   32   -0.996901   -126.143   241546
19   33   -0.997083   -126.846   241546
19   34   -0.996582   -127.542   241546
19   35   -0.996586   -128.251   241546
19   36   -0.99674   -128.957   241546
19   37   -0.996147   -129.656   241546
19   38   -0.996397   -130.368   241546
19   39   -0.996813   -131.077   241546
19   40   -0.996282   -131.782   241546
19   41   -0.996441   -132.495   241546
19   42   -0.997278   -133.198   241546
19   43   -0.997002   -133.9   241546
19   44   -0.996596   -134.614   241546
19   45   -0.997266   -135.315   241546
19   46   -0.997419   -136.018   241546
19   47   -0.997455   -136.74   241546
19   48   -0.997909   -137.448   241546
19   49   -0.998052   -138.153   241546
19   50   -0.997768   -138.861   241546
19   51   -0.998347   -139.562   241546
19   52   -0.999198   -140.269   241546
19   53   -0.999061   -140.98   241546
19   54   -0.999256   -141.691   241546
19   55   -0.999602   -142.408   241546
19   56   -0.999763   -143.13   241546
19   57   -1.00018   -143.84   241546
19   58   -1.00104   -144.555   241546
19   59   -1.0014   -145.278   241546
19   60   -1.0016   -145.984   241546
19   61   -1.00241   -146.703   241546
19   62   -1.00287   -147.431   241546
19   63   -1.00276   -148.135   241546
19   64   -1.00303   -148.837   241546
20   1   1.00486   -148.71   241548
20   2   1.00641   -148.038   241548
20   3   1.00608   -147.33   241548
20   4   1.00423   -146.573   241548
20   5   1.00444   -145.863   241548
20   6   1.00418   -145.156   241548
20   7   1.0041   -144.438   241548
20   8   1.004   -143.732   241548
20   9   1.00231   -143.008   241548
20   10   1.00245   -142.293   241548
20   11   1.00317   -141.597   241548
20   12   1.00146   -140.869   241548
20   13   1.00107   -140.143   241548
20   14   1.00222   -139.454   241548
20   15   1.00115   -138.744   241548
20   16   1.00076   -138.029   241548
20   17   1.00119   -137.327   241548
20   18   0.999822   -136.605   241548
20   19   0.999504   -135.886   241548
20   20   1.00008   -135.19   241548
20   21   0.998317   -134.471   241548
20   22   0.997885   -133.757   241548
20   23   0.999186   -133.061   241548
20   24   0.998337   -132.346   241548
20   25   0.997907   -131.626   241548
20   26   0.998419   -130.915   241548
20   27   0.997763   -130.205   241548
20   28   0.997428   -129.492   241548
20   29   0.998254   -128.801   241548
20   30   0.997337   -128.091   241548
20   31   0.997132   -127.377   241548
20   32   0.998285   -126.683   241548
20   33   0.997559   -125.972   241548
20   34   0.997429   -125.255   241548
20   35   0.998159   -124.551   241548
20   36   0.997626   -123.843   241548
20   37   0.997264   -123.127   241548
20   38   0.998093   -122.421   241548
20   39   0.998132   -121.711   241548
20   40   0.997921   -120.994   241548
20   41   0.998379   -120.29   241548
20   42   0.998391   -119.591   241548
20   43   0.998661   -118.884   241548
20   44   0.999223   -118.181   241548
20   45   0.998809   -117.472   241548
20   46   0.998616   -116.762   241548
20   47   0.999488   -116.06   241548
20   48   0.999204   -115.356   241548
20   49   0.998463   -114.645   241548
20   50   0.998709   -113.933   241548
20   51   0.998722   -113.229   241548
20   52   0.998685   -112.523   241548
20   53   0.999199   -111.809   241548
20   54   0.999426   -111.106   241548
20   55   0.999292   -110.398   241548
20   56   0.999341   -109.686   241548
20   57   0.999513   -108.983   241548
20   58   0.999492   -108.276   241548
20   59   0.999142   -107.574   241548
20   60   0.999116   -106.871   241548
20   61   0.99921   -106.157   241548
20   62   0.998989   -105.448   241548
20   63   0.998704   -104.747   241548
20   64   0.999047   -104.052   241548
