Ideal Geometry
Layer, Fibre,Ax + B
Dieter Notz (16.06.2008)
xxxxxxxxxxxxxxxxxxxxxxxxxxxxxxxxxxxxxxxxxx
20
1   1   -0.998545   -104.139   241528
1   2   -0.998266   -104.837   241528
1   3   -0.998356   -105.546   241528
1   4   -0.998429   -106.266   241528
1   5   -0.99839   -106.975   241528
1   6   -0.998451   -107.679   241528
1   7   -0.998427   -108.392   241528
1   8   -0.998255   -109.093   241528
1   9   -0.998897   -109.79   241528
1   10   -0.998864   -110.504   241528
1   11   -0.998523   -111.212   241528
1   12   -0.998601   -111.912   241528
1   13   -0.998261   -112.617   241528
1   14   -0.998542   -113.324   241528
1   15   -0.998816   -114.027   241528
1   16   -0.998397   -114.732   241528
1   17   -0.998592   -115.443   241528
1   18   -0.999032   -116.148   241528
1   19   -0.998914   -116.856   241528
1   20   -0.999131   -117.563   241528
1   21   -0.999263   -118.261   241528
1   22   -0.998707   -118.966   241528
1   23   -0.99885   -119.672   241528
1   24   -0.998592   -120.373   241528
1   25   -0.998372   -121.082   241528
1   26   -0.999258   -121.789   241528
1   27   -0.999593   -122.492   241528
1   28   -0.999183   -123.204   241528
1   29   -0.999066   -123.919   241528
1   30   -0.99926   -124.616   241528
1   31   -0.998783   -125.32   241528
1   32   -0.999447   -126.042   241528
1   33   -0.999691   -126.745   241528
1   34   -0.998577   -127.445   241528
1   35   -0.999007   -128.166   241528
1   36   -0.999352   -128.868   241528
1   37   -0.99848   -129.563   241528
1   38   -0.99861   -130.28   241528
1   39   -0.999117   -130.982   241528
1   40   -0.998788   -131.683   241528
1   41   -0.999094   -132.404   241528
1   42   -0.999725   -133.112   241528
1   43   -0.999093   -133.815   241528
1   44   -0.999   -134.534   241528
1   45   -0.99994   -135.245   241528
1   46   -0.99965   -135.95   241528
1   47   -0.999574   -136.669   241528
1   48   -1.00012   -137.367   241528
1   49   -0.999732   -138.062   241528
1   50   -1.00012   -138.78   241528
1   51   -1.00062   -139.483   241528
1   52   -1.00019   -140.182   241528
1   53   -1.0001   -140.9   241528
1   54   -1.00064   -141.613   241528
1   55   -1.00066   -142.319   241528
1   56   -1.00133   -143.043   241528
1   57   -1.00211   -143.758   241528
1   58   -1.00168   -144.465   241528
1   59   -1.0021   -145.192   241528
1   60   -1.00252   -145.884   241528
1   61   -1.00266   -146.581   241528
1   62   -1.00379   -147.324   241528
1   63   -1.00424   -148.032   241528
1   64   -1.0025   -148.699   241528
2   1   1.00766   -148.794   241530
2   2   1.00878   -148.116   241530
2   3   1.00767   -147.395   241530
2   4   1.00538   -146.64   241530
2   5   1.00625   -145.943   241530
2   6   1.00628   -145.239   241530
2   7   1.00501   -144.505   241530
2   8   1.0057   -143.807   241530
2   9   1.00561   -143.106   241530
2   10   1.00564   -142.389   241530
2   11   1.00551   -141.691   241530
2   12   1.00452   -140.982   241530
2   13   1.00458   -140.259   241530
2   14   1.00461   -139.546   241530
2   15   1.00364   -138.816   241530
2   16   1.00391   -138.088   241530
2   17   1.00467   -137.392   241530
2   18   1.00374   -136.684   241530
2   19   1.00343   -135.963   241530
2   20   1.00375   -135.254   241530
2   21   1.00293   -134.542   241530
2   22   1.00244   -133.821   241530
2   23   1.00322   -133.129   241530
2   24   1.00266   -132.428   241530
2   25   1.00262   -131.706   241530
2   26   1.00344   -131.009   241530
2   27   1.00285   -130.304   241530
2   28   1.00263   -129.575   241530
2   29   1.00242   -128.863   241530
2   30   1.00177   -128.165   241530
2   31   1.00181   -127.449   241530
2   32   1.00213   -126.743   241530
2   33   1.0017   -126.037   241530
2   34   1.00161   -125.313   241530
2   35   1.00202   -124.607   241530
2   36   1.00136   -123.899   241530
2   37   1.0009   -123.174   241530
2   38   1.00145   -122.467   241530
2   39   1.00139   -121.769   241530
2   40   1.00083   -121.054   241530
2   41   1.001   -120.352   241530
2   42   1.00106   -119.656   241530
2   43   1.00065   -118.941   241530
2   44   1.00084   -118.236   241530
2   45   1.00074   -117.536   241530
2   46   1.00019   -116.824   241530
2   47   1.0006   -116.12   241530
2   48   1.00062   -115.418   241530
2   49   0.999963   -114.705   241530
2   50   1.0004   -113.997   241530
2   51   1.00053   -113.291   241530
2   52   0.999744   -112.581   241530
2   53   1.00015   -111.87   241530
2   54   1.00055   -111.161   241530
2   55   0.999751   -110.455   241530
2   56   0.999944   -109.742   241530
2   57   1.00033   -109.039   241530
2   58   0.999794   -108.335   241530
2   59   0.999978   -107.62   241530
2   60   1.00022   -106.92   241530
2   61   0.999994   -106.216   241530
2   62   0.999993   -105.504   241530
2   63   0.999817   -104.808   241530
2   64   0.999558   -104.12   241530
3   1   -0.999704   -104.382   241530
3   2   -0.999032   -105.088   241530
3   3   -0.99901   -105.796   241530
3   4   -0.999046   -106.514   241530
3   5   -0.999175   -107.225   241530
3   6   -0.999071   -107.92   241530
3   7   -0.999036   -108.63   241530
3   8   -0.998988   -109.345   241530
3   9   -0.998993   -110.041   241530
3   10   -0.999183   -110.749   241530
3   11   -0.999365   -111.467   241530
3   12   -0.999631   -112.173   241530
3   13   -0.999883   -112.889   241530
3   14   -1.00004   -113.598   241530
3   15   -1.00012   -114.299   241530
3   16   -1.00003   -115.017   241530
3   17   -1.00001   -115.734   241530
3   18   -1.00007   -116.442   241530
3   19   -1.00018   -117.158   241530
3   20   -1.00018   -117.868   241530
3   21   -1.00025   -118.566   241530
3   22   -1.00039   -119.272   241530
3   23   -1.00044   -119.983   241530
3   24   -1.00075   -120.677   241530
3   25   -1.00092   -121.389   241530
3   26   -1.00063   -122.107   241530
3   27   -1.00083   -122.809   241530
3   28   -1.00103   -123.527   241530
3   29   -1.00077   -124.247   241530
3   30   -1.00077   -124.938   241530
3   31   -1.00077   -125.635   241530
3   32   -1.00123   -126.361   241530
3   33   -1.00177   -127.071   241530
3   34   -1.00182   -127.773   241530
3   35   -1.0018   -128.479   241530
3   36   -1.00157   -129.176   241530
3   37   -1.00132   -129.885   241530
3   38   -1.00145   -130.599   241530
3   39   -1.00137   -131.3   241530
3   40   -1.00132   -132.009   241530
3   41   -1.0021   -132.726   241530
3   42   -1.00226   -133.431   241530
3   43   -1.0016   -134.138   241530
3   44   -1.00209   -134.864   241530
3   45   -1.00258   -135.58   241530
3   46   -1.00193   -136.278   241530
3   47   -1.00196   -136.987   241530
3   48   -1.00246   -137.688   241530
3   49   -1.00222   -138.392   241530
3   50   -1.00219   -139.109   241530
3   51   -1.00275   -139.817   241530
3   52   -1.00288   -140.53   241530
3   53   -1.00314   -141.248   241530
3   54   -1.00371   -141.955   241530
3   55   -1.00317   -142.657   241530
3   56   -1.00285   -143.367   241530
3   57   -1.00379   -144.076   241530
3   58   -1.00407   -144.784   241530
3   59   -1.00358   -145.493   241530
3   60   -1.00436   -146.213   241530
3   61   -1.00492   -146.938   241530
3   62   -1.00429   -147.639   241530
3   63   -1.00514   -148.356   241530
3   64   -1.00558   -149.069   241530
4   1   1.00696   -148.515   241532
4   2   1.00645   -147.808   241532
4   3   1.00619   -147.11   241532
4   4   1.00556   -146.383   241532
4   5   1.00539   -145.667   241532
4   6   1.00503   -144.958   241532
4   7   1.00472   -144.23   241532
4   8   1.00491   -143.521   241532
4   9   1.00453   -142.817   241532
4   10   1.00437   -142.102   241532
4   11   1.00446   -141.398   241532
4   12   1.00405   -140.695   241532
4   13   1.00384   -139.97   241532
4   14   1.00275   -139.251   241532
4   15   1.00221   -138.553   241532
4   16   1.00303   -137.842   241532
4   17   1.00294   -137.131   241532
4   18   1.00227   -136.418   241532
4   19   1.00227   -135.694   241532
4   20   1.00254   -134.99   241532
4   21   1.00267   -134.296   241532
4   22   1.00278   -133.582   241532
4   23   1.00194   -132.865   241532
4   24   1.00165   -132.166   241532
4   25   1.00233   -131.457   241532
4   26   1.00228   -130.755   241532
4   27   1.00175   -130.06   241532
4   28   1.00207   -129.346   241532
4   29   1.00225   -128.636   241532
4   30   1.00142   -127.921   241532
4   31   1.0014   -127.193   241532
4   32   1.00161   -126.486   241532
4   33   1.0013   -125.79   241532
4   34   1.00151   -125.076   241532
4   35   1.00152   -124.367   241532
4   36   1.00108   -123.665   241532
4   37   1.00123   -122.947   241532
4   38   1.00159   -122.242   241532
4   39   1.00144   -121.543   241532
4   40   1.00135   -120.819   241532
4   41   1.00125   -120.101   241532
4   42   1.00059   -119.395   241532
4   43   1.00021   -118.676   241532
4   44   1.00025   -117.971   241532
4   45   1.00017   -117.275   241532
4   46   1.0001   -116.557   241532
4   47   1.00011   -115.845   241532
4   48   1.00009   -115.144   241532
4   49   0.999895   -114.432   241532
4   50   0.999611   -113.727   241532
4   51   0.999513   -113.033   241532
4   52   0.999646   -112.323   241532
4   53   0.999661   -111.621   241532
4   54   0.999541   -110.919   241532
4   55   0.999287   -110.199   241532
4   56   0.998994   -109.491   241532
4   57   0.999038   -108.789   241532
4   58   0.999116   -108.075   241532
4   59   0.999366   -107.362   241532
4   60   0.999461   -106.662   241532
4   61   0.99912   -105.954   241532
4   62   0.999278   -105.247   241532
4   63   0.999417   -104.545   241532
4   64   0.999576   -103.847   241532
5   1   -1.00027   -103.959   241532
5   2   -0.999471   -104.67   241532
5   3   -0.99952   -105.388   241532
5   4   -1.00011   -106.098   241532
5   5   -1.00049   -106.801   241532
5   6   -1.00053   -107.506   241532
5   7   -1.00027   -108.219   241532
5   8   -0.999779   -108.933   241532
5   9   -0.999901   -109.641   241532
5   10   -1.00009   -110.352   241532
5   11   -0.999627   -111.059   241532
5   12   -0.999723   -111.766   241532
5   13   -1.00001   -112.475   241532
5   14   -0.99974   -113.178   241532
5   15   -0.99952   -113.876   241532
5   16   -0.999584   -114.584   241532
5   17   -0.999744   -115.296   241532
5   18   -0.999762   -115.995   241532
5   19   -0.999616   -116.7   241532
5   20   -0.999392   -117.411   241532
5   21   -0.999514   -118.114   241532
5   22   -0.999713   -118.823   241532
5   23   -0.999771   -119.534   241532
5   24   -0.999811   -120.235   241532
5   25   -0.999431   -120.945   241532
5   26   -0.999119   -121.657   241532
5   27   -0.999408   -122.359   241532
5   28   -0.99952   -123.063   241532
5   29   -0.998847   -123.769   241532
5   30   -0.998434   -124.468   241532
5   31   -0.998755   -125.177   241532
5   32   -0.999328   -125.889   241532
5   33   -0.999335   -126.587   241532
5   34   -0.99919   -127.298   241532
5   35   -0.999763   -128.016   241532
5   36   -0.999677   -128.719   241532
5   37   -0.999042   -129.419   241532
5   38   -0.999665   -130.127   241532
5   39   -0.999903   -130.838   241532
5   40   -0.999538   -131.545   241532
5   41   -1.00021   -132.258   241532
5   42   -1.00022   -132.974   241532
5   43   -0.99978   -133.684   241532
5   44   -1.00013   -134.396   241532
5   45   -1.00045   -135.099   241532
5   46   -1.00063   -135.806   241532
5   47   -1.0009   -136.522   241532
5   48   -1.00107   -137.219   241532
5   49   -1.00042   -137.906   241532
5   50   -1.0013   -138.629   241532
5   51   -1.00266   -139.354   241532
5   52   -1.00197   -140.046   241532
5   53   -1.00253   -140.773   241532
5   54   -1.00316   -141.5   241532
5   55   -1.00272   -142.198   241532
5   56   -1.00346   -142.911   241532
5   57   -1.00343   -143.609   241532
5   58   -1.00329   -144.305   241532
5   59   -1.00432   -145.032   241532
5   60   -1.00417   -145.745   241532
5   61   -1.0032   -146.433   241532
5   62   -1.00301   -147.141   241532
5   63   -1.00426   -147.879   241532
5   64   -1.00468   -148.592   241532
6   1   1.00837   -149   241534
6   2   1.00728   -148.274   241534
6   3   1.00707   -147.566   241534
6   4   1.00689   -146.841   241534
6   5   1.00614   -146.115   241534
6   6   1.00537   -145.401   241534
6   7   1.00596   -144.685   241534
6   8   1.00587   -143.976   241534
6   9   1.00434   -143.256   241534
6   10   1.00485   -142.538   241534
6   11   1.00556   -141.852   241534
6   12   1.00425   -141.136   241534
6   13   1.00396   -140.407   241534
6   14   1.00376   -139.709   241534
6   15   1.00297   -139   241534
6   16   1.00325   -138.281   241534
6   17   1.00355   -137.582   241534
6   18   1.00293   -136.875   241534
6   19   1.00301   -136.156   241534
6   20   1.00336   -135.454   241534
6   21   1.00265   -134.75   241534
6   22   1.00258   -134.027   241534
6   23   1.00327   -133.326   241534
6   24   1.00273   -132.618   241534
6   25   1.00229   -131.9   241534
6   26   1.00273   -131.206   241534
6   27   1.00215   -130.494   241534
6   28   1.00207   -129.772   241534
6   29   1.0025   -129.074   241534
6   30   1.00192   -128.368   241534
6   31   1.00187   -127.65   241534
6   32   1.00213   -126.946   241534
6   33   1.00136   -126.242   241534
6   34   1.00143   -125.527   241534
6   35   1.00197   -124.827   241534
6   36   1.00145   -124.123   241534
6   37   1.00144   -123.405   241534
6   38   1.00175   -122.7   241534
6   39   1.00148   -121.994   241534
6   40   1.00109   -121.275   241534
6   41   1.00107   -120.566   241534
6   42   1.00086   -119.864   241534
6   43   1.0006   -119.147   241534
6   44   1.0008   -118.434   241534
6   45   1.0008   -117.73   241534
6   46   1.00059   -117.015   241534
6   47   1.00101   -116.303   241534
6   48   1.00115   -115.6   241534
6   49   1.00051   -114.892   241534
6   50   1.00071   -114.183   241534
6   51   1.00084   -113.476   241534
6   52   1.00024   -112.765   241534
6   53   1.00052   -112.055   241534
6   54   1.00066   -111.348   241534
6   55   0.999813   -110.638   241534
6   56   1.00029   -109.927   241534
6   57   1.00066   -109.213   241534
6   58   0.999683   -108.502   241534
6   59   1.00035   -107.786   241534
6   60   1.00086   -107.078   241534
6   61   0.999719   -106.379   241534
6   62   1.00036   -105.664   241534
6   63   1.00142   -104.954   241534
6   64   1.00048   -104.265   241534
7   1   -0.999451   -104.363   241534
7   2   -0.996825   -105.085   241534
7   3   -0.996638   -105.796   241534
7   4   -0.996838   -106.505   241534
7   5   -0.997113   -107.207   241534
7   6   -0.99706   -107.91   241534
7   7   -0.996725   -108.605   241534
7   8   -0.996881   -109.299   241534
7   9   -0.996994   -110.023   241534
7   10   -0.997308   -110.743   241534
7   11   -0.997883   -111.441   241534
7   12   -0.997942   -112.148   241534
7   13   -0.998082   -112.854   241534
7   14   -0.997999   -113.548   241534
7   15   -0.99792   -114.258   241534
7   16   -0.998072   -114.978   241534
7   17   -0.997817   -115.683   241534
7   18   -0.997658   -116.39   241534
7   19   -0.998052   -117.095   241534
7   20   -0.998338   -117.786   241534
7   21   -0.998229   -118.476   241534
7   22   -0.998231   -119.19   241534
7   23   -0.998349   -119.915   241534
7   24   -0.998677   -120.637   241534
7   25   -0.998948   -121.355   241534
7   26   -0.998781   -122.053   241534
7   27   -0.998081   -122.752   241534
7   28   -0.99774   -123.45   241534
7   29   -0.99797   -124.155   241534
7   30   -0.997863   -124.882   241534
7   31   -0.998027   -125.604   241534
7   32   -0.998177   -126.308   241534
7   33   -0.997809   -127.013   241534
7   34   -0.997731   -127.718   241534
7   35   -0.997772   -128.406   241534
7   36   -0.997547   -129.106   241534
7   37   -0.997569   -129.827   241534
7   38   -0.998092   -130.544   241534
7   39   -0.998328   -131.258   241534
7   40   -0.998833   -131.97   241534
7   41   -0.999151   -132.658   241534
7   42   -0.998745   -133.339   241534
7   43   -0.999573   -134.054   241534
7   44   -0.999486   -134.756   241534
7   45   -0.998721   -135.457   241534
7   46   -0.999944   -136.192   241534
7   47   -0.999947   -136.895   241534
7   48   -0.999231   -137.583   241534
7   49   -1.00009   -138.287   241534
7   50   -1.00027   -138.998   241534
7   51   -0.999895   -139.718   241534
7   52   -1.00085   -140.449   241534
7   53   -1.00096   -141.157   241534
7   54   -0.999893   -141.846   241534
7   55   -1.00063   -142.564   241534
7   56   -1.00089   -143.255   241534
7   57   -1.00022   -143.955   241534
7   58   -1.00122   -144.702   241534
7   59   -1.00194   -145.422   241534
7   60   -1.00122   -146.121   241534
7   61   -1.00149   -146.835   241534
7   62   -1.00235   -147.54   241534
7   63   -1.00333   -148.25   241534
7   64   -1.00395   -148.954   241534
8   1   1.00134   -148.547   241536
8   2   1.00273   -147.866   241536
8   3   0.999528   -147.134   241536
8   4   0.997796   -146.411   241536
8   5   1.00074   -145.737   241536
8   6   1.00145   -145.041   241536
8   7   1.00103   -144.331   241536
8   8   1.00095   -143.607   241536
8   9   1.00115   -142.886   241536
8   10   0.999809   -142.163   241536
8   11   0.999566   -141.454   241536
8   12   1.0001   -140.752   241536
8   13   0.9993   -140.039   241536
8   14   0.998916   -139.302   241536
8   15   0.999384   -138.574   241536
8   16   0.99876   -137.87   241536
8   17   0.998469   -137.172   241536
8   18   0.999027   -136.48   241536
8   19   0.998507   -135.777   241536
8   20   0.998129   -135.061   241536
8   21   0.998355   -134.345   241536
8   22   0.997554   -133.617   241536
8   23   0.997427   -132.9   241536
8   24   0.998199   -132.214   241536
8   25   0.997788   -131.527   241536
8   26   0.997613   -130.822   241536
8   27   0.99819   -130.116   241536
8   28   0.997589   -129.403   241536
8   29   0.996998   -128.676   241536
8   30   0.997726   -127.97   241536
8   31   0.997633   -127.285   241536
8   32   0.997255   -126.584   241536
8   33   0.998043   -125.883   241536
8   34   0.99776   -125.185   241536
8   35   0.997283   -124.462   241536
8   36   0.997595   -123.733   241536
8   37   0.997256   -123.03   241536
8   38   0.997373   -122.33   241536
8   39   0.998184   -121.638   241536
8   40   0.998207   -120.946   241536
8   41   0.997956   -120.227   241536
8   42   0.997955   -119.507   241536
8   43   0.997522   -118.791   241536
8   44   0.997381   -118.086   241536
8   45   0.997892   -117.4   241536
8   46   0.997652   -116.705   241536
8   47   0.997044   -115.996   241536
8   48   0.997155   -115.288   241536
8   49   0.997189   -114.581   241536
8   50   0.997523   -113.851   241536
8   51   0.998032   -113.138   241536
8   52   0.997506   -112.464   241536
8   53   0.99725   -111.768   241536
8   54   0.997618   -111.061   241536
8   55   0.997841   -110.359   241536
8   56   0.997905   -109.629   241536
8   57   0.997779   -108.896   241536
8   58   0.997719   -108.206   241536
8   59   0.997399   -107.511   241536
8   60   0.996998   -106.797   241536
8   61   0.997016   -106.09   241536
8   62   0.99718   -105.37   241536
8   63   0.997404   -104.648   241536
8   64   0.998729   -103.938   241536
9   1   -0.999284   -103.846   241536
9   2   -0.99842   -104.541   241536
9   3   -0.998456   -105.236   241536
9   4   -0.998391   -105.942   241536
9   5   -0.998519   -106.656   241536
9   6   -0.998479   -107.364   241536
9   7   -0.998177   -108.072   241536
9   8   -0.998681   -108.785   241536
9   9   -0.998657   -109.487   241536
9   10   -0.998556   -110.192   241536
9   11   -0.999009   -110.907   241536
9   12   -0.99887   -111.605   241536
9   13   -0.998864   -112.312   241536
9   14   -0.999355   -113.025   241536
9   15   -0.998962   -113.725   241536
9   16   -0.998463   -114.436   241536
9   17   -0.998908   -115.152   241536
9   18   -0.998957   -115.851   241536
9   19   -0.998683   -116.56   241536
9   20   -0.999037   -117.275   241536
9   21   -0.999399   -117.971   241536
9   22   -0.999142   -118.677   241536
9   23   -0.998469   -119.395   241536
9   24   -0.999007   -120.092   241536
9   25   -0.999783   -120.793   241536
9   26   -0.999416   -121.507   241536
9   27   -0.999499   -122.203   241536
9   28   -0.999588   -122.908   241536
9   29   -0.999315   -123.627   241536
9   30   -0.999375   -124.329   241536
9   31   -0.999302   -125.029   241536
9   32   -0.999551   -125.742   241536
9   33   -0.999726   -126.44   241536
9   34   -0.999529   -127.144   241536
9   35   -0.999592   -127.861   241536
9   36   -0.999806   -128.563   241536
9   37   -0.999713   -129.269   241536
9   38   -0.999079   -129.979   241536
9   39   -0.99971   -130.678   241536
9   40   -1.00039   -131.39   241536
9   41   -0.999323   -132.104   241536
9   42   -1.00017   -132.804   241536
9   43   -1.00117   -133.518   241536
9   44   -0.99943   -134.227   241536
9   45   -0.998905   -134.923   241536
9   46   -1.00035   -135.643   241536
9   47   -1.0005   -136.358   241536
9   48   -1.00004   -137.046   241536
9   49   -1.00082   -137.76   241536
9   50   -1.00191   -138.492   241536
9   51   -1.0017   -139.193   241536
9   52   -1.00047   -139.887   241536
9   53   -1.00119   -140.613   241536
9   54   -1.00195   -141.313   241536
9   55   -1.0011   -142.006   241536
9   56   -1.00203   -142.738   241536
9   57   -1.00281   -143.444   241536
9   58   -1.00202   -144.133   241536
9   59   -1.00266   -144.862   241536
9   60   -1.00362   -145.587   241536
9   61   -1.00341   -146.291   241536
9   62   -1.00374   -147.01   241536
9   63   -1.00483   -147.728   241536
9   64   -1.00547   -148.435   241536
10   1   1.01345   -149.156   241538
10   2   1.01099   -148.414   241538
10   3   1.00971   -147.685   241538
10   4   1.0106   -146.975   241538
10   5   1.01009   -146.255   241538
10   6   1.00831   -145.52   241538
10   7   1.00758   -144.787   241538
10   8   1.00644   -144.06   241538
10   9   1.00518   -143.339   241538
10   10   1.00551   -142.624   241538
10   11   1.00431   -141.906   241538
10   12   1.00309   -141.196   241538
10   13   1.00391   -140.487   241538
10   14   1.0033   -139.774   241538
10   15   1.00222   -139.063   241538
10   16   1.00264   -138.345   241538
10   17   1.00228   -137.628   241538
10   18   1.00127   -136.915   241538
10   19   1.0018   -136.208   241538
10   20   1.00192   -135.504   241538
10   21   1.0008   -134.785   241538
10   22   1.00092   -134.064   241538
10   23   1.00136   -133.369   241538
10   24   1.00024   -132.662   241538
10   25   1.00027   -131.942   241538
10   26   1.00101   -131.244   241538
10   27   1.00002   -130.543   241538
10   28   0.999731   -129.826   241538
10   29   1.00056   -129.13   241538
10   30   1.00076   -128.435   241538
10   31   1.00025   -127.715   241538
10   32   0.999089   -127.004   241538
10   33   0.99866   -126.308   241538
10   34   0.99929   -125.598   241538
10   35   0.999465   -124.889   241538
10   36   0.998907   -124.188   241538
10   37   0.998902   -123.471   241538
10   38   0.998621   -122.763   241538
10   39   0.998283   -122.065   241538
10   40   0.998802   -121.35   241538
10   41   0.998491   -120.639   241538
10   42   0.998064   -119.942   241538
10   43   0.998444   -119.227   241538
10   44   0.998411   -118.526   241538
10   45   0.998188   -117.836   241538
10   46   0.998554   -117.121   241538
10   47   0.998548   -116.413   241538
10   48   0.998402   -115.709   241538
10   49   0.998799   -114.984   241538
10   50   0.998788   -114.275   241538
10   51   0.99839   -113.573   241538
10   52   0.998578   -112.849   241538
10   53   0.998404   -112.156   241538
10   54   0.998423   -111.471   241538
10   55   0.999385   -110.752   241538
10   56   0.999002   -110.039   241538
10   57   0.998527   -109.342   241538
10   58   0.999238   -108.627   241538
10   59   0.999142   -107.917   241538
10   60   0.999047   -107.223   241538
10   61   0.999624   -106.506   241538
10   62   0.999703   -105.799   241538
10   63   0.999445   -105.106   241538
10   64   0.999803   -104.404   241538
11   1   -1.00032   -104.478   241538
11   2   -0.999706   -105.183   241538
11   3   -0.999408   -105.891   241538
11   4   -0.999231   -106.605   241538
11   5   -0.999877   -107.314   241538
11   6   -0.999472   -108.021   241538
11   7   -0.999171   -108.736   241538
11   8   -0.999786   -109.441   241538
11   9   -0.999457   -110.144   241538
11   10   -0.999436   -110.857   241538
11   11   -1.00029   -111.562   241538
11   12   -1.00014   -112.26   241538
11   13   -0.999745   -112.971   241538
11   14   -1.00028   -113.686   241538
11   15   -1.00033   -114.386   241538
11   16   -1.00024   -115.091   241538
11   17   -1.00075   -115.804   241538
11   18   -1.00085   -116.497   241538
11   19   -1.00072   -117.199   241538
11   20   -1.00088   -117.918   241538
11   21   -1.00095   -118.628   241538
11   22   -1.00089   -119.342   241538
11   23   -1.00138   -120.056   241538
11   24   -1.00175   -120.75   241538
11   25   -1.00165   -121.457   241538
11   26   -1.00178   -122.175   241538
11   27   -1.00199   -122.879   241538
11   28   -1.00176   -123.591   241538
11   29   -1.00158   -124.301   241538
11   30   -1.0021   -124.987   241538
11   31   -1.00232   -125.692   241538
11   32   -1.00193   -126.404   241538
11   33   -1.00195   -127.093   241538
11   34   -1.00249   -127.8   241538
11   35   -1.00264   -128.527   241538
11   36   -1.00245   -129.227   241538
11   37   -1.00198   -129.925   241538
11   38   -1.00239   -130.655   241538
11   39   -1.00323   -131.362   241538
11   40   -1.00273   -132.063   241538
11   41   -1.00222   -132.778   241538
11   42   -1.00318   -133.478   241538
11   43   -1.00347   -134.185   241538
11   44   -1.00236   -134.893   241538
11   45   -1.00302   -135.595   241538
11   46   -1.00333   -136.3   241538
11   47   -1.00246   -137.014   241538
11   48   -1.00294   -137.721   241538
11   49   -1.00328   -138.428   241538
11   50   -1.0034   -139.143   241538
11   51   -1.00408   -139.847   241538
11   52   -1.00373   -140.548   241538
11   53   -1.00316   -141.258   241538
11   54   -1.00391   -141.969   241538
11   55   -1.00425   -142.678   241538
11   56   -1.00364   -143.389   241538
11   57   -1.00449   -144.098   241538
11   58   -1.00515   -144.812   241538
11   59   -1.00429   -145.519   241538
11   60   -1.00508   -146.236   241538
11   61   -1.00602   -146.963   241538
11   62   -1.00505   -147.664   241538
11   63   -1.00595   -148.375   241538
11   64   -1.00764   -149.104   241538
12   1   1.00699   -148.446   241540
12   2   1.00675   -147.739   241540
12   3   1.00594   -147.016   241540
12   4   1.00552   -146.286   241540
12   5   1.00556   -145.579   241540
12   6   1.00395   -144.85   241540
12   7   1.00346   -144.121   241540
12   8   1.00463   -143.43   241540
12   9   1.00381   -142.719   241540
12   10   1.00265   -141.983   241540
12   11   1.00117   -141.257   241540
12   12   1.00081   -140.558   241540
12   13   1.00192   -139.857   241540
12   14   1.00152   -139.147   241540
12   15   1.00076   -138.438   241540
12   16   1.00174   -137.731   241540
12   17   1.00183   -137.032   241540
12   18   1.00041   -136.328   241540
12   19   1.0001   -135.615   241540
12   20   0.999938   -134.895   241540
12   21   0.999438   -134.177   241540
12   22   0.998916   -133.461   241540
12   23   0.999476   -132.754   241540
12   24   0.999218   -132.044   241540
12   25   0.998577   -131.329   241540
12   26   0.999021   -130.629   241540
12   27   0.99883   -129.931   241540
12   28   0.998417   -129.219   241540
12   29   0.998897   -128.517   241540
12   30   0.998923   -127.814   241540
12   31   0.998491   -127.098   241540
12   32   0.998683   -126.396   241540
12   33   0.998621   -125.698   241540
12   34   0.998186   -124.983   241540
12   35   0.998291   -124.273   241540
12   36   0.998278   -123.573   241540
12   37   0.998048   -122.866   241540
12   38   0.998421   -122.156   241540
12   39   0.998628   -121.451   241540
12   40   0.998315   -120.741   241540
12   41   0.998505   -120.042   241540
12   42   0.998589   -119.341   241540
12   43   0.99832   -118.626   241540
12   44   0.998657   -117.92   241540
12   45   0.998727   -117.215   241540
12   46   0.998477   -116.505   241540
12   47   0.998466   -115.802   241540
12   48   0.998781   -115.107   241540
12   49   0.999085   -114.393   241540
12   50   0.998849   -113.678   241540
12   51   0.998826   -112.975   241540
12   52   0.999134   -112.261   241540
12   53   0.999041   -111.55   241540
12   54   0.998993   -110.852   241540
12   55   0.999201   -110.143   241540
12   56   0.999076   -109.435   241540
12   57   0.998879   -108.739   241540
12   58   0.998999   -108.023   241540
12   59   0.999118   -107.307   241540
12   60   0.999143   -106.6   241540
12   61   0.999034   -105.888   241540
12   62   0.999081   -105.184   241540
12   63   0.999239   -104.485   241540
12   64   1.00001   -103.782   241540
13   1   -0.999494   -104.063   241540
13   2   -0.998284   -104.769   241540
13   3   -0.998165   -105.459   241540
13   4   -0.998162   -106.159   241540
13   5   -0.998503   -106.873   241540
13   6   -0.99814   -107.578   241540
13   7   -0.997756   -108.287   241540
13   8   -0.998142   -108.997   241540
13   9   -0.998065   -109.695   241540
13   10   -0.997745   -110.399   241540
13   11   -0.998053   -111.106   241540
13   12   -0.998161   -111.802   241540
13   13   -0.99769   -112.515   241540
13   14   -0.99748   -113.228   241540
13   15   -0.997533   -113.922   241540
13   16   -0.997323   -114.62   241540
13   17   -0.997286   -115.333   241540
13   18   -0.997405   -116.041   241540
13   19   -0.997316   -116.75   241540
13   20   -0.997394   -117.465   241540
13   21   -0.997418   -118.162   241540
13   22   -0.997063   -118.867   241540
13   23   -0.997171   -119.577   241540
13   24   -0.997416   -120.269   241540
13   25   -0.99715   -120.97   241540
13   26   -0.997271   -121.677   241540
13   27   -0.99754   -122.367   241540
13   28   -0.99731   -123.07   241540
13   29   -0.997199   -123.786   241540
13   30   -0.997495   -124.478   241540
13   31   -0.996825   -125.182   241540
13   32   -0.996395   -125.903   241540
13   33   -0.997225   -126.607   241540
13   34   -0.997443   -127.311   241540
13   35   -0.997442   -128.033   241540
13   36   -0.998043   -128.739   241540
13   37   -0.997503   -129.432   241540
13   38   -0.996292   -130.142   241540
13   39   -0.997044   -130.84   241540
13   40   -0.997049   -131.536   241540
13   41   -0.996248   -132.253   241540
13   42   -0.997416   -132.959   241540
13   43   -0.997119   -133.657   241540
13   44   -0.99608   -134.376   241540
13   45   -0.996778   -135.081   241540
13   46   -0.996769   -135.782   241540
13   47   -0.99713   -136.507   241540
13   48   -0.99812   -137.214   241540
13   49   -0.997674   -137.913   241540
13   50   -0.997927   -138.64   241540
13   51   -0.999092   -139.355   241540
13   52   -0.998966   -140.058   241540
13   53   -0.998938   -140.781   241540
13   54   -0.999966   -141.491   241540
13   55   -1.00042   -142.195   241540
13   56   -1.00018   -142.909   241540
13   57   -1.00122   -143.621   241540
13   58   -1.00202   -144.338   241540
13   59   -1.00178   -145.055   241540
13   60   -1.00185   -145.752   241540
13   61   -1.00186   -146.454   241540
13   62   -1.00256   -147.185   241540
13   63   -1.00281   -147.882   241540
13   64   -1.00103   -148.543   241540
14   1   1.00829   -148.887   241542
14   2   1.00808   -148.186   241542
14   3   1.00697   -147.462   241542
14   4   1.00679   -146.739   241542
14   5   1.0059   -146.022   241542
14   6   1.00482   -145.314   241542
14   7   1.00504   -144.603   241542
14   8   1.00463   -143.889   241542
14   9   1.00323   -143.174   241542
14   10   1.0033   -142.458   241542
14   11   1.00375   -141.754   241542
14   12   1.00225   -141.025   241542
14   13   1.00177   -140.294   241542
14   14   1.00283   -139.608   241542
14   15   1.00191   -138.905   241542
14   16   1.00087   -138.173   241542
14   17   1.00111   -137.463   241542
14   18   1.00056   -136.744   241542
14   19   1.00046   -136.016   241542
14   20   1.00067   -135.313   241542
14   21   0.999795   -134.61   241542
14   22   0.999686   -133.895   241542
14   23   1.00017   -133.19   241542
14   24   0.99954   -132.488   241542
14   25   0.999111   -131.774   241542
14   26   0.999079   -131.067   241542
14   27   0.998617   -130.37   241542
14   28   0.998536   -129.659   241542
14   29   0.998723   -128.951   241542
14   30   0.998528   -128.244   241542
14   31   0.998591   -127.532   241542
14   32   0.998617   -126.834   241542
14   33   0.998225   -126.136   241542
14   34   0.998158   -125.424   241542
14   35   0.998153   -124.715   241542
14   36   0.997991   -124.014   241542
14   37   0.997951   -123.302   241542
14   38   0.997933   -122.596   241542
14   39   0.997896   -121.898   241542
14   40   0.997942   -121.186   241542
14   41   0.997698   -120.476   241542
14   42   0.997652   -119.781   241542
14   43   0.998036   -119.071   241542
14   44   0.997885   -118.357   241542
14   45   0.997679   -117.658   241542
14   46   0.998036   -116.948   241542
14   47   0.997927   -116.239   241542
14   48   0.997812   -115.548   241542
14   49   0.997972   -114.842   241542
14   50   0.99765   -114.136   241542
14   51   0.997527   -113.437   241542
14   52   0.997749   -112.72   241542
14   53   0.997634   -112.013   241542
14   54   0.997499   -111.318   241542
14   55   0.997664   -110.612   241542
14   56   0.99761   -109.902   241542
14   57   0.997638   -109.191   241542
14   58   0.99781   -108.468   241542
14   59   0.997782   -107.757   241542
14   60   0.99787   -107.056   241542
14   61   0.99809   -106.341   241542
14   62   0.997943   -105.636   241542
14   63   0.997855   -104.945   241542
14   64   0.999131   -104.233   241542
15   1   -1.00109   -104.32   241542
15   2   -0.999799   -105.03   241542
15   3   -1.00014   -105.736   241542
15   4   -1.00034   -106.448   241542
15   5   -1.00033   -107.156   241542
15   6   -1.00016   -107.863   241542
15   7   -1.00013   -108.577   241542
15   8   -1.00053   -109.282   241542
15   9   -1.00042   -109.995   241542
15   10   -1.00043   -110.714   241542
15   11   -1.00099   -111.422   241542
15   12   -1.00112   -112.124   241542
15   13   -1.00087   -112.843   241542
15   14   -1.00132   -113.559   241542
15   15   -1.00164   -114.26   241542
15   16   -1.00145   -114.974   241542
15   17   -1.00178   -115.697   241542
15   18   -1.0019   -116.401   241542
15   19   -1.00187   -117.103   241542
15   20   -1.00232   -117.814   241542
15   21   -1.00217   -118.521   241542
15   22   -1.00192   -119.232   241542
15   23   -1.00258   -119.941   241542
15   24   -1.0029   -120.64   241542
15   25   -1.00267   -121.345   241542
15   26   -1.00337   -122.054   241542
15   27   -1.004   -122.755   241542
15   28   -1.00361   -123.461   241542
15   29   -1.00367   -124.167   241542
15   30   -1.00405   -124.87   241542
15   31   -1.00412   -125.587   241542
15   32   -1.00444   -126.299   241542
15   33   -1.00505   -127.003   241542
15   34   -1.00565   -127.722   241542
15   35   -1.00581   -128.435   241542
15   36   -1.00625   -129.136   241542
15   37   -1.00689   -129.854   241542
15   38   -1.00635   -130.564   241542
15   39   -1.00661   -131.263   241542
15   40   -1.00759   -131.98   241542
15   41   -1.00659   -132.687   241542
15   42   -1.00704   -133.389   241542
15   43   -1.00839   -134.115   241542
15   44   -1.00682   -134.819   241542
15   45   -1.00664   -135.517   241542
15   46   -1.00828   -136.253   241542
15   47   -1.00781   -136.97   241542
15   48   -1.00764   -137.67   241542
15   49   -1.00853   -138.387   241542
15   50   -1.00777   -139.094   241542
15   51   -1.00779   -139.805   241542
15   52   -1.0088   -140.535   241542
15   53   -1.0081   -141.239   241542
15   54   -1.00845   -141.94   241542
15   55   -1.00929   -142.658   241542
15   56   -1.00813   -143.36   241542
15   57   -1.00858   -144.076   241542
15   58   -1.00961   -144.814   241542
15   59   -1.00864   -145.518   241542
15   60   -1.00921   -146.219   241542
15   61   -1.0101   -146.94   241542
15   62   -1.00967   -147.645   241542
15   63   -1.01089   -148.373   241542
15   64   -1.01229   -149.104   241542
16   1   0.997206   -148.373   241544
16   2   0.997691   -147.685   241544
16   3   0.996869   -146.973   241544
16   4   0.99705   -146.272   241544
16   5   0.996941   -145.563   241544
16   6   0.996362   -144.85   241544
16   7   0.996355   -144.14   241544
16   8   0.996398   -143.439   241544
16   9   0.99562   -142.729   241544
16   10   0.995279   -142.005   241544
16   11   0.995207   -141.297   241544
16   12   0.994604   -140.586   241544
16   13   0.994543   -139.873   241544
16   14   0.994941   -139.179   241544
16   15   0.994543   -138.477   241544
16   16   0.99441   -137.764   241544
16   17   0.994914   -137.064   241544
16   18   0.994381   -136.359   241544
16   19   0.994095   -135.645   241544
16   20   0.994677   -134.946   241544
16   21   0.994085   -134.24   241544
16   22   0.993939   -133.529   241544
16   23   0.994835   -132.833   241544
16   24   0.994509   -132.133   241544
16   25   0.994139   -131.421   241544
16   26   0.99475   -130.721   241544
16   27   0.994597   -130.024   241544
16   28   0.994333   -129.31   241544
16   29   0.995055   -128.605   241544
16   30   0.995111   -127.909   241544
16   31   0.9947   -127.198   241544
16   32   0.995214   -126.493   241544
16   33   0.995276   -125.792   241544
16   34   0.994943   -125.084   241544
16   35   0.995467   -124.385   241544
16   36   0.995442   -123.685   241544
16   37   0.995188   -122.974   241544
16   38   0.995526   -122.269   241544
16   39   0.995837   -121.57   241544
16   40   0.995697   -120.858   241544
16   41   0.995848   -120.148   241544
16   42   0.996071   -119.456   241544
16   43   0.996062   -118.751   241544
16   44   0.995348   -118.034   241544
16   45   0.995285   -117.332   241544
16   46   0.996025   -116.629   241544
16   47   0.995624   -115.917   241544
16   48   0.995829   -115.215   241544
16   49   0.995997   -114.505   241544
16   50   0.995429   -113.796   241544
16   51   0.995363   -113.094   241544
16   52   0.995724   -112.383   241544
16   53   0.995805   -111.684   241544
16   54   0.995653   -110.994   241544
16   55   0.99552   -110.283   241544
16   56   0.995306   -109.573   241544
16   57   0.995249   -108.876   241544
16   58   0.99524   -108.173   241544
16   59   0.99516   -107.467   241544
16   60   0.99531   -106.769   241544
16   61   0.99544   -106.062   241544
16   62   0.995366   -105.356   241544
16   63   0.995259   -104.669   241544
16   64   0.996512   -103.974   241544
17   1   -0.999012   -103.922   241544
17   2   -0.997766   -104.637   241544
17   3   -0.997569   -105.351   241544
17   4   -0.997517   -106.066   241544
17   5   -0.997908   -106.785   241544
17   6   -0.997673   -107.488   241544
17   7   -0.997512   -108.195   241544
17   8   -0.997777   -108.906   241544
17   9   -0.99764   -109.609   241544
17   10   -0.997662   -110.318   241544
17   11   -0.998002   -111.028   241544
17   12   -0.997984   -111.724   241544
17   13   -0.997878   -112.426   241544
17   14   -0.998182   -113.135   241544
17   15   -0.998244   -113.832   241544
17   16   -0.998059   -114.542   241544
17   17   -0.998227   -115.252   241544
17   18   -0.998089   -115.946   241544
17   19   -0.997904   -116.652   241544
17   20   -0.998164   -117.363   241544
17   21   -0.998035   -118.059   241544
17   22   -0.997904   -118.768   241544
17   23   -0.998198   -119.49   241544
17   24   -0.998044   -120.185   241544
17   25   -0.997912   -120.885   241544
17   26   -0.998239   -121.604   241544
17   27   -0.99839   -122.308   241544
17   28   -0.998407   -123.012   241544
17   29   -0.998506   -123.725   241544
17   30   -0.998704   -124.422   241544
17   31   -0.998768   -125.124   241544
17   32   -0.998801   -125.849   241544
17   33   -0.999267   -126.553   241544
17   34   -0.99958   -127.255   241544
17   35   -0.999187   -127.975   241544
17   36   -0.99939   -128.677   241544
17   37   -0.999847   -129.385   241544
17   38   -0.999263   -130.099   241544
17   39   -0.999487   -130.792   241544
17   40   -1.00008   -131.497   241544
17   41   -0.999478   -132.215   241544
17   42   -0.999931   -132.92   241544
17   43   -1.00065   -133.634   241544
17   44   -1.00069   -134.356   241544
17   45   -1.00105   -135.056   241544
17   46   -1.00027   -135.75   241544
17   47   -0.99983   -136.467   241544
17   48   -1.00109   -137.175   241544
17   49   -1.00099   -137.878   241544
17   50   -1.00017   -138.593   241544
17   51   -1.00128   -139.307   241544
17   52   -1.00147   -140.017   241544
17   53   -1.00104   -140.729   241544
17   54   -1.00226   -141.434   241544
17   55   -1.00245   -142.129   241544
17   56   -1.0023   -142.848   241544
17   57   -1.00323   -143.566   241544
17   58   -1.00328   -144.275   241544
17   59   -1.00289   -144.993   241544
17   60   -1.00364   -145.702   241544
17   61   -1.00402   -146.413   241544
17   62   -1.0041   -147.142   241544
17   63   -1.00517   -147.862   241544
17   64   -1.00528   -148.558   241544
18   1   1.00906   -149.044   241546
18   2   1.00844   -148.337   241546
18   3   1.00762   -147.617   241546
18   4   1.0079   -146.901   241546
18   5   1.00702   -146.174   241546
18   6   1.00644   -145.473   241546
18   7   1.00696   -144.769   241546
18   8   1.0064   -144.042   241546
18   9   1.00573   -143.327   241546
18   10   1.00592   -142.618   241546
18   11   1.00459   -141.886   241546
18   12   1.00381   -141.165   241546
18   13   1.00511   -140.466   241546
18   14   1.00448   -139.752   241546
18   15   1.00313   -139.029   241546
18   16   1.00394   -138.319   241546
18   17   1.00372   -137.614   241546
18   18   1.00266   -136.906   241546
18   19   1.00314   -136.189   241546
18   20   1.00276   -135.471   241546
18   21   1.00211   -134.77   241546
18   22   1.00264   -134.064   241546
18   23   1.00202   -133.354   241546
18   24   1.00116   -132.649   241546
18   25   1.00152   -131.945   241546
18   26   1.00135   -131.239   241546
18   27   1.00069   -130.533   241546
18   28   1.00079   -129.816   241546
18   29   1.00096   -129.097   241546
18   30   1.00064   -128.392   241546
18   31   1.00084   -127.672   241546
18   32   1.00091   -126.958   241546
18   33   1.00044   -126.259   241546
18   34   1.00055   -125.548   241546
18   35   1.0003   -124.845   241546
18   36   0.999831   -124.151   241546
18   37   1.00027   -123.438   241546
18   38   1.00023   -122.732   241546
18   39   0.999271   -122.03   241546
18   40   0.999011   -121.315   241546
18   41   0.998984   -120.605   241546
18   42   0.998544   -119.902   241546
18   43   0.998546   -119.193   241546
18   44   0.998268   -118.486   241546
18   45   0.997961   -117.784   241546
18   46   0.998351   -117.075   241546
18   47   0.998492   -116.37   241546
18   48   0.998176   -115.663   241546
18   49   0.998582   -114.947   241546
18   50   0.998444   -114.236   241546
18   51   0.997805   -113.536   241546
18   52   0.998008   -112.828   241546
18   53   0.997982   -112.118   241546
18   54   0.997841   -111.419   241546
18   55   0.997857   -110.713   241546
18   56   0.997863   -110.001   241546
18   57   0.997665   -109.294   241546
18   58   0.997392   -108.591   241546
18   59   0.99752   -107.882   241546
18   60   0.99768   -107.18   241546
18   61   0.997697   -106.477   241546
18   62   0.997391   -105.773   241546
18   63   0.997217   -105.068   241546
18   64   0.998444   -104.353   241546
19   1   -0.999605   -104.196   241546
19   2   -0.998988   -104.901   241546
19   3   -0.998791   -105.604   241546
19   4   -0.998422   -106.311   241546
19   5   -0.999229   -107.018   241546
19   6   -0.998519   -107.73   241546
19   7   -0.997881   -108.444   241546
19   8   -0.998939   -109.148   241546
19   9   -0.998319   -109.849   241546
19   10   -0.99785   -110.562   241546
19   11   -0.999058   -111.267   241546
19   12   -0.998667   -111.963   241546
19   13   -0.998149   -112.667   241546
19   14   -0.998866   -113.368   241546
19   15   -0.998905   -114.061   241546
19   16   -0.998865   -114.767   241546
19   17   -0.999203   -115.479   241546
19   18   -0.998774   -116.182   241546
19   19   -0.998515   -116.893   241546
19   20   -0.999174   -117.596   241546
19   21   -0.998548   -118.295   241546
19   22   -0.998091   -119.007   241546
19   23   -0.999045   -119.714   241546
19   24   -0.998743   -120.414   241546
19   25   -0.998299   -121.118   241546
19   26   -0.998874   -121.831   241546
19   27   -0.999207   -122.535   241546
19   28   -0.998761   -123.243   241546
19   29   -0.998511   -123.961   241546
19   30   -0.999083   -124.658   241546
19   31   -0.998761   -125.355   241546
19   32   -0.998483   -126.077   241546
19   33   -0.999429   -126.786   241546
19   34   -0.998952   -127.485   241546
19   35   -0.998237   -128.201   241546
19   36   -0.999188   -128.914   241546
19   37   -0.999014   -129.619   241546
19   38   -0.998251   -130.33   241546
19   39   -0.99898   -131.027   241546
19   40   -0.999154   -131.728   241546
19   41   -0.998633   -132.447   241546
19   42   -0.999448   -133.151   241546
19   43   -0.999607   -133.858   241546
19   44   -0.998869   -134.572   241546
19   45   -0.999761   -135.271   241546
19   46   -1.00029   -135.979   241546
19   47   -0.999868   -136.699   241546
19   48   -1.00055   -137.407   241546
19   49   -1.00073   -138.121   241546
19   50   -1.00045   -138.842   241546
19   51   -1.00156   -139.562   241546
19   52   -1.00185   -140.274   241546
19   53   -1.00145   -140.99   241546
19   54   -1.00268   -141.709   241546
19   55   -1.0031   -142.421   241546
19   56   -1.00241   -143.134   241546
19   57   -1.00347   -143.853   241546
19   58   -1.00434   -144.579   241546
19   59   -1.00359   -145.29   241546
19   60   -1.00429   -146.008   241546
19   61   -1.00514   -146.742   241546
19   62   -1.00518   -147.471   241546
19   63   -1.00644   -148.181   241546
19   64   -1.00709   -148.885   241546
20   1   1.01247   -148.785   241548
20   2   1.01241   -148.067   241548
20   3   1.01138   -147.34   241548
20   4   1.01147   -146.629   241548
20   5   1.01168   -145.92   241548
20   6   1.01114   -145.205   241548
20   7   1.01116   -144.495   241548
20   8   1.01083   -143.772   241548
20   9   1.01003   -143.044   241548
20   10   1.01   -142.324   241548
20   11   1.00988   -141.614   241548
20   12   1.01009   -140.906   241548
20   13   1.01001   -140.189   241548
20   14   1.00913   -139.482   241548
20   15   1.00821   -138.766   241548
20   16   1.00808   -138.044   241548
20   17   1.0085   -137.335   241548
20   18   1.00788   -136.623   241548
20   19   1.00761   -135.909   241548
20   20   1.00791   -135.205   241548
20   21   1.00716   -134.501   241548
20   22   1.00655   -133.782   241548
20   23   1.00663   -133.071   241548
20   24   1.00623   -132.366   241548
20   25   1.00611   -131.646   241548
20   26   1.0065   -130.932   241548
20   27   1.00592   -130.223   241548
20   28   1.00547   -129.503   241548
20   29   1.00596   -128.805   241548
20   30   1.0055   -128.118   241548
20   31   1.00505   -127.409   241548
20   32   1.00572   -126.694   241548
20   33   1.00547   -125.988   241548
20   34   1.00481   -125.276   241548
20   35   1.0052   -124.577   241548
20   36   1.00498   -123.882   241548
20   37   1.00462   -123.165   241548
20   38   1.00502   -122.457   241548
20   39   1.00474   -121.755   241548
20   40   1.00439   -121.038   241548
20   41   1.0046   -120.321   241548
20   42   1.00439   -119.611   241548
20   43   1.00384   -118.895   241548
20   44   1.0035   -118.187   241548
20   45   1.00335   -117.485   241548
20   46   1.00329   -116.772   241548
20   47   1.00324   -116.066   241548
20   48   1.00262   -115.367   241548
20   49   1.00253   -114.651   241548
20   50   1.00284   -113.946   241548
20   51   1.00247   -113.244   241548
20   52   1.00235   -112.523   241548
20   53   1.00257   -111.814   241548
20   54   1.0024   -111.11   241548
20   55   1.00173   -110.391   241548
20   56   1.00162   -109.685   241548
20   57   1.00165   -108.989   241548
20   58   1.00121   -108.279   241548
20   59   1.00128   -107.573   241548
20   60   1.00136   -106.875   241548
20   61   1.00112   -106.156   241548
20   62   1.00098   -105.44   241548
20   63   1.00052   -104.739   241548
20   64   1.00053   -104.036   241548
