Real Geometry - ALFAOvFibUp from ATLAS DD Database
Layer, Fibre, Slope, Offset, ZL
Dieter Notz (21.01.2008)
xxxxxxxxxxxxxxxxxxxxxxxxxxxxxxxxxxxxxxxxxxxxxxxxxxxxx
6
1   1   0.0014   -143.521   241562
1   2   0.001265   -143.029   241562
1   3   0.001292   -142.534   241562
1   4   0.000709   -142.048   241562
1   5   0.00062   -141.542   241562
1   6   0.001134   -141.02   241562
1   7   0.001219   -140.511   241562
1   8   0.001215   -140.016   241562
1   9   0.000699   -139.535   241562
1   10   0.000615   -139.053   241562
1   11   0.000974   -138.56   241562
1   12   0.001118   -138.058   241562
1   13   0.000829   -137.561   241562
1   14   0.000331   -137.076   241562
1   15   -0.000263   -136.596   241562
1   16   -0.000334   -136.07   241561
1   17   0.000654   -135.557   241561
1   18   0.000674   -135.049   241561
1   19   0.000893   -134.546   241561
1   20   0.001209   -134.042   241561
1   21   0.001618   -133.529   241561
1   22   0.001892   -133.032   241561
1   23   0.001912   -132.538   241561
1   24   0.00216   -132.037   241561
1   25   0.002148   -131.545   241561
1   26   0.002323   -131.045   241561
1   27   0.002355   -130.541   241561
1   28   0.00301   -130.023   241561
1   29   0.00334   -129.508   241561
1   30   0.002089   -129.047   241561
3   1   -0.000258   -143.732   241564
3   2   0.002004   -143.192   241564
3   3   0.000919   -142.719   241564
3   4   0.0016   -142.215   241564
3   5   0.002597   -141.704   241564
3   6   0.002105   -141.216   241564
3   7   0.002659   -140.703   241564
3   8   0.003079   -140.19   241564
3   9   0.001999   -139.711   241564
3   10   0.002382   -139.206   241564
3   11   0.003182   -138.695   241564
3   12   0.00231   -138.214   241564
3   13   0.00253   -137.701   241564
3   14   0.003183   -137.18   241564
3   15   0.001863   -136.719   241564
3   16   0.000275   -136.225   241563
3   17   0.001147   -135.713   241563
3   18   0.00092   -135.21   241563
3   19   0.000965   -134.71   241563
3   20   0.000942   -134.204   241563
3   21   0.001028   -133.692   241563
3   22   0.00114   -133.189   241563
3   23   0.001308   -132.682   241563
3   24   0.001574   -132.17   241563
3   25   0.001322   -131.678   241563
3   26   0.001149   -131.186   241563
3   27   0.001149   -130.686   241563
3   28   0.000478   -130.202   241563
3   29   0.000862   -129.694   241563
3   30   0.000816   -129.202   241563
5   1   0.00088   -143.924   241566
5   2   0.001211   -143.422   241566
5   3   0.000914   -142.927   241566
5   4   0.001255   -142.414   241566
5   5   0.002178   -141.877   241566
5   6   0.002815   -141.357   241566
5   7   0.002708   -140.866   241566
5   8   0.002475   -140.381   241566
5   9   0.003305   -139.869   241566
5   10   0.003099   -139.376   241566
5   11   0.00284   -138.881   241566
5   12   0.003871   -138.353   241566
5   13   0.003614   -137.849   241566
5   14   0.003288   -137.347   241566
5   15   0.002304   -136.869   241566
5   16   0.00036   -136.393   241565
5   17   -0.000129   -135.897   241565
5   18   5e-06   -135.387   241565
5   19   0.000398   -134.87   241565
5   20   0.000352   -134.369   241565
5   21   -0.000133   -133.886   241565
5   22   0.000432   -133.392   241565
5   23   0.001059   -132.889   241565
5   24   0.000475   -132.402   241565
5   25   -0.000687   -131.928   241565
5   26   -0.000801   -131.43   241565
5   27   0.000436   -130.898   241565
5   28   0.002305   -130.337   241565
5   29   0.003637   -129.796   241565
5   30   0.002327   -129.342   241565
2   1   -0.03125   -142.884   241562
2   2   -0.012348   -142.748   241562
2   3   -0.009165   -142.325   241562
2   4   -0.009283   -141.821   241562
2   5   -0.008631   -141.332   241562
2   6   -0.007689   -140.861   241562
2   7   -0.008223   -140.354   241562
2   8   -0.008116   -139.869   241562
2   9   -0.007393   -139.4   241562
2   10   -0.006958   -138.92   241562
2   11   -0.006679   -138.441   241562
2   12   -0.006736   -137.947   241562
2   13   -0.005824   -137.46   241562
2   14   -0.004793   -136.974   241562
2   15   -0.005438   -136.468   241562
2   16   -0.001799   -136.022   241561
2   17   -0.003737   -135.488   241561
2   18   -0.003265   -134.992   241561
2   19   -0.003622   -134.485   241561
2   20   -0.003721   -133.973   241561
2   21   -0.003704   -133.474   241561
2   22   -0.00408   -132.976   241561
2   23   -0.00412   -132.475   241561
2   24   -0.004019   -131.974   241561
2   25   -0.003984   -131.474   241561
2   26   -0.004445   -130.955   241561
2   27   -0.004508   -130.443   241561
2   28   -0.004253   -129.938   241561
2   29   -0.004173   -129.434   241561
2   30   -0.003489   -128.95   241561
4   1   -0.00423   -143.676   241564
4   2   -0.005365   -143.159   241564
4   3   -0.004711   -142.675   241564
4   4   -0.004504   -142.184   241564
4   5   -0.00446   -141.689   241564
4   6   -0.004811   -141.176   241564
4   7   -0.004931   -140.672   241564
4   8   -0.004881   -140.172   241564
4   9   -0.00513   -139.662   241564
4   10   -0.005582   -139.148   241564
4   11   -0.00558   -138.649   241564
4   12   -0.004794   -138.163   241564
4   13   -0.004861   -137.667   241564
4   14   -0.005087   -137.159   241564
4   15   -0.003609   -136.679   241564
4   16   -0.007753   -136.034   241563
4   17   -0.010352   -135.474   241563
4   18   -0.009978   -134.981   241563
4   19   -0.01071   -134.47   241563
4   20   -0.012115   -133.937   241563
4   21   -0.012399   -133.424   241563
4   22   -0.013344   -132.9   241563
4   23   -0.013283   -132.399   241563
4   24   -0.012563   -131.91   241563
4   25   -0.013246   -131.394   241563
4   26   -0.013748   -130.889   241563
4   27   -0.014308   -130.386   241563
4   28   -0.014063   -129.895   241563
4   29   -0.015167   -129.376   241563
4   30   -0.013793   -128.922   241563
6   1   -0.001826   -143.824   241566
6   2   -0.000777   -143.355   241566
6   3   -0.00012   -142.866   241566
6   4   -0.000564   -142.352   241566
6   5   -0.000786   -141.844   241566
6   6   -7e-06   -141.366   241566
6   7   -0.000261   -140.872   241566
6   8   -0.000871   -140.369   241566
6   9   -0.000379   -139.89   241566
6   10   -0.00025   -139.395   241566
6   11   -0.000701   -138.887   241566
6   12   -0.000489   -138.395   241566
6   13   -0.000292   -137.892   241566
6   14   0.000283   -137.401   241566
6   15   0.000529   -136.916   241566
6   16   -0.002187   -136.341   241565
6   17   -0.004107   -135.794   241565
6   18   -0.003969   -135.291   241565
6   19   -0.004876   -134.768   241565
6   20   -0.004984   -134.253   241565
6   21   -0.0039   -133.777   241565
6   22   -0.004615   -133.273   241565
6   23   -0.005226   -132.77   241565
6   24   -0.004874   -132.277   241565
6   25   -0.005401   -131.761   241565
6   26   -0.006087   -131.253   241565
6   27   -0.005518   -130.777   241565
6   28   -0.005587   -130.271   241565
6   29   -0.005966   -129.756   241565
6   30   -0.003066   -129.328   241565
