Ideal Geometry
Layer, Fibre,Ax + B
Dieter Notz (16.06.2008)
xxxxxxxxxxxxxxxxxxxxxxxxxxxxxxxxxxxxxxxxxx
20
1   1   -1.00008   -104.138   241528
1   2   -0.999679   -104.847   241528
1   3   -0.999548   -105.557   241528
1   4   -0.999568   -106.278   241528
1   5   -0.999584   -106.985   241528
1   6   -0.999547   -107.691   241528
1   7   -0.999608   -108.406   241528
1   8   -0.999629   -109.109   241528
1   9   -0.99942   -109.813   241528
1   10   -0.999502   -110.524   241528
1   11   -0.999819   -111.218   241528
1   12   -0.999596   -111.922   241528
1   13   -0.999549   -112.633   241528
1   14   -0.999907   -113.331   241528
1   15   -0.999777   -114.037   241528
1   16   -0.999977   -114.74   241528
1   17   -1.0002   -115.427   241528
1   18   -0.99969   -116.139   241528
1   19   -0.999834   -116.858   241528
1   20   -1.00029   -117.55   241528
1   21   -1.00009   -118.259   241528
1   22   -1.00015   -118.978   241528
1   23   -1.00054   -119.682   241528
1   24   -1.0005   -120.394   241528
1   25   -1.00059   -121.112   241528
1   26   -1.0009   -121.808   241528
1   27   -1.00061   -122.505   241528
1   28   -1.00052   -123.223   241528
1   29   -1.00085   -123.93   241528
1   30   -1.00061   -124.629   241528
1   31   -1.00048   -125.333   241528
1   32   -1.00083   -126.034   241528
1   33   -1.00052   -126.742   241528
1   34   -1.00041   -127.451   241528
1   35   -1.00125   -128.15   241528
1   36   -1.00094   -128.849   241528
1   37   -1.00059   -129.558   241528
1   38   -1.00156   -130.273   241528
1   39   -1.00133   -130.976   241528
1   40   -1.00099   -131.685   241528
1   41   -1.00206   -132.397   241528
1   42   -1.00205   -133.098   241528
1   43   -1.00161   -133.803   241528
1   44   -1.0024   -134.514   241528
1   45   -1.00216   -135.218   241528
1   46   -1.00162   -135.929   241528
1   47   -1.00249   -136.648   241528
1   48   -1.00259   -137.358   241528
1   49   -1.00206   -138.064   241528
1   50   -1.00249   -138.776   241528
1   51   -1.00225   -139.483   241528
1   52   -1.00168   -140.191   241528
1   53   -1.00263   -140.916   241528
1   54   -1.0025   -141.624   241528
1   55   -1.00174   -142.324   241528
1   56   -1.00283   -143.04   241528
1   57   -1.00297   -143.749   241528
1   58   -1.00269   -144.455   241528
1   59   -1.00376   -145.175   241528
1   60   -1.00331   -145.875   241528
1   61   -1.00295   -146.585   241528
1   62   -1.00399   -147.309   241528
1   63   -1.00424   -148.006   241528
1   64   -1.00435   -148.707   241528
2   1   1.00492   -148.693   241530
2   2   1.00341   -147.961   241530
2   3   1.003   -147.241   241530
2   4   1.00377   -146.537   241530
2   5   1.00222   -145.806   241530
2   6   1.00185   -145.102   241530
2   7   1.00286   -144.407   241530
2   8   1.00163   -143.684   241530
2   9   1.00125   -142.983   241530
2   10   1.00168   -142.28   241530
2   11   1.00088   -141.558   241530
2   12   1.00117   -140.856   241530
2   13   1.00157   -140.158   241530
2   14   1.00042   -139.437   241530
2   15   1.00066   -138.735   241530
2   16   1.00135   -138.032   241530
2   17   1.00011   -137.303   241530
2   18   1.00015   -136.598   241530
2   19   1.00093   -135.901   241530
2   20   1.00028   -135.195   241530
2   21   1.00025   -134.485   241530
2   22   1.00084   -133.769   241530
2   23   1.00015   -133.056   241530
2   24   1.00008   -132.355   241530
2   25   1.00059   -131.648   241530
2   26   0.999716   -130.935   241530
2   27   0.999716   -130.231   241530
2   28   1.00048   -129.522   241530
2   29   0.999569   -128.814   241530
2   30   0.999487   -128.116   241530
2   31   1.00023   -127.407   241530
2   32   0.999279   -126.695   241530
2   33   0.999394   -126.002   241530
2   34   1.00019   -125.291   241530
2   35   0.999265   -124.572   241530
2   36   0.999156   -123.863   241530
2   37   0.999765   -123.147   241530
2   38   0.999279   -122.443   241530
2   39   0.999158   -121.746   241530
2   40   0.999447   -121.039   241530
2   41   0.999105   -120.332   241530
2   42   0.999063   -119.627   241530
2   43   0.99939   -118.92   241530
2   44   0.99904   -118.218   241530
2   45   0.99887   -117.513   241530
2   46   0.999228   -116.808   241530
2   47   0.999045   -116.102   241530
2   48   0.999138   -115.397   241530
2   49   0.999316   -114.69   241530
2   50   0.999037   -113.988   241530
2   51   0.999106   -113.284   241530
2   52   0.999111   -112.571   241530
2   53   0.999028   -111.863   241530
2   54   0.998994   -111.151   241530
2   55   0.998973   -110.431   241530
2   56   0.998969   -109.726   241530
2   57   0.998907   -109.028   241530
2   58   0.998821   -108.317   241530
2   59   0.998799   -107.603   241530
2   60   0.998765   -106.899   241530
2   61   0.998849   -106.194   241530
2   62   0.998939   -105.484   241530
2   63   0.998879   -104.776   241530
2   64   0.999138   -104.083   241530
3   1   -1.00116   -104.278   241546
3   2   -1.00004   -104.994   241546
3   3   -0.999779   -105.714   241546
3   4   -0.99961   -106.437   241546
3   5   -0.999967   -107.139   241546
3   6   -0.999659   -107.84   241546
3   7   -0.999205   -108.537   241546
3   8   -0.999812   -109.231   241546
3   9   -1.00019   -109.955   241546
3   10   -1.00049   -110.675   241546
3   11   -0.999989   -111.387   241546
3   12   -0.999481   -112.094   241546
3   13   -0.999378   -112.783   241546
3   14   -0.998614   -113.48   241546
3   15   -0.999299   -114.193   241546
3   16   -0.999981   -114.915   241546
3   17   -0.999097   -115.632   241546
3   18   -0.999297   -116.34   241546
3   19   -0.999722   -117.047   241546
3   20   -0.99908   -117.751   241546
3   21   -0.999048   -118.442   241546
3   22   -0.999576   -119.145   241546
3   23   -0.999069   -119.864   241546
3   24   -0.998816   -120.59   241546
3   25   -0.999401   -121.319   241546
3   26   -0.999108   -122.03   241546
3   27   -0.999188   -122.732   241546
3   28   -0.99959   -123.416   241546
3   29   -0.999461   -124.11   241546
3   30   -0.9995   -124.825   241546
3   31   -0.999792   -125.537   241546
3   32   -0.999549   -126.248   241546
3   33   -0.999795   -126.951   241546
3   34   -1.00018   -127.648   241546
3   35   -0.999775   -128.341   241546
3   36   -0.999898   -129.049   241546
3   37   -1.00023   -129.773   241546
3   38   -1.00035   -130.496   241546
3   39   -1.00037   -131.208   241546
3   40   -1.00027   -131.912   241546
3   41   -0.999612   -132.607   241546
3   42   -0.999863   -133.297   241546
3   43   -1.0006   -134.005   241546
3   44   -1.0012   -134.728   241546
3   45   -1.00164   -135.443   241546
3   46   -1.00135   -136.149   241546
3   47   -1.00179   -136.854   241546
3   48   -1.00222   -137.559   241546
3   49   -1.00218   -138.248   241546
3   50   -1.0028   -138.962   241546
3   51   -1.00355   -139.704   241546
3   52   -1.00386   -140.433   241546
3   53   -1.00498   -141.159   241546
3   54   -1.00584   -141.874   241546
3   55   -1.00583   -142.573   241546
3   56   -1.00732   -143.294   241546
3   57   -1.00738   -144.005   241546
3   58   -1.00636   -144.703   241546
3   59   -1.00823   -145.446   241546
3   60   -1.00884   -146.166   241546
3   61   -1.00779   -146.857   241546
3   62   -1.00897   -147.576   241546
3   63   -1.00827   -148.279   241546
3   64   -1.00794   -148.98   241546
4   1   1.00213   -148.667   241548
4   2   1.0027   -147.98   241548
4   3   1.00332   -147.304   241548
4   4   1.00124   -146.567   241548
4   5   1.00112   -145.845   241548
4   6   1.00197   -145.147   241548
4   7   1.00036   -144.412   241548
4   8   0.999931   -143.667   241548
4   9   1.00044   -142.959   241548
4   10   0.998973   -142.249   241548
4   11   0.998342   -141.534   241548
4   12   0.999315   -140.84   241548
4   13   0.998568   -140.12   241548
4   14   0.997406   -139.378   241548
4   15   0.997592   -138.651   241548
4   16   0.997336   -137.942   241548
4   17   0.997366   -137.247   241548
4   18   0.997529   -136.548   241548
4   19   0.99685   -135.843   241548
4   20   0.996797   -135.132   241548
4   21   0.996968   -134.413   241548
4   22   0.996359   -133.679   241548
4   23   0.995856   -132.968   241548
4   24   0.996031   -132.286   241548
4   25   0.996275   -131.59   241548
4   26   0.996498   -130.881   241548
4   27   0.996411   -130.168   241548
4   28   0.996143   -129.452   241548
4   29   0.99589   -128.732   241548
4   30   0.995977   -128.034   241548
4   31   0.996567   -127.341   241548
4   32   0.995899   -126.645   241548
4   33   0.995656   -125.944   241548
4   34   0.996748   -125.221   241548
4   35   0.996953   -124.504   241548
4   36   0.996149   -123.787   241548
4   37   0.996362   -123.073   241548
4   38   0.996666   -122.385   241548
4   39   0.996301   -121.692   241548
4   40   0.99665   -120.981   241548
4   41   0.996736   -120.269   241548
4   42   0.996245   -119.557   241548
4   43   0.996073   -118.835   241548
4   44   0.996277   -118.132   241548
4   45   0.996197   -117.439   241548
4   46   0.996333   -116.733   241548
4   47   0.996608   -116.032   241548
4   48   0.996467   -115.324   241548
4   49   0.996357   -114.603   241548
4   50   0.996177   -113.885   241548
4   51   0.996454   -113.18   241548
4   52   0.996634   -112.488   241548
4   53   0.996388   -111.796   241548
4   54   0.996437   -111.096   241548
4   55   0.996515   -110.388   241548
4   56   0.996646   -109.672   241548
4   57   0.997032   -108.943   241548
4   58   0.996714   -108.24   241548
4   59   0.997193   -107.549   241548
4   60   0.997596   -106.842   241548
4   61   0.996674   -106.14   241548
4   62   0.996555   -105.425   241548
4   63   0.996695   -104.699   241548
4   64   0.997763   -103.978   241548
5   1   -0.998692   -103.976   241532
5   2   -0.998938   -104.672   241532
5   3   -0.999172   -105.378   241532
5   4   -0.999347   -106.089   241532
5   5   -0.999258   -106.801   241532
5   6   -0.999401   -107.505   241532
5   7   -0.999383   -108.213   241532
5   8   -0.999344   -108.923   241532
5   9   -0.999301   -109.632   241532
5   10   -0.999369   -110.342   241532
5   11   -0.999225   -111.047   241532
5   12   -0.998931   -111.756   241532
5   13   -0.99921   -112.468   241532
5   14   -0.999669   -113.168   241532
5   15   -0.999502   -113.884   241532
5   16   -0.999357   -114.605   241532
5   17   -0.999754   -115.308   241532
5   18   -0.999584   -116.021   241532
5   19   -0.999399   -116.738   241532
5   20   -0.999702   -117.44   241532
5   21   -0.999604   -118.147   241532
5   22   -0.99975   -118.862   241532
5   23   -1.00014   -119.569   241532
5   24   -0.999894   -120.28   241532
5   25   -0.999915   -120.996   241532
5   26   -1.00017   -121.702   241532
5   27   -0.99986   -122.411   241532
5   28   -1.00001   -123.129   241532
5   29   -1.00041   -123.842   241532
5   30   -1.00023   -124.548   241532
5   31   -1.00054   -125.26   241532
5   32   -1.00087   -125.97   241532
5   33   -1.00062   -126.676   241532
5   34   -1.00071   -127.388   241532
5   35   -1.00081   -128.097   241532
5   36   -1.00093   -128.802   241532
5   37   -1.00135   -129.514   241532
5   38   -1.00128   -130.226   241532
5   39   -1.00129   -130.936   241532
5   40   -1.00162   -131.654   241532
5   41   -1.00136   -132.368   241532
5   42   -1.00147   -133.077   241532
5   43   -1.00198   -133.795   241532
5   44   -1.00188   -134.508   241532
5   45   -1.00192   -135.218   241532
5   46   -1.00245   -135.937   241532
5   47   -1.00239   -136.65   241532
5   48   -1.00222   -137.358   241532
5   49   -1.00277   -138.074   241532
5   50   -1.00283   -138.791   241532
5   51   -1.00283   -139.494   241532
5   52   -1.0036   -140.211   241532
5   53   -1.00403   -140.934   241532
5   54   -1.004   -141.637   241532
5   55   -1.00421   -142.347   241532
5   56   -1.00507   -143.081   241532
5   57   -1.00527   -143.795   241532
5   58   -1.00513   -144.504   241532
5   59   -1.00547   -145.231   241532
5   60   -1.00625   -145.952   241532
5   61   -1.00682   -146.669   241532
5   62   -1.00605   -147.378   241532
5   63   -1.00616   -148.094   241532
5   64   -1.00841   -148.839   241532
6   1   1.00611   -149.074   241534
6   2   1.00561   -148.352   241534
6   3   1.00512   -147.63   241534
6   4   1.00391   -146.903   241534
6   5   1.00443   -146.203   241534
6   6   1.00452   -145.494   241534
6   7   1.00346   -144.767   241534
6   8   1.00359   -144.056   241534
6   9   1.0033   -143.342   241534
6   10   1.00262   -142.625   241534
6   11   1.00295   -141.922   241534
6   12   1.00269   -141.207   241534
6   13   1.00186   -140.483   241534
6   14   1.00214   -139.772   241534
6   15   1.00187   -139.057   241534
6   16   1.00108   -138.339   241534
6   17   1.00153   -137.631   241534
6   18   1.00153   -136.92   241534
6   19   1.00086   -136.203   241534
6   20   1.00106   -135.494   241534
6   21   1.0008   -134.781   241534
6   22   1.0002   -134.066   241534
6   23   1.00076   -133.36   241534
6   24   1.00095   -132.654   241534
6   25   1.00005   -131.943   241534
6   26   1.00008   -131.238   241534
6   27   1.00019   -130.534   241534
6   28   0.999464   -129.818   241534
6   29   0.999529   -129.098   241534
6   30   0.999804   -128.392   241534
6   31   0.999108   -127.684   241534
6   32   0.998937   -126.964   241534
6   33   0.999491   -126.254   241534
6   34   0.999096   -125.547   241534
6   35   0.998663   -124.832   241534
6   36   0.999156   -124.125   241534
6   37   0.999099   -123.42   241534
6   38   0.998876   -122.703   241534
6   39   0.999202   -121.993   241534
6   40   0.998981   -121.287   241534
6   41   0.998664   -120.579   241534
6   42   0.998762   -119.876   241534
6   43   0.998684   -119.17   241534
6   44   0.998692   -118.454   241534
6   45   0.998846   -117.74   241534
6   46   0.998675   -117.035   241534
6   47   0.99877   -116.32   241534
6   48   0.998967   -115.607   241534
6   49   0.99877   -114.9   241534
6   50   0.998845   -114.184   241534
6   51   0.999052   -113.472   241534
6   52   0.998735   -112.767   241534
6   53   0.998661   -112.054   241534
6   54   0.998858   -111.347   241534
6   55   0.998928   -110.644   241534
6   56   0.999002   -109.93   241534
6   57   0.998951   -109.219   241534
6   58   0.998926   -108.517   241534
6   59   0.999016   -107.804   241534
6   60   0.999004   -107.094   241534
6   61   0.998833   -106.386   241534
6   62   0.998783   -105.674   241534
6   63   0.99882   -104.963   241534
6   64   0.999777   -104.259   241534
7   1   -0.999173   -104.242   241534
7   2   -0.99855   -104.941   241534
7   3   -0.998726   -105.649   241534
7   4   -0.999003   -106.355   241534
7   5   -0.998903   -107.063   241534
7   6   -0.998988   -107.77   241534
7   7   -0.999002   -108.482   241534
7   8   -0.998859   -109.191   241534
7   9   -0.998847   -109.896   241534
7   10   -0.998904   -110.611   241534
7   11   -0.998933   -111.321   241534
7   12   -0.999387   -112.03   241534
7   13   -0.999923   -112.742   241534
7   14   -0.999833   -113.447   241534
7   15   -0.999687   -114.153   241534
7   16   -0.999941   -114.863   241534
7   17   -0.999895   -115.571   241534
7   18   -0.999975   -116.277   241534
7   19   -1.00026   -116.99   241534
7   20   -0.999989   -117.696   241534
7   21   -1.00009   -118.391   241534
7   22   -1.00033   -119.098   241534
7   23   -0.999975   -119.801   241534
7   24   -0.999881   -120.501   241534
7   25   -1.00013   -121.205   241534
7   26   -1.00027   -121.914   241534
7   27   -1.00035   -122.619   241534
7   28   -1.00053   -123.331   241534
7   29   -1.00033   -124.047   241534
7   30   -1.00035   -124.748   241534
7   31   -1.00097   -125.446   241534
7   32   -1.00082   -126.145   241534
7   33   -1.00074   -126.845   241534
7   34   -1.00139   -127.553   241534
7   35   -1.00135   -128.256   241534
7   36   -1.00106   -128.957   241534
7   37   -1.00135   -129.673   241534
7   38   -1.00164   -130.391   241534
7   39   -1.00071   -131.098   241534
7   40   -1.0007   -131.808   241534
7   41   -1.0016   -132.517   241534
7   42   -1.00159   -133.221   241534
7   43   -1.00212   -133.935   241534
7   44   -1.00221   -134.64   241534
7   45   -1.00213   -135.352   241534
7   46   -1.00262   -136.076   241534
7   47   -1.00272   -136.79   241534
7   48   -1.0027   -137.494   241534
7   49   -1.00315   -138.194   241534
7   50   -1.00361   -138.901   241534
7   51   -1.0044   -139.627   241534
7   52   -1.00544   -140.364   241534
7   53   -1.00556   -141.077   241534
7   54   -1.00544   -141.781   241534
7   55   -1.00636   -142.513   241534
7   56   -1.00692   -143.233   241534
7   57   -1.0066   -143.933   241534
7   58   -1.00707   -144.654   241534
7   59   -1.00789   -145.376   241534
7   60   -1.00771   -146.084   241534
7   61   -1.00797   -146.802   241534
7   62   -1.00909   -147.531   241534
7   63   -1.00947   -148.248   241534
7   64   -1.01082   -148.973   241534
8   1   1.00673   -148.861   241536
8   2   1.00663   -148.153   241536
8   3   1.00596   -147.432   241536
8   4   1.00629   -146.722   241536
8   5   1.0071   -146.025   241536
8   6   1.00659   -145.307   241536
8   7   1.00524   -144.572   241536
8   8   1.00485   -143.853   241536
8   9   1.00498   -143.148   241536
8   10   1.00462   -142.436   241536
8   11   1.00382   -141.708   241536
8   12   1.00401   -141   241536
8   13   1.00413   -140.294   241536
8   14   1.00337   -139.57   241536
8   15   1.00348   -138.851   241536
8   16   1.00371   -138.138   241536
8   17   1.00367   -137.422   241536
8   18   1.00365   -136.71   241536
8   19   1.0029   -135.993   241536
8   20   1.00289   -135.275   241536
8   21   1.00324   -134.569   241536
8   22   1.00261   -133.855   241536
8   23   1.00222   -133.137   241536
8   24   1.00236   -132.429   241536
8   25   1.00219   -131.721   241536
8   26   1.0021   -131.013   241536
8   27   1.0023   -130.306   241536
8   28   1.00223   -129.593   241536
8   29   1.00218   -128.884   241536
8   30   1.00228   -128.181   241536
8   31   1.00187   -127.473   241536
8   32   1.00168   -126.759   241536
8   33   1.00204   -126.052   241536
8   34   1.00182   -125.349   241536
8   35   1.00138   -124.636   241536
8   36   1.00147   -123.925   241536
8   37   1.00147   -123.212   241536
8   38   1.0013   -122.496   241536
8   39   1.00152   -121.784   241536
8   40   1.00153   -121.076   241536
8   41   1.00122   -120.365   241536
8   42   1.00127   -119.652   241536
8   43   1.00158   -118.938   241536
8   44   1.00156   -118.219   241536
8   45   1.00113   -117.51   241536
8   46   1.00095   -116.802   241536
8   47   1.00088   -116.09   241536
8   48   1.00074   -115.382   241536
8   49   1.00075   -114.67   241536
8   50   1.00055   -113.958   241536
8   51   1.00033   -113.255   241536
8   52   1.00039   -112.547   241536
8   53   1.00021   -111.839   241536
8   54   1.00015   -111.136   241536
8   55   1.00029   -110.425   241536
8   56   1.00018   -109.708   241536
8   57   1.00013   -108.997   241536
8   58   1.00012   -108.282   241536
8   59   1.00018   -107.564   241536
8   60   1.00027   -106.848   241536
8   61   1.0002   -106.136   241536
8   62   1.00018   -105.424   241536
8   63   1.0001   -104.714   241536
8   64   0.999821   -104.008   241536
9   1   -0.998215   -103.831   241536
9   2   -0.997359   -104.554   241536
9   3   -0.99735   -105.261   241536
9   4   -0.997298   -105.978   241536
9   5   -0.997581   -106.693   241536
9   6   -0.997369   -107.399   241536
9   7   -0.997111   -108.111   241536
9   8   -0.9974   -108.818   241536
9   9   -0.997405   -109.523   241536
9   10   -0.997311   -110.23   241536
9   11   -0.997354   -110.927   241536
9   12   -0.997231   -111.636   241536
9   13   -0.997351   -112.356   241536
9   14   -0.99741   -113.062   241536
9   15   -0.997321   -113.761   241536
9   16   -0.997599   -114.468   241536
9   17   -0.997718   -115.173   241536
9   18   -0.997441   -115.871   241536
9   19   -0.997329   -116.572   241536
9   20   -0.997424   -117.276   241536
9   21   -0.997362   -117.983   241536
9   22   -0.997464   -118.69   241536
9   23   -0.997482   -119.394   241536
9   24   -0.997357   -120.102   241536
9   25   -0.997639   -120.817   241536
9   26   -0.997606   -121.524   241536
9   27   -0.997351   -122.236   241536
9   28   -0.997866   -122.967   241536
9   29   -0.998125   -123.673   241536
9   30   -0.997705   -124.378   241536
9   31   -0.998087   -125.1   241536
9   32   -0.998405   -125.809   241536
9   33   -0.997953   -126.527   241536
9   34   -0.997994   -127.242   241536
9   35   -0.998355   -127.944   241536
9   36   -0.998053   -128.648   241536
9   37   -0.997905   -129.36   241536
9   38   -0.998319   -130.063   241536
9   39   -0.998005   -130.752   241536
9   40   -0.997874   -131.459   241536
9   41   -0.998937   -132.176   241536
9   42   -0.998677   -132.881   241536
9   43   -0.997946   -133.588   241536
9   44   -0.998883   -134.311   241536
9   45   -0.999284   -135.025   241536
9   46   -0.998979   -135.729   241536
9   47   -0.99935   -136.441   241536
9   48   -0.999368   -137.15   241536
9   49   -0.999212   -137.858   241536
9   50   -0.999911   -138.572   241536
9   51   -0.999828   -139.275   241536
9   52   -0.999552   -139.984   241536
9   53   -1.00037   -140.712   241536
9   54   -1.00053   -141.432   241536
9   55   -1.00044   -142.138   241536
9   56   -1.00152   -142.851   241536
9   57   -1.00106   -143.547   241536
9   58   -1.00036   -144.245   241536
9   59   -1.00179   -144.971   241536
9   60   -1.0024   -145.682   241536
9   61   -1.00233   -146.39   241536
9   62   -1.0032   -147.122   241536
9   63   -1.00368   -147.845   241536
9   64   -1.00328   -148.538   241536
10   1   1.00328   -148.538   241538
10   2   1.00368   -147.845   241538
10   3   1.0032   -147.122   241538
10   4   1.00233   -146.39   241538
10   5   1.0024   -145.682   241538
10   6   1.00179   -144.971   241538
10   7   1.00036   -144.245   241538
10   8   1.00106   -143.547   241538
10   9   1.00152   -142.851   241538
10   10   1.00044   -142.138   241538
10   11   1.00053   -141.432   241538
10   12   1.00037   -140.712   241538
10   13   0.999552   -139.984   241538
10   14   0.999828   -139.275   241538
10   15   0.999911   -138.572   241538
10   16   0.999212   -137.858   241538
10   17   0.999368   -137.15   241538
10   18   0.99935   -136.441   241538
10   19   0.998979   -135.729   241538
10   20   0.999284   -135.025   241538
10   21   0.998883   -134.311   241538
10   22   0.997946   -133.588   241538
10   23   0.998677   -132.881   241538
10   24   0.998937   -132.176   241538
10   25   0.997874   -131.459   241538
10   26   0.998005   -130.752   241538
10   27   0.998319   -130.063   241538
10   28   0.997905   -129.36   241538
10   29   0.998053   -128.648   241538
10   30   0.998355   -127.944   241538
10   31   0.997994   -127.242   241538
10   32   0.997953   -126.527   241538
10   33   0.998405   -125.809   241538
10   34   0.998087   -125.1   241538
10   35   0.997705   -124.378   241538
10   36   0.998125   -123.673   241538
10   37   0.997866   -122.967   241538
10   38   0.997351   -122.236   241538
10   39   0.997606   -121.524   241538
10   40   0.997639   -120.817   241538
10   41   0.997357   -120.102   241538
10   42   0.997482   -119.394   241538
10   43   0.997464   -118.69   241538
10   44   0.997362   -117.983   241538
10   45   0.997424   -117.276   241538
10   46   0.997329   -116.572   241538
10   47   0.997441   -115.871   241538
10   48   0.997718   -115.173   241538
10   49   0.997599   -114.468   241538
10   50   0.997321   -113.761   241538
10   51   0.99741   -113.062   241538
10   52   0.997351   -112.356   241538
10   53   0.997231   -111.636   241538
10   54   0.997354   -110.927   241538
10   55   0.997311   -110.23   241538
10   56   0.997405   -109.523   241538
10   57   0.9974   -108.818   241538
10   58   0.997111   -108.111   241538
10   59   0.997369   -107.399   241538
10   60   0.997581   -106.693   241538
10   61   0.997298   -105.978   241538
10   62   0.99735   -105.261   241538
10   63   0.997359   -104.554   241538
10   64   0.998215   -103.831   241538
11   1   -0.998811   -104.498   241538
11   2   -0.996693   -105.233   241538
11   3   -0.996697   -105.944   241538
11   4   -0.996794   -106.646   241538
11   5   -0.99695   -107.347   241538
11   6   -0.99692   -108.05   241538
11   7   -0.996957   -108.763   241538
11   8   -0.997423   -109.463   241538
11   9   -0.99823   -110.164   241538
11   10   -0.998751   -110.877   241538
11   11   -0.998893   -111.577   241538
11   12   -0.998822   -112.287   241538
11   13   -0.998857   -113.003   241538
11   14   -0.998921   -113.704   241538
11   15   -0.998948   -114.41   241538
11   16   -0.999046   -115.124   241538
11   17   -0.998866   -115.826   241538
11   18   -0.998695   -116.526   241538
11   19   -0.998878   -117.23   241538
11   20   -0.998796   -117.92   241538
11   21   -0.998659   -118.619   241538
11   22   -0.998892   -119.325   241538
11   23   -0.99912   -120.027   241538
11   24   -0.999097   -120.733   241538
11   25   -0.999115   -121.446   241538
11   26   -0.999266   -122.155   241538
11   27   -0.999296   -122.853   241538
11   28   -0.999216   -123.554   241538
11   29   -0.998782   -124.263   241538
11   30   -0.998769   -124.969   241538
11   31   -0.999266   -125.674   241538
11   32   -0.999063   -126.372   241538
11   33   -0.998919   -127.07   241538
11   34   -0.999166   -127.785   241538
11   35   -0.998927   -128.497   241538
11   36   -0.999209   -129.195   241538
11   37   -0.999474   -129.897   241538
11   38   -0.999065   -130.601   241538
11   39   -0.999184   -131.298   241538
11   40   -0.99932   -132.007   241538
11   41   -0.999045   -132.718   241538
11   42   -0.999156   -133.416   241538
11   43   -0.999157   -134.124   241538
11   44   -0.999208   -134.833   241538
11   45   -0.99964   -135.535   241538
11   46   -0.999571   -136.246   241538
11   47   -0.998785   -136.945   241538
11   48   -0.998775   -137.641   241538
11   49   -0.999738   -138.362   241538
11   50   -0.999776   -139.07   241538
11   51   -0.998977   -139.761   241538
11   52   -0.999038   -140.475   241538
11   53   -1.00117   -141.225   241538
11   54   -1.00204   -141.948   241538
11   55   -1.00104   -142.644   241538
11   56   -1.00134   -143.359   241538
11   57   -1.00134   -144.063   241538
11   58   -1.00099   -144.769   241538
11   59   -1.00187   -145.498   241538
11   60   -1.00208   -146.208   241538
11   61   -1.00162   -146.906   241538
11   62   -1.00229   -147.632   241538
11   63   -1.00276   -148.349   241538
11   64   -1.0021   -149.042   241538
12   1   1.00106   -148.345   241540
12   2   1.00141   -147.66   241540
12   3   1.00155   -146.956   241540
12   4   1.00148   -146.245   241540
12   5   1.00211   -145.551   241540
12   6   1.00165   -144.831   241540
12   7   0.999755   -144.091   241540
12   8   1.00051   -143.399   241540
12   9   1.00083   -142.697   241540
12   10   0.999695   -141.973   241540
12   11   0.99919   -141.257   241540
12   12   0.998992   -140.546   241540
12   13   0.998739   -139.83   241540
12   14   0.999254   -139.129   241540
12   15   0.999149   -138.427   241540
12   16   0.997945   -137.709   241540
12   17   0.997482   -136.997   241540
12   18   0.997248   -136.285   241540
12   19   0.99696   -135.57   241540
12   20   0.996021   -134.849   241540
12   21   0.996089   -134.145   241540
12   22   0.996893   -133.451   241540
12   23   0.996481   -132.749   241540
12   24   0.996884   -132.049   241540
12   25   0.997309   -131.342   241540
12   26   0.996422   -130.627   241540
12   27   0.996876   -129.923   241540
12   28   0.997644   -129.213   241540
12   29   0.997148   -128.506   241540
12   30   0.997169   -127.812   241540
12   31   0.997607   -127.107   241540
12   32   0.997108   -126.395   241540
12   33   0.997686   -125.688   241540
12   34   0.998332   -124.973   241540
12   35   0.997357   -124.264   241540
12   36   0.997549   -123.571   241540
12   37   0.998268   -122.862   241540
12   38   0.998423   -122.153   241540
12   39   0.998691   -121.457   241540
12   40   0.998756   -120.743   241540
12   41   0.998454   -120.042   241540
12   42   0.998148   -119.337   241540
12   43   0.998176   -118.619   241540
12   44   0.998082   -117.923   241540
12   45   0.997935   -117.221   241540
12   46   0.998057   -116.505   241540
12   47   0.998142   -115.802   241540
12   48   0.998151   -115.1   241540
12   49   0.998234   -114.394   241540
12   50   0.998202   -113.694   241540
12   51   0.998123   -112.993   241540
12   52   0.998272   -112.28   241540
12   53   0.998385   -111.571   241540
12   54   0.998183   -110.868   241540
12   55   0.997872   -110.156   241540
12   56   0.998138   -109.459   241540
12   57   0.998264   -108.757   241540
12   58   0.997925   -108.042   241540
12   59   0.998325   -107.338   241540
12   60   0.998607   -106.638   241540
12   61   0.998038   -105.936   241540
12   62   0.998044   -105.232   241540
12   63   0.998127   -104.522   241540
12   64   0.999573   -103.797   241540
13   1   -1.00384   -104.045   241540
13   2   -1.00376   -104.753   241540
13   3   -1.00345   -105.456   241540
13   4   -1.00329   -106.166   241540
13   5   -1.00395   -106.874   241540
13   6   -1.00351   -107.573   241540
13   7   -1.00321   -108.282   241540
13   8   -1.00395   -108.989   241540
13   9   -1.00382   -109.693   241540
13   10   -1.00354   -110.401   241540
13   11   -1.00416   -111.119   241540
13   12   -1.0042   -111.831   241540
13   13   -1.00409   -112.543   241540
13   14   -1.00451   -113.267   241540
13   15   -1.00455   -113.981   241540
13   16   -1.00459   -114.695   241540
13   17   -1.0045   -115.416   241540
13   18   -1.00441   -116.123   241540
13   19   -1.00465   -116.834   241540
13   20   -1.00488   -117.554   241540
13   21   -1.00478   -118.267   241540
13   22   -1.00482   -118.974   241540
13   23   -1.00497   -119.686   241540
13   24   -1.00497   -120.39   241540
13   25   -1.00516   -121.089   241540
13   26   -1.00526   -121.799   241540
13   27   -1.0051   -122.506   241540
13   28   -1.00506   -123.22   241540
13   29   -1.00502   -123.947   241540
13   30   -1.00513   -124.659   241540
13   31   -1.0054   -125.369   241540
13   32   -1.00523   -126.088   241540
13   33   -1.00512   -126.792   241540
13   34   -1.00548   -127.494   241540
13   35   -1.00536   -128.203   241540
13   36   -1.00512   -128.913   241540
13   37   -1.00532   -129.628   241540
13   38   -1.00503   -130.332   241540
13   39   -1.00525   -131.041   241540
13   40   -1.00582   -131.77   241540
13   41   -1.00554   -132.487   241540
13   42   -1.00559   -133.19   241540
13   43   -1.00594   -133.903   241540
13   44   -1.00588   -134.627   241540
13   45   -1.00597   -135.346   241540
13   46   -1.00628   -136.064   241540
13   47   -1.0065   -136.786   241540
13   48   -1.00658   -137.498   241540
13   49   -1.00673   -138.213   241540
13   50   -1.00694   -138.928   241540
13   51   -1.00652   -139.627   241540
13   52   -1.00644   -140.335   241540
13   53   -1.00703   -141.056   241540
13   54   -1.00724   -141.775   241540
13   55   -1.00686   -142.483   241540
13   56   -1.00645   -143.184   241540
13   57   -1.0067   -143.893   241540
13   58   -1.00771   -144.623   241540
13   59   -1.00822   -145.334   241540
13   60   -1.00732   -146.022   241540
13   61   -1.00789   -146.749   241540
13   62   -1.00896   -147.477   241540
13   63   -1.00893   -148.186   241540
13   64   -1.00936   -148.899   241540
14   1   1.00531   -148.835   241542
14   2   1.00578   -148.142   241542
14   3   1.00571   -147.434   241542
14   4   1.00474   -146.701   241542
14   5   1.00531   -146.008   241542
14   6   1.00491   -145.3   241542
14   7   1.00356   -144.561   241542
14   8   1.00403   -143.857   241542
14   9   1.00377   -143.137   241542
14   10   1.0027   -142.4   241542
14   11   1.00349   -141.697   241542
14   12   1.00333   -140.98   241542
14   13   1.00249   -140.25   241542
14   14   1.00271   -139.545   241542
14   15   1.00219   -138.837   241542
14   16   1.00169   -138.115   241542
14   17   1.00194   -137.407   241542
14   18   1.00157   -136.704   241542
14   19   1.0011   -135.986   241542
14   20   1.00149   -135.28   241542
14   21   1.00117   -134.573   241542
14   22   1.00086   -133.863   241542
14   23   1.00131   -133.163   241542
14   24   1.00078   -132.454   241542
14   25   1.00035   -131.746   241542
14   26   1.00083   -131.043   241542
14   27   1.00045   -130.327   241542
14   28   1.00005   -129.612   241542
14   29   1.00038   -128.906   241542
14   30   1.00021   -128.202   241542
14   31   1.00009   -127.497   241542
14   32   1.00029   -126.793   241542
14   33   0.999973   -126.09   241542
14   34   0.999736   -125.385   241542
14   35   0.999865   -124.692   241542
14   36   0.999582   -123.987   241542
14   37   0.999355   -123.268   241542
14   38   0.999446   -122.562   241542
14   39   0.999364   -121.848   241542
14   40   0.999314   -121.127   241542
14   41   0.999234   -120.416   241542
14   42   0.999154   -119.713   241542
14   43   0.999203   -118.997   241542
14   44   0.999118   -118.281   241542
14   45   0.999094   -117.581   241542
14   46   0.999107   -116.88   241542
14   47   0.999058   -116.167   241542
14   48   0.999229   -115.46   241542
14   49   0.999257   -114.754   241542
14   50   0.998894   -114.046   241542
14   51   0.998914   -113.341   241542
14   52   0.999174   -112.637   241542
14   53   0.998905   -111.932   241542
14   54   0.998913   -111.222   241542
14   55   0.999165   -110.514   241542
14   56   0.998998   -109.81   241542
14   57   0.998959   -109.107   241542
14   58   0.998922   -108.399   241542
14   59   0.998943   -107.693   241542
14   60   0.999074   -106.991   241542
14   61   0.999144   -106.274   241542
14   62   0.99905   -105.568   241542
14   63   0.998809   -104.869   241542
14   64   0.999427   -104.145   241542
15   1   -1.00054   -104.402   241542
15   2   -0.99913   -105.126   241542
15   3   -0.999249   -105.832   241542
15   4   -0.999427   -106.54   241542
15   5   -0.999372   -107.25   241542
15   6   -0.999249   -107.959   241542
15   7   -0.999211   -108.67   241542
15   8   -0.999279   -109.376   241542
15   9   -0.999334   -110.086   241542
15   10   -0.99935   -110.799   241542
15   11   -0.999064   -111.507   241542
15   12   -0.999029   -112.217   241542
15   13   -0.999444   -112.93   241542
15   14   -0.99924   -113.636   241542
15   15   -0.999127   -114.34   241542
15   16   -0.99962   -115.049   241542
15   17   -0.99944   -115.759   241542
15   18   -0.999438   -116.468   241542
15   19   -0.99972   -117.185   241542
15   20   -0.999397   -117.901   241542
15   21   -0.999832   -118.61   241542
15   22   -1.00044   -119.323   241542
15   23   -0.999945   -120.035   241542
15   24   -1.00019   -120.741   241542
15   25   -1.00059   -121.451   241542
15   26   -0.999844   -122.162   241542
15   27   -0.999888   -122.868   241542
15   28   -1.00066   -123.583   241542
15   29   -1.00043   -124.299   241542
15   30   -1.00046   -125.007   241542
15   31   -1.00115   -125.722   241542
15   32   -1.00092   -126.434   241542
15   33   -1.00092   -127.141   241542
15   34   -1.00168   -127.857   241542
15   35   -1.00162   -128.564   241542
15   36   -1.00156   -129.27   241542
15   37   -1.00234   -129.99   241542
15   38   -1.00238   -130.703   241542
15   39   -1.00216   -131.408   241542
15   40   -1.00267   -132.123   241542
15   41   -1.0027   -132.831   241542
15   42   -1.00238   -133.535   241542
15   43   -1.0028   -134.251   241542
15   44   -1.0032   -134.969   241542
15   45   -1.00293   -135.675   241542
15   46   -1.00298   -136.38   241542
15   47   -1.00369   -137.096   241542
15   48   -1.00355   -137.808   241542
15   49   -1.00346   -138.522   241542
15   50   -1.00403   -139.238   241542
15   51   -1.00375   -139.942   241542
15   52   -1.00376   -140.655   241542
15   53   -1.00423   -141.37   241542
15   54   -1.0042   -142.077   241542
15   55   -1.00436   -142.79   241542
15   56   -1.005   -143.504   241542
15   57   -1.00491   -144.207   241542
15   58   -1.00472   -144.918   241542
15   59   -1.00567   -145.648   241542
15   60   -1.00543   -146.358   241542
15   61   -1.00503   -147.062   241542
15   62   -1.00584   -147.787   241542
15   63   -1.00638   -148.493   241542
15   64   -1.00612   -149.182   241542
16   1   1.00466   -148.568   241544
16   2   1.00478   -147.867   241544
16   3   1.00371   -147.148   241544
16   4   1.00455   -146.451   241544
16   5   1.00542   -145.748   241544
16   6   1.00529   -145.035   241544
16   7   1.00369   -144.3   241544
16   8   1.00358   -143.59   241544
16   9   1.004   -142.893   241544
16   10   1.00367   -142.177   241544
16   11   1.0036   -141.464   241544
16   12   1.00377   -140.761   241544
16   13   1.00346   -140.047   241544
16   14   1.00332   -139.333   241544
16   15   1.00349   -138.627   241544
16   16   1.00297   -137.909   241544
16   17   1.00248   -137.19   241544
16   18   1.00299   -136.488   241544
16   19   1.003   -135.782   241544
16   20   1.00211   -135.057   241544
16   21   1.0022   -134.348   241544
16   22   1.00239   -133.649   241544
16   23   1.00237   -132.938   241544
16   24   1.00253   -132.227   241544
16   25   1.00202   -131.512   241544
16   26   1.00171   -130.797   241544
16   27   1.00209   -130.092   241544
16   28   1.00198   -129.382   241544
16   29   1.00168   -128.665   241544
16   30   1.00205   -127.96   241544
16   31   1.00192   -127.253   241544
16   32   1.00122   -126.535   241544
16   33   1.00142   -125.829   241544
16   34   1.00163   -125.124   241544
16   35   1.00114   -124.415   241544
16   36   1.00122   -123.71   241544
16   37   1.00142   -122.999   241544
16   38   1.00103   -122.285   241544
16   39   1.00092   -121.578   241544
16   40   1.00101   -120.87   241544
16   41   1.00078   -120.157   241544
16   42   1.00081   -119.452   241544
16   43   1.00083   -118.74   241544
16   44   1.00047   -118.022   241544
16   45   1.00045   -117.316   241544
16   46   1.00061   -116.609   241544
16   47   1.00054   -115.898   241544
16   48   1.00059   -115.193   241544
16   49   1.00049   -114.489   241544
16   50   1.00031   -113.775   241544
16   51   1.00052   -113.065   241544
16   52   1.00046   -112.362   241544
16   53   1   -111.654   241544
16   54   1.00002   -110.948   241544
16   55   1.00038   -110.241   241544
16   56   1.0002   -109.535   241544
16   57   1.00006   -108.828   241544
16   58   1.00008   -108.116   241544
16   59   1.00005   -107.402   241544
16   60   0.999931   -106.69   241544
16   61   0.999704   -105.977   241544
16   62   0.999841   -105.265   241544
16   63   0.999803   -104.558   241544
16   64   1.00068   -103.842   241544
17   1   -1.00067   -103.879   241544
17   2   -0.999862   -104.584   241544
17   3   -0.999855   -105.286   241544
17   4   -0.999605   -105.993   241544
17   5   -0.999787   -106.708   241544
17   6   -0.999535   -107.423   241544
17   7   -0.99925   -108.14   241544
17   8   -0.99945   -108.85   241544
17   9   -0.999434   -109.553   241544
17   10   -0.999415   -110.259   241544
17   11   -0.999581   -110.972   241544
17   12   -0.999717   -111.682   241544
17   13   -0.999347   -112.391   241544
17   14   -0.99909   -113.101   241544
17   15   -0.999257   -113.799   241544
17   16   -0.99919   -114.502   241544
17   17   -0.999229   -115.217   241544
17   18   -0.999383   -115.923   241544
17   19   -0.999277   -116.631   241544
17   20   -0.999196   -117.342   241544
17   21   -0.999312   -118.046   241544
17   22   -0.999174   -118.753   241544
17   23   -0.999385   -119.466   241544
17   24   -0.999683   -120.171   241544
17   25   -0.999537   -120.876   241544
17   26   -0.999682   -121.59   241544
17   27   -1.00009   -122.292   241544
17   28   -1.00013   -122.993   241544
17   29   -0.999597   -123.7   241544
17   30   -0.999665   -124.407   241544
17   31   -1.00017   -125.121   241544
17   32   -1.00032   -125.834   241544
17   33   -1.0006   -126.541   241544
17   34   -1.00064   -127.254   241544
17   35   -1.00038   -127.965   241544
17   36   -1.0004   -128.669   241544
17   37   -1.00078   -129.383   241544
17   38   -1.00116   -130.097   241544
17   39   -1.00131   -130.802   241544
17   40   -1.00155   -131.511   241544
17   41   -1.00197   -132.225   241544
17   42   -1.00211   -132.937   241544
17   43   -1.00248   -133.654   241544
17   44   -1.00286   -134.369   241544
17   45   -1.00282   -135.074   241544
17   46   -1.00319   -135.789   241544
17   47   -1.00392   -136.51   241544
17   48   -1.00405   -137.222   241544
17   49   -1.00432   -137.941   241544
17   50   -1.00499   -138.655   241544
17   51   -1.00442   -139.358   241544
17   52   -1.0046   -140.075   241544
17   53   -1.00592   -140.799   241544
17   54   -1.00624   -141.509   241544
17   55   -1.00657   -142.228   241544
17   56   -1.00729   -142.949   241544
17   57   -1.0069   -143.65   241544
17   58   -1.00674   -144.362   241544
17   59   -1.00812   -145.095   241544
17   60   -1.00805   -145.801   241544
17   61   -1.00775   -146.508   241544
17   62   -1.00956   -147.251   241544
17   63   -1.00909   -147.956   241544
17   64   -1.008   -148.646   241544
18   1   1.00744   -149.077   241546
18   2   1.0075   -148.371   241546
18   3   1.00628   -147.637   241546
18   4   1.00662   -146.923   241546
18   5   1.00692   -146.209   241546
18   6   1.00659   -145.495   241546
18   7   1.00578   -144.774   241546
18   8   1.00549   -144.057   241546
18   9   1.00527   -143.342   241546
18   10   1.00508   -142.63   241546
18   11   1.00526   -141.924   241546
18   12   1.0046   -141.206   241546
18   13   1.00403   -140.484   241546
18   14   1.00482   -139.773   241546
18   15   1.00445   -139.055   241546
18   16   1.00336   -138.334   241546
18   17   1.004   -137.634   241546
18   18   1.00359   -136.918   241546
18   19   1.00247   -136.195   241546
18   20   1.00327   -135.492   241546
18   21   1.00331   -134.779   241546
18   22   1.00246   -134.059   241546
18   23   1.00293   -133.35   241546
18   24   1.00294   -132.644   241546
18   25   1.00243   -131.933   241546
18   26   1.00262   -131.226   241546
18   27   1.00236   -130.517   241546
18   28   1.00187   -129.804   241546
18   29   1.00214   -129.09   241546
18   30   1.0019   -128.379   241546
18   31   1.00139   -127.668   241546
18   32   1.0018   -126.961   241546
18   33   1.00168   -126.255   241546
18   34   1.0012   -125.545   241546
18   35   1.00157   -124.837   241546
18   36   1.00153   -124.129   241546
18   37   1.00109   -123.421   241546
18   38   1.00112   -122.714   241546
18   39   1.00114   -122.007   241546
18   40   1.00072   -121.296   241546
18   41   1.00063   -120.583   241546
18   42   1.00078   -119.875   241546
18   43   1.0009   -119.169   241546
18   44   1.00107   -118.459   241546
18   45   1.00074   -117.753   241546
18   46   1.00059   -117.048   241546
18   47   1.00091   -116.344   241546
18   48   1.00117   -115.639   241546
18   49   1.00095   -114.929   241546
18   50   1.00076   -114.211   241546
18   51   1.00068   -113.502   241546
18   52   1.00059   -112.801   241546
18   53   1.00062   -112.091   241546
18   54   1.00068   -111.384   241546
18   55   1.00059   -110.684   241546
18   56   1.00071   -109.972   241546
18   57   1.00098   -109.263   241546
18   58   1.00066   -108.561   241546
18   59   1.00063   -107.849   241546
18   60   1.00069   -107.138   241546
18   61   1.00042   -106.43   241546
18   62   1.00057   -105.725   241546
18   63   1.00044   -105.021   241546
18   64   0.999901   -104.318   241546
19   1   -1.0021   -104.199   241546
19   2   -1.00126   -104.911   241546
19   3   -1.00102   -105.622   241546
19   4   -1.00075   -106.341   241546
19   5   -1.00088   -107.055   241546
19   6   -1.00088   -107.755   241546
19   7   -1.00083   -108.464   241546
19   8   -1.001   -109.18   241546
19   9   -1.00087   -109.892   241546
19   10   -1.00081   -110.605   241546
19   11   -1.00113   -111.316   241546
19   12   -1.00091   -112.027   241546
19   13   -1.00069   -112.742   241546
19   14   -1.0011   -113.453   241546
19   15   -1.00081   -114.156   241546
19   16   -1.00068   -114.854   241546
19   17   -1.00134   -115.559   241546
19   18   -1.00105   -116.27   241546
19   19   -1.00058   -116.979   241546
19   20   -1.00072   -117.694   241546
19   21   -1.00081   -118.399   241546
19   22   -1.00081   -119.107   241546
19   23   -1.00063   -119.827   241546
19   24   -1.00085   -120.523   241546
19   25   -1.00105   -121.222   241546
19   26   -1.00053   -121.942   241546
19   27   -1.00077   -122.648   241546
19   28   -1.00133   -123.359   241546
19   29   -1.0012   -124.072   241546
19   30   -1.00142   -124.772   241546
19   31   -1.0018   -125.481   241546
19   32   -1.00183   -126.191   241546
19   33   -1.00201   -126.897   241546
19   34   -1.00231   -127.612   241546
19   35   -1.0024   -128.327   241546
19   36   -1.00252   -129.035   241546
19   37   -1.00282   -129.752   241546
19   38   -1.00284   -130.468   241546
19   39   -1.00304   -131.172   241546
19   40   -1.00352   -131.884   241546
19   41   -1.00393   -132.607   241546
19   42   -1.00398   -133.321   241546
19   43   -1.00409   -134.034   241546
19   44   -1.00423   -134.739   241546
19   45   -1.00394   -135.437   241546
19   46   -1.0043   -136.154   241546
19   47   -1.00458   -136.865   241546
19   48   -1.00448   -137.571   241546
19   49   -1.00499   -138.293   241546
19   50   -1.00502   -139.011   241546
19   51   -1.00464   -139.719   241546
19   52   -1.00513   -140.444   241546
19   53   -1.00653   -141.176   241546
19   54   -1.00692   -141.89   241546
19   55   -1.00744   -142.621   241546
19   56   -1.00796   -143.344   241546
19   57   -1.00712   -144.038   241546
19   58   -1.00768   -144.761   241546
19   59   -1.00927   -145.492   241546
19   60   -1.00929   -146.191   241546
19   61   -1.00945   -146.908   241546
19   62   -1.01188   -147.665   241546
19   63   -1.01046   -148.345   241546
19   64   -1.00826   -149.011   241546
20   1   1.00032   -148.714   241548
20   2   1.00294   -148.056   241548
20   3   1.00235   -147.343   241548
20   4   1.00041   -146.599   241548
20   5   1.00118   -145.897   241548
20   6   1.00064   -145.179   241548
20   7   0.998759   -144.444   241548
20   8   0.999967   -143.756   241548
20   9   0.999843   -143.05   241548
20   10   0.998288   -142.319   241548
20   11   0.999109   -141.612   241548
20   12   0.998923   -140.899   241548
20   13   0.99741   -140.171   241548
20   14   0.998166   -139.458   241548
20   15   0.998353   -138.743   241548
20   16   0.996936   -138.019   241548
20   17   0.996965   -137.3   241548
20   18   0.997154   -136.588   241548
20   19   0.996551   -135.874   241548
20   20   0.99683   -135.168   241548
20   21   0.996602   -134.463   241548
20   22   0.995674   -133.753   241548
20   23   0.99614   -133.046   241548
20   24   0.996376   -132.341   241548
20   25   0.995752   -131.632   241548
20   26   0.995734   -130.919   241548
20   27   0.996164   -130.219   241548
20   28   0.995992   -129.512   241548
20   29   0.995912   -128.794   241548
20   30   0.996209   -128.089   241548
20   31   0.996034   -127.386   241548
20   32   0.995766   -126.673   241548
20   33   0.996119   -125.968   241548
20   34   0.996363   -125.265   241548
20   35   0.996051   -124.555   241548
20   36   0.996365   -123.849   241548
20   37   0.996437   -123.138   241548
20   38   0.995594   -122.417   241548
20   39   0.99607   -121.702   241548
20   40   0.996974   -121.005   241548
20   41   0.996249   -120.298   241548
20   42   0.996574   -119.595   241548
20   43   0.997433   -118.897   241548
20   44   0.99719   -118.184   241548
20   45   0.997113   -117.476   241548
20   46   0.997268   -116.767   241548
20   47   0.997213   -116.049   241548
20   48   0.997203   -115.333   241548
20   49   0.997164   -114.626   241548
20   50   0.99683   -113.921   241548
20   51   0.997081   -113.219   241548
20   52   0.997353   -112.51   241548
20   53   0.996905   -111.797   241548
20   54   0.996775   -111.095   241548
20   55   0.997099   -110.391   241548
20   56   0.997181   -109.676   241548
20   57   0.997282   -108.964   241548
20   58   0.997357   -108.268   241548
20   59   0.997479   -107.558   241548
20   60   0.997576   -106.844   241548
20   61   0.997507   -106.136   241548
20   62   0.997439   -105.429   241548
20   63   0.997378   -104.729   241548
20   64   0.998345   -104.014   241548
