Ideal Geometry
Layer, Fibre,Ax + B
Dieter Notz (16.06.2008)
xxxxxxxxxxxxxxxxxxxxxxxxxxxxxxxxxxxxxxxxxx
20
1   1   -1.00079   -104.087   241528
1   2   -1.00004   -104.81   241528
1   3   -1.00026   -105.514   241528
1   4   -1.00031   -106.226   241528
1   5   -1.00067   -106.932   241528
1   6   -1.00077   -107.632   241528
1   7   -1.00063   -108.345   241528
1   8   -1.00072   -109.049   241528
1   9   -1.00077   -109.757   241528
1   10   -1.00088   -110.473   241528
1   11   -1.00077   -111.185   241528
1   12   -1.0006   -111.896   241528
1   13   -1.00077   -112.607   241528
1   14   -1.00097   -113.313   241528
1   15   -1.00091   -114.026   241528
1   16   -1.00088   -114.741   241528
1   17   -1.00102   -115.448   241528
1   18   -1.0009   -116.165   241528
1   19   -1.00088   -116.886   241528
1   20   -1.00126   -117.59   241528
1   21   -1.0014   -118.303   241528
1   22   -1.00149   -119.027   241528
1   23   -1.0018   -119.74   241528
1   24   -1.00196   -120.458   241528
1   25   -1.00221   -121.183   241528
1   26   -1.00264   -121.897   241528
1   27   -1.00265   -122.609   241528
1   28   -1.00274   -123.329   241528
1   29   -1.00339   -124.038   241528
1   30   -1.00325   -124.753   241528
1   31   -1.00318   -125.475   241528
1   32   -1.00376   -126.184   241528
1   33   -1.0037   -126.891   241528
1   34   -1.00379   -127.605   241528
1   35   -1.00458   -128.324   241528
1   36   -1.00466   -129.042   241528
1   37   -1.00461   -129.762   241528
1   38   -1.00566   -130.481   241528
1   39   -1.0057   -131.188   241528
1   40   -1.00487   -131.892   241528
1   41   -1.00562   -132.615   241528
1   42   -1.00618   -133.332   241528
1   43   -1.00575   -134.033   241528
1   44   -1.00653   -134.757   241528
1   45   -1.00672   -135.476   241528
1   46   -1.0063   -136.182   241528
1   47   -1.0074   -136.897   241528
1   48   -1.00747   -137.605   241528
1   49   -1.00707   -138.318   241528
1   50   -1.00785   -139.039   241528
1   51   -1.00785   -139.757   241528
1   52   -1.00784   -140.48   241528
1   53   -1.00915   -141.218   241528
1   54   -1.00906   -141.936   241528
1   55   -1.00864   -142.642   241528
1   56   -1.00995   -143.37   241528
1   57   -1.01035   -144.084   241528
1   58   -1.00992   -144.788   241528
1   59   -1.01057   -145.516   241528
1   60   -1.01081   -146.231   241528
1   61   -1.00985   -146.925   241528
1   62   -1.0114   -147.679   241528
1   63   -1.01324   -148.427   241528
1   64   -1.01294   -149.12   241528
2   1   1.01222   -149.009   241530
2   2   1.01158   -148.291   241530
2   3   1.00978   -147.546   241530
2   4   1.00979   -146.821   241530
2   5   1.00915   -146.099   241530
2   6   1.00784   -145.365   241530
2   7   1.00904   -144.656   241530
2   8   1.00863   -143.939   241530
2   9   1.00692   -143.209   241530
2   10   1.006   -142.472   241530
2   11   1.00528   -141.736   241530
2   12   1.00504   -141.014   241530
2   13   1.00445   -140.294   241530
2   14   1.00355   -139.573   241530
2   15   1.00359   -138.87   241530
2   16   1.00413   -138.166   241530
2   17   1.00351   -137.454   241530
2   18   1.00275   -136.742   241530
2   19   1.00291   -136.021   241530
2   20   1.00314   -135.323   241530
2   21   1.00244   -134.618   241530
2   22   1.00221   -133.894   241530
2   23   1.00273   -133.195   241530
2   24   1.00205   -132.479   241530
2   25   1.00157   -131.746   241530
2   26   1.00192   -131.044   241530
2   27   1.00134   -130.34   241530
2   28   1.00106   -129.619   241530
2   29   1.00144   -128.908   241530
2   30   1.00106   -128.205   241530
2   31   1.00091   -127.491   241530
2   32   1.00133   -126.781   241530
2   33   1.00074   -126.072   241530
2   34   1.00042   -125.352   241530
2   35   1.00088   -124.645   241530
2   36   1.00061   -123.939   241530
2   37   1.00017   -123.218   241530
2   38   0.999958   -122.503   241530
2   39   0.999693   -121.795   241530
2   40   0.999685   -121.084   241530
2   41   0.999852   -120.38   241530
2   42   0.999662   -119.672   241530
2   43   0.999551   -118.95   241530
2   44   0.999727   -118.242   241530
2   45   0.999836   -117.537   241530
2   46   1.00022   -116.815   241530
2   47   1.00009   -116.108   241530
2   48   0.999549   -115.407   241530
2   49   0.999498   -114.694   241530
2   50   0.999861   -113.991   241530
2   51   0.999913   -113.289   241530
2   52   0.999713   -112.567   241530
2   53   0.999784   -111.866   241530
2   54   0.99987   -111.17   241530
2   55   0.999823   -110.454   241530
2   56   0.999747   -109.754   241530
2   57   0.9998   -109.049   241530
2   58   0.999847   -108.321   241530
2   59   1.00005   -107.613   241530
2   60   1.00014   -106.917   241530
2   61   0.999861   -106.199   241530
2   62   0.999918   -105.483   241530
2   63   0.999886   -104.781   241530
2   64   0.999973   -104.086   241530
3   1   -0.999874   -104.384   241530
3   2   -0.998203   -105.079   241530
3   3   -0.998227   -105.782   241530
3   4   -0.998549   -106.495   241530
3   5   -0.998162   -107.2   241530
3   6   -0.998205   -107.894   241530
3   7   -0.998327   -108.601   241530
3   8   -0.997923   -109.306   241530
3   9   -0.998106   -109.999   241530
3   10   -0.998344   -110.706   241530
3   11   -0.997908   -111.418   241530
3   12   -0.997869   -112.117   241530
3   13   -0.998386   -112.826   241530
3   14   -0.998347   -113.539   241530
3   15   -0.997773   -114.232   241530
3   16   -0.998197   -114.93   241530
3   17   -0.998867   -115.64   241530
3   18   -0.998691   -116.343   241530
3   19   -0.998391   -117.057   241530
3   20   -0.998567   -117.774   241530
3   21   -0.999091   -118.475   241530
3   22   -0.999129   -119.183   241530
3   23   -0.998763   -119.899   241530
3   24   -0.998816   -120.599   241530
3   25   -0.999052   -121.303   241530
3   26   -0.999192   -122.013   241530
3   27   -0.99933   -122.713   241530
3   28   -0.998985   -123.423   241530
3   29   -0.999382   -124.132   241530
3   30   -0.999787   -124.825   241530
3   31   -0.999295   -125.528   241530
3   32   -0.999419   -126.24   241530
3   33   -0.999719   -126.943   241530
3   34   -0.99957   -127.652   241530
3   35   -0.999772   -128.372   241530
3   36   -1.00007   -129.072   241530
3   37   -0.999614   -129.771   241530
3   38   -0.999616   -130.491   241530
3   39   -1.00026   -131.197   241530
3   40   -1.00015   -131.902   241530
3   41   -0.999871   -132.62   241530
3   42   -1.00045   -133.324   241530
3   43   -1.00053   -134.029   241530
3   44   -1.00009   -134.746   241530
3   45   -1.00031   -135.448   241530
3   46   -1.00061   -136.156   241530
3   47   -1.00098   -136.872   241530
3   48   -1.00118   -137.57   241530
3   49   -1.00068   -138.276   241530
3   50   -1.00086   -138.997   241530
3   51   -1.00142   -139.7   241530
3   52   -1.00122   -140.404   241530
3   53   -1.00139   -141.125   241530
3   54   -1.00207   -141.835   241530
3   55   -1.00208   -142.548   241530
3   56   -1.00181   -143.261   241530
3   57   -1.00263   -143.967   241530
3   58   -1.00321   -144.681   241530
3   59   -1.00304   -145.411   241530
3   60   -1.00324   -146.125   241530
3   61   -1.0035   -146.832   241530
3   62   -1.00458   -147.566   241530
3   63   -1.00499   -148.272   241530
3   64   -1.00607   -148.988   241530
4   1   1.0066   -148.554   241532
4   2   1.00518   -147.827   241532
4   3   1.00465   -147.112   241532
4   4   1.00359   -146.376   241532
4   5   1.00425   -145.672   241532
4   6   1.0044   -144.973   241532
4   7   1.00275   -144.229   241532
4   8   1.00217   -143.506   241532
4   9   1.00215   -142.813   241532
4   10   1.00169   -142.093   241532
4   11   1.0014   -141.379   241532
4   12   1.0013   -140.681   241532
4   13   1.00093   -139.96   241532
4   14   1.00079   -139.246   241532
4   15   1.00034   -138.537   241532
4   16   1.00005   -137.819   241532
4   17   1.00043   -137.117   241532
4   18   0.999788   -136.404   241532
4   19   0.99956   -135.685   241532
4   20   0.999933   -134.986   241532
4   21   0.99945   -134.277   241532
4   22   0.99932   -133.557   241532
4   23   0.999154   -132.853   241532
4   24   0.998614   -132.154   241532
4   25   0.998472   -131.435   241532
4   26   0.998397   -130.722   241532
4   27   0.998193   -130.02   241532
4   28   0.998348   -129.305   241532
4   29   0.998221   -128.608   241532
4   30   0.997762   -127.904   241532
4   31   0.998184   -127.178   241532
4   32   0.998243   -126.473   241532
4   33   0.997704   -125.775   241532
4   34   0.997989   -125.056   241532
4   35   0.997795   -124.353   241532
4   36   0.997291   -123.662   241532
4   37   0.997724   -122.948   241532
4   38   0.997661   -122.248   241532
4   39   0.997118   -121.553   241532
4   40   0.997195   -120.834   241532
4   41   0.997519   -120.131   241532
4   42   0.997441   -119.43   241532
4   43   0.99753   -118.705   241532
4   44   0.997476   -117.99   241532
4   45   0.997199   -117.289   241532
4   46   0.997313   -116.574   241532
4   47   0.997279   -115.871   241532
4   48   0.997389   -115.184   241532
4   49   0.997666   -114.476   241532
4   50   0.997148   -113.767   241532
4   51   0.99704   -113.071   241532
4   52   0.997576   -112.357   241532
4   53   0.997369   -111.646   241532
4   54   0.997291   -110.949   241532
4   55   0.997634   -110.232   241532
4   56   0.997626   -109.514   241532
4   57   0.997636   -108.804   241532
4   58   0.997337   -108.09   241532
4   59   0.997374   -107.384   241532
4   60   0.997801   -106.689   241532
4   61   0.997549   -105.977   241532
4   62   0.997532   -105.268   241532
4   63   0.99764   -104.575   241532
4   64   0.998396   -103.862   241532
5   1   -0.999862   -104.027   241532
5   2   -0.99808   -104.742   241532
5   3   -0.998107   -105.452   241532
5   4   -0.998112   -106.158   241532
5   5   -0.998187   -106.863   241532
5   6   -0.997974   -107.564   241532
5   7   -0.997842   -108.255   241532
5   8   -0.997812   -108.954   241532
5   9   -0.997596   -109.684   241532
5   10   -0.997544   -110.412   241532
5   11   -0.997553   -111.113   241532
5   12   -0.997507   -111.823   241532
5   13   -0.997695   -112.526   241532
5   14   -0.997939   -113.197   241532
5   15   -0.997612   -113.898   241532
5   16   -0.997572   -114.632   241532
5   17   -0.997904   -115.343   241532
5   18   -0.997373   -116.057   241532
5   19   -0.996958   -116.768   241532
5   20   -0.997669   -117.456   241532
5   21   -0.997885   -118.147   241532
5   22   -0.997574   -118.857   241532
5   23   -0.997709   -119.563   241532
5   24   -0.997646   -120.281   241532
5   25   -0.998236   -121.002   241532
5   26   -0.998339   -121.692   241532
5   27   -0.997004   -122.391   241532
5   28   -0.997033   -123.089   241532
5   29   -0.997451   -123.783   241532
5   30   -0.997077   -124.507   241532
5   31   -0.997203   -125.231   241532
5   32   -0.996448   -125.934   241532
5   33   -0.99624   -126.63   241532
5   34   -0.996995   -127.33   241532
5   35   -0.996225   -128.004   241532
5   36   -0.995963   -128.703   241532
5   37   -0.996578   -129.439   241532
5   38   -0.996291   -130.154   241532
5   39   -0.996317   -130.867   241532
5   40   -0.996632   -131.574   241532
5   41   -0.996106   -132.261   241532
5   42   -0.996205   -132.946   241532
5   43   -0.996399   -133.645   241532
5   44   -0.995893   -134.36   241532
5   45   -0.996067   -135.08   241532
5   46   -0.996533   -135.794   241532
5   47   -0.99694   -136.498   241532
5   48   -0.996865   -137.201   241532
5   49   -0.996451   -137.888   241532
5   50   -0.997062   -138.591   241532
5   51   -0.997322   -139.326   241532
5   52   -0.997043   -140.043   241532
5   53   -0.997579   -140.755   241532
5   54   -0.997807   -141.466   241532
5   55   -0.997788   -142.169   241532
5   56   -0.998489   -142.867   241532
5   57   -0.998389   -143.568   241532
5   58   -0.998026   -144.286   241532
5   59   -0.999029   -145.013   241532
5   60   -0.999062   -145.72   241532
5   61   -0.998587   -146.418   241532
5   62   -0.998801   -147.114   241532
5   63   -0.999482   -147.817   241532
5   64   -0.999373   -148.504   241532
6   1   1.00602   -148.928   241534
6   2   1.00654   -148.249   241534
6   3   1.00631   -147.558   241534
6   4   1.00588   -146.852   241534
6   5   1.00531   -146.128   241534
6   6   1.00558   -145.423   241534
6   7   1.00518   -144.704   241534
6   8   1.00271   -143.943   241534
6   9   1.00348   -143.247   241534
6   10   1.00504   -142.574   241534
6   11   1.00343   -141.841   241534
6   12   1.00412   -141.143   241534
6   13   1.00451   -140.441   241534
6   14   1.00289   -139.699   241534
6   15   1.00278   -138.987   241534
6   16   1.00294   -138.292   241534
6   17   1.00209   -137.583   241534
6   18   1.00252   -136.884   241534
6   19   1.00291   -136.173   241534
6   20   1.00167   -135.44   241534
6   21   1.00186   -134.726   241534
6   22   1.00225   -134.008   241534
6   23   1.00067   -133.287   241534
6   24   1.00108   -132.6   241534
6   25   1.00218   -131.91   241534
6   26   1.0011   -131.194   241534
6   27   1.0015   -130.488   241534
6   28   1.00195   -129.771   241534
6   29   0.999728   -129.037   241534
6   30   1.00008   -128.342   241534
6   31   1.00164   -127.654   241534
6   32   1.00059   -126.945   241534
6   33   1.00099   -126.243   241534
6   34   1.00167   -125.536   241534
6   35   1.00053   -124.81   241534
6   36   1.00047   -124.087   241534
6   37   1.00111   -123.383   241534
6   38   1.00069   -122.686   241534
6   39   1.00086   -121.983   241534
6   40   1.00123   -121.275   241534
6   41   1.00082   -120.563   241534
6   42   1.00076   -119.854   241534
6   43   1.00065   -119.136   241534
6   44   1.00016   -118.426   241534
6   45   1.00029   -117.733   241534
6   46   1.00041   -117.031   241534
6   47   1.00009   -116.325   241534
6   48   1.00019   -115.617   241534
6   49   1.00021   -114.902   241534
6   50   0.999894   -114.178   241534
6   51   1.00013   -113.468   241534
6   52   0.999853   -112.772   241534
6   53   0.999746   -112.068   241534
6   54   1.00012   -111.363   241534
6   55   0.999346   -110.655   241534
6   56   0.999641   -109.934   241534
6   57   0.999958   -109.206   241534
6   58   0.998994   -108.506   241534
6   59   0.999592   -107.811   241534
6   60   0.999953   -107.105   241534
6   61   0.99911   -106.4   241534
6   62   0.999227   -105.688   241534
6   63   0.999319   -104.973   241534
6   64   1.00147   -104.25   241534
7   1   -1.00023   -104.235   241534
7   2   -0.999272   -104.938   241534
7   3   -0.999484   -105.642   241534
7   4   -0.999795   -106.35   241534
7   5   -0.999674   -107.063   241534
7   6   -0.999439   -107.772   241534
7   7   -0.999485   -108.483   241534
7   8   -0.99958   -109.187   241534
7   9   -0.999617   -109.881   241534
7   10   -0.999648   -110.586   241534
7   11   -0.999715   -111.287   241534
7   12   -0.999374   -111.988   241534
7   13   -0.999189   -112.697   241534
7   14   -0.999751   -113.393   241534
7   15   -0.99966   -114.105   241534
7   16   -0.999457   -114.829   241534
7   17   -1.00002   -115.53   241534
7   18   -0.999938   -116.241   241534
7   19   -0.999622   -116.959   241534
7   20   -0.999958   -117.662   241534
7   21   -1.00008   -118.369   241534
7   22   -1.00015   -119.085   241534
7   23   -1.00026   -119.791   241534
7   24   -1.00003   -120.5   241534
7   25   -1.00018   -121.216   241534
7   26   -1.00052   -121.922   241534
7   27   -1.00041   -122.627   241534
7   28   -1.00041   -123.34   241534
7   29   -1.00065   -124.053   241534
7   30   -1.00065   -124.758   241534
7   31   -1.00069   -125.464   241534
7   32   -1.00128   -126.181   241534
7   33   -1.00113   -126.896   241534
7   34   -1.00058   -127.596   241534
7   35   -1.00117   -128.302   241534
7   36   -1.00147   -129.009   241534
7   37   -1.0013   -129.713   241534
7   38   -1.00173   -130.423   241534
7   39   -1.0021   -131.134   241534
7   40   -1.00197   -131.843   241534
7   41   -1.00259   -132.559   241534
7   42   -1.00266   -133.271   241534
7   43   -1.00209   -133.975   241534
7   44   -1.00287   -134.692   241534
7   45   -1.00338   -135.41   241534
7   46   -1.00337   -136.123   241534
7   47   -1.00371   -136.836   241534
7   48   -1.00378   -137.546   241534
7   49   -1.00388   -138.262   241534
7   50   -1.00445   -138.969   241534
7   51   -1.00467   -139.669   241534
7   52   -1.00484   -140.375   241534
7   53   -1.00551   -141.088   241534
7   54   -1.00536   -141.798   241534
7   55   -1.0053   -142.515   241534
7   56   -1.00627   -143.237   241534
7   57   -1.00588   -143.932   241534
7   58   -1.00563   -144.641   241534
7   59   -1.00714   -145.38   241534
7   60   -1.00853   -146.111   241534
7   61   -1.00861   -146.83   241534
7   62   -1.00758   -147.529   241534
7   63   -1.0089   -148.258   241534
7   64   -1.01199   -149.021   241534
8   1   1.00938   -148.719   241536
8   2   1.00604   -147.942   241536
8   3   1.00669   -147.244   241536
8   4   1.00487   -146.507   241536
8   5   1.00496   -145.795   241536
8   6   1.00499   -145.082   241536
8   7   1.00321   -144.341   241536
8   8   1.00326   -143.626   241536
8   9   1.0031   -142.915   241536
8   10   1.00168   -142.183   241536
8   11   1.00176   -141.472   241536
8   12   1.00183   -140.767   241536
8   13   1.00092   -140.047   241536
8   14   1.00104   -139.342   241536
8   15   1.00101   -138.634   241536
8   16   1.0002   -137.909   241536
8   17   0.999946   -137.196   241536
8   18   0.999663   -136.49   241536
8   19   0.999374   -135.776   241536
8   20   0.999251   -135.066   241536
8   21   0.999046   -134.362   241536
8   22   0.99895   -133.653   241536
8   23   0.99908   -132.947   241536
8   24   0.998745   -132.241   241536
8   25   0.99848   -131.523   241536
8   26   0.999026   -130.82   241536
8   27   0.999138   -130.125   241536
8   28   0.999   -129.414   241536
8   29   0.998358   -128.714   241536
8   30   0.998251   -128.013   241536
8   31   0.999561   -127.297   241536
8   32   0.99908   -126.597   241536
8   33   0.998283   -125.9   241536
8   34   0.999313   -125.182   241536
8   35   0.998963   -124.482   241536
8   36   0.998408   -123.79   241536
8   37   0.999547   -123.066   241536
8   38   0.999429   -122.356   241536
8   39   0.998852   -121.653   241536
8   40   0.999708   -120.931   241536
8   41   0.999449   -120.238   241536
8   42   0.998796   -119.545   241536
8   43   0.999362   -118.821   241536
8   44   0.999119   -118.122   241536
8   45   0.998683   -117.425   241536
8   46   0.999249   -116.698   241536
8   47   0.999347   -115.989   241536
8   48   0.99893   -115.294   241536
8   49   0.999323   -114.592   241536
8   50   0.999345   -113.893   241536
8   51   0.999095   -113.183   241536
8   52   0.999372   -112.462   241536
8   53   0.99904   -111.762   241536
8   54   0.99891   -111.069   241536
8   55   0.999442   -110.357   241536
8   56   0.999196   -109.649   241536
8   57   0.999001   -108.943   241536
8   58   0.999482   -108.225   241536
8   59   0.999414   -107.517   241536
8   60   0.999376   -106.814   241536
8   61   0.999747   -106.099   241536
8   62   0.999434   -105.393   241536
8   63   0.999122   -104.692   241536
8   64   1.00051   -103.979   241536
9   1   -0.996344   -103.899   241536
9   2   -0.994426   -104.63   241536
9   3   -0.994122   -105.328   241536
9   4   -0.994059   -106.027   241536
9   5   -0.99459   -106.735   241536
9   6   -0.99435   -107.439   241536
9   7   -0.993869   -108.143   241536
9   8   -0.994407   -108.848   241536
9   9   -0.994151   -109.545   241536
9   10   -0.993768   -110.249   241536
9   11   -0.994032   -110.956   241536
9   12   -0.993872   -111.659   241536
9   13   -0.993789   -112.369   241536
9   14   -0.993866   -113.077   241536
9   15   -0.993755   -113.778   241536
9   16   -0.993771   -114.479   241536
9   17   -0.993818   -115.186   241536
9   18   -0.993263   -115.895   241536
9   19   -0.992987   -116.603   241536
9   20   -0.993179   -117.301   241536
9   21   -0.99306   -117.996   241536
9   22   -0.993056   -118.7   241536
9   23   -0.993945   -119.403   241536
9   24   -0.993461   -120.099   241536
9   25   -0.992722   -120.803   241536
9   26   -0.99329   -121.516   241536
9   27   -0.992919   -122.216   241536
9   28   -0.992732   -122.918   241536
9   29   -0.992724   -123.616   241536
9   30   -0.992076   -124.3   241536
9   31   -0.991849   -124.996   241536
9   32   -0.992362   -125.709   241536
9   33   -0.992491   -126.416   241536
9   34   -0.992029   -127.12   241536
9   35   -0.99186   -127.828   241536
9   36   -0.992292   -128.527   241536
9   37   -0.992563   -129.231   241536
9   38   -0.992474   -129.935   241536
9   39   -0.992676   -130.625   241536
9   40   -0.992764   -131.328   241536
9   41   -0.993287   -132.049   241536
9   42   -0.993733   -132.758   241536
9   43   -0.993237   -133.452   241536
9   44   -0.993659   -134.164   241536
9   45   -0.99442   -134.87   241536
9   46   -0.99409   -135.566   241536
9   47   -0.994078   -136.278   241536
9   48   -0.994991   -136.987   241536
9   49   -0.99486   -137.69   241536
9   50   -0.994577   -138.398   241536
9   51   -0.995722   -139.109   241536
9   52   -0.99592   -139.813   241536
9   53   -0.9957   -140.525   241536
9   54   -0.997297   -141.245   241536
9   55   -0.997892   -141.955   241536
9   56   -0.997043   -142.656   241536
9   57   -0.998518   -143.376   241536
9   58   -0.999659   -144.102   241536
9   59   -0.998802   -144.804   241536
9   60   -0.999378   -145.507   241536
9   61   -1.00049   -146.225   241536
9   62   -1.00053   -146.934   241536
9   63   -1.00117   -147.644   241536
9   64   -1.00338   -148.386   241536
10   1   1.00257   -148.977   241538
10   2   1.00324   -148.28   241538
10   3   1.00242   -147.555   241538
10   4   1.0005   -146.809   241538
10   5   1.00116   -146.111   241538
10   6   1.00108   -145.407   241538
10   7   1.00077   -144.689   241538
10   8   1.00001   -143.963   241538
10   9   0.9992   -143.245   241538
10   10   0.999487   -142.535   241538
10   11   0.999376   -141.831   241538
10   12   0.998396   -141.113   241538
10   13   0.997741   -140.38   241538
10   14   0.997338   -139.67   241538
10   15   0.997095   -138.976   241538
10   16   0.997705   -138.276   241538
10   17   0.997361   -137.569   241538
10   18   0.99661   -136.863   241538
10   19   0.996823   -136.158   241538
10   20   0.996521   -135.449   241538
10   21   0.99646   -134.744   241538
10   22   0.997002   -134.041   241538
10   23   0.996851   -133.339   241538
10   24   0.996324   -132.636   241538
10   25   0.996344   -131.927   241538
10   26   0.996472   -131.227   241538
10   27   0.996305   -130.527   241538
10   28   0.996376   -129.815   241538
10   29   0.996091   -129.113   241538
10   30   0.996002   -128.415   241538
10   31   0.996432   -127.7   241538
10   32   0.996078   -126.997   241538
10   33   0.995966   -126.305   241538
10   34   0.996445   -125.597   241538
10   35   0.996415   -124.89   241538
10   36   0.995954   -124.187   241538
10   37   0.99605   -123.475   241538
10   38   0.996764   -122.771   241538
10   39   0.996627   -122.069   241538
10   40   0.996314   -121.36   241538
10   41   0.996889   -120.662   241538
10   42   0.996904   -119.967   241538
10   43   0.996096   -119.26   241538
10   44   0.996487   -118.556   241538
10   45   0.996827   -117.853   241538
10   46   0.996041   -117.148   241538
10   47   0.996428   -116.444   241538
10   48   0.997192   -115.741   241538
10   49   0.996681   -115.031   241538
10   50   0.996698   -114.324   241538
10   51   0.997174   -113.621   241538
10   52   0.996849   -112.912   241538
10   53   0.996915   -112.213   241538
10   54   0.997159   -111.518   241538
10   55   0.996752   -110.819   241538
10   56   0.997256   -110.118   241538
10   57   0.997376   -109.411   241538
10   58   0.996377   -108.71   241538
10   59   0.997021   -107.999   241538
10   60   0.99743   -107.281   241538
10   61   0.996297   -106.58   241538
10   62   0.996395   -105.865   241538
10   63   0.996626   -105.154   241538
10   64   0.997372   -104.455   241538
11   1   -1.00121   -104.47   241538
11   2   -1.0004   -105.187   241538
11   3   -1.00017   -105.889   241538
11   4   -1.00035   -106.587   241538
11   5   -1.00029   -107.302   241538
11   6   -1.00026   -108.011   241538
11   7   -1.00016   -108.722   241538
11   8   -1.0001   -109.435   241538
11   9   -1.00037   -110.136   241538
11   10   -1.00043   -110.839   241538
11   11   -0.999705   -111.543   241538
11   12   -0.999548   -112.241   241538
11   13   -1   -112.95   241538
11   14   -0.999519   -113.665   241538
11   15   -0.999531   -114.373   241538
11   16   -0.999959   -115.079   241538
11   17   -0.999004   -115.784   241538
11   18   -0.998877   -116.495   241538
11   19   -0.999536   -117.209   241538
11   20   -0.999561   -117.918   241538
11   21   -0.999189   -118.625   241538
11   22   -0.999145   -119.331   241538
11   23   -0.999741   -120.034   241538
11   24   -0.999442   -120.74   241538
11   25   -0.999364   -121.452   241538
11   26   -0.999955   -122.163   241538
11   27   -0.999834   -122.871   241538
11   28   -0.999449   -123.577   241538
11   29   -0.999683   -124.286   241538
11   30   -0.999539   -124.994   241538
11   31   -0.999134   -125.695   241538
11   32   -0.999556   -126.395   241538
11   33   -0.999501   -127.099   241538
11   34   -0.999087   -127.802   241538
11   35   -0.999833   -128.514   241538
11   36   -1.00018   -129.224   241538
11   37   -0.999928   -129.934   241538
11   38   -1.00026   -130.647   241538
11   39   -1.00005   -131.35   241538
11   40   -0.99982   -132.06   241538
11   41   -1.00046   -132.772   241538
11   42   -1.00024   -133.474   241538
11   43   -1.00005   -134.189   241538
11   44   -1.00082   -134.912   241538
11   45   -1.0008   -135.612   241538
11   46   -1.00046   -136.312   241538
11   47   -1.00034   -137.023   241538
11   48   -1.00098   -137.736   241538
11   49   -1.00187   -138.446   241538
11   50   -1.00234   -139.168   241538
11   51   -1.00281   -139.88   241538
11   52   -1.00235   -140.57   241538
11   53   -1.00259   -141.287   241538
11   54   -1.00395   -142.01   241538
11   55   -1.00368   -142.713   241538
11   56   -1.00378   -143.438   241538
11   57   -1.00472   -144.154   241538
11   58   -1.0043   -144.842   241538
11   59   -1.00484   -145.573   241538
11   60   -1.00589   -146.294   241538
11   61   -1.00574   -146.989   241538
11   62   -1.00606   -147.712   241538
11   63   -1.00658   -148.425   241538
11   64   -1.00611   -149.123   241538
12   1   1.00558   -148.424   241540
12   2   1.00304   -147.661   241540
12   3   1.0034   -146.961   241540
12   4   1.00275   -146.243   241540
12   5   1.00289   -145.524   241540
12   6   1.00243   -144.804   241540
12   7   1.00276   -144.102   241540
12   8   1.0024   -143.385   241540
12   9   1.0012   -142.662   241540
12   10   1.00154   -141.95   241540
12   11   1.00072   -141.232   241540
12   12   1.00002   -140.521   241540
12   13   1.00115   -139.826   241540
12   14   1.00039   -139.118   241540
12   15   0.999205   -138.394   241540
12   16   0.999948   -137.682   241540
12   17   0.999379   -136.977   241540
12   18   0.998732   -136.273   241540
12   19   0.999545   -135.563   241540
12   20   0.998709   -134.853   241540
12   21   0.998025   -134.154   241540
12   22   0.998937   -133.449   241540
12   23   0.998506   -132.744   241540
12   24   0.997949   -132.034   241540
12   25   0.998722   -131.32   241540
12   26   0.998311   -130.608   241540
12   27   0.997786   -129.903   241540
12   28   0.998423   -129.194   241540
12   29   0.997966   -128.485   241540
12   30   0.997359   -127.784   241540
12   31   0.997932   -127.075   241540
12   32   0.997656   -126.374   241540
12   33   0.997238   -125.675   241540
12   34   0.997902   -124.958   241540
12   35   0.997871   -124.256   241540
12   36   0.997197   -123.559   241540
12   37   0.997463   -122.849   241540
12   38   0.997803   -122.144   241540
12   39   0.99748   -121.437   241540
12   40   0.997401   -120.72   241540
12   41   0.997514   -120.015   241540
12   42   0.997294   -119.323   241540
12   43   0.99719   -118.612   241540
12   44   0.997554   -117.91   241540
12   45   0.99753   -117.213   241540
12   46   0.997176   -116.505   241540
12   47   0.997483   -115.806   241540
12   48   0.997544   -115.106   241540
12   49   0.997186   -114.4   241540
12   50   0.997125   -113.702   241540
12   51   0.997154   -112.999   241540
12   52   0.997326   -112.29   241540
12   53   0.997258   -111.59   241540
12   54   0.99699   -110.888   241540
12   55   0.996696   -110.176   241540
12   56   0.996928   -109.478   241540
12   57   0.997059   -108.778   241540
12   58   0.996183   -108.064   241540
12   59   0.996647   -107.361   241540
12   60   0.99719   -106.661   241540
12   61   0.996377   -105.948   241540
12   62   0.996727   -105.235   241540
12   63   0.997055   -104.524   241540
12   64   0.997755   -103.81   241540
13   1   -1.00029   -104.022   241540
13   2   -0.999267   -104.746   241540
13   3   -0.999517   -105.447   241540
13   4   -0.999567   -106.154   241540
13   5   -0.999755   -106.866   241540
13   6   -0.999689   -107.557   241540
13   7   -0.999676   -108.259   241540
13   8   -0.99986   -108.988   241540
13   9   -0.999894   -109.693   241540
13   10   -0.999838   -110.398   241540
13   11   -0.999625   -111.117   241540
13   12   -0.999802   -111.817   241540
13   13   -1.00005   -112.526   241540
13   14   -0.999883   -113.249   241540
13   15   -1.00006   -113.95   241540
13   16   -1.00027   -114.652   241540
13   17   -1.0002   -115.368   241540
13   18   -1.00036   -116.066   241540
13   19   -1.0005   -116.769   241540
13   20   -1.00049   -117.488   241540
13   21   -1.00056   -118.194   241540
13   22   -1.00041   -118.903   241540
13   23   -1.00033   -119.628   241540
13   24   -1.00061   -120.331   241540
13   25   -1.00059   -121.036   241540
13   26   -1.00059   -121.76   241540
13   27   -1.00105   -122.464   241540
13   28   -1.0012   -123.16   241540
13   29   -1.00126   -123.878   241540
13   30   -1.00136   -124.598   241540
13   31   -1.00147   -125.31   241540
13   32   -1.00167   -126.027   241540
13   33   -1.00169   -126.739   241540
13   34   -1.00177   -127.449   241540
13   35   -1.00176   -128.166   241540
13   36   -1.00215   -128.871   241540
13   37   -1.00266   -129.572   241540
13   38   -1.00242   -130.276   241540
13   39   -1.00239   -130.975   241540
13   40   -1.0031   -131.681   241540
13   41   -1.00317   -132.393   241540
13   42   -1.00296   -133.091   241540
13   43   -1.00357   -133.8   241540
13   44   -1.00385   -134.524   241540
13   45   -1.00443   -135.239   241540
13   46   -1.00491   -135.957   241540
13   47   -1.0044   -136.665   241540
13   48   -1.00476   -137.366   241540
13   49   -1.00521   -138.078   241540
13   50   -1.0043   -138.788   241540
13   51   -1.00452   -139.493   241540
13   52   -1.0056   -140.215   241540
13   53   -1.00481   -140.924   241540
13   54   -1.00528   -141.628   241540
13   55   -1.00684   -142.353   241540
13   56   -1.00635   -143.069   241540
13   57   -1.00679   -143.778   241540
13   58   -1.00778   -144.497   241540
13   59   -1.00666   -145.201   241540
13   60   -1.00709   -145.894   241540
13   61   -1.00851   -146.606   241540
13   62   -1.00825   -147.309   241540
13   63   -1.00913   -148.027   241540
13   64   -1.01163   -148.783   241540
14   1   1.00363   -148.768   241542
14   2   1.00436   -148.075   241542
14   3   1.00363   -147.36   241542
14   4   1.00315   -146.634   241542
14   5   1.00367   -145.945   241542
14   6   1.003   -145.232   241542
14   7   1.00263   -144.503   241542
14   8   1.00276   -143.801   241542
14   9   1.00226   -143.097   241542
14   10   1.00161   -142.373   241542
14   11   1.00164   -141.666   241542
14   12   1.00103   -140.95   241542
14   13   1.00051   -140.219   241542
14   14   1.00093   -139.521   241542
14   15   1.00057   -138.812   241542
14   16   0.999871   -138.097   241542
14   17   0.99948   -137.401   241542
14   18   0.998747   -136.698   241542
14   19   0.99807   -135.973   241542
14   20   0.998496   -135.265   241542
14   21   0.99859   -134.561   241542
14   22   0.998184   -133.835   241542
14   23   0.998366   -133.131   241542
14   24   0.998287   -132.438   241542
14   25   0.998109   -131.724   241542
14   26   0.9981   -131.023   241542
14   27   0.998361   -130.324   241542
14   28   0.998622   -129.603   241542
14   29   0.998234   -128.9   241542
14   30   0.997975   -128.206   241542
14   31   0.998267   -127.488   241542
14   32   0.998168   -126.78   241542
14   33   0.997932   -126.087   241542
14   34   0.998318   -125.375   241542
14   35   0.998345   -124.67   241542
14   36   0.998347   -123.977   241542
14   37   0.998859   -123.262   241542
14   38   0.9989   -122.55   241542
14   39   0.999026   -121.856   241542
14   40   0.99926   -121.148   241542
14   41   0.999058   -120.44   241542
14   42   0.998943   -119.742   241542
14   43   0.998421   -119.039   241542
14   44   0.998375   -118.335   241542
14   45   0.998846   -117.627   241542
14   46   0.998781   -116.913   241542
14   47   0.999173   -116.202   241542
14   48   0.999507   -115.508   241542
14   49   0.999011   -114.805   241542
14   50   0.999175   -114.093   241542
14   51   0.999699   -113.39   241542
14   52   0.999413   -112.685   241542
14   53   0.999527   -111.975   241542
14   54   0.999681   -111.274   241542
14   55   0.999335   -110.569   241542
14   56   0.999656   -109.865   241542
14   57   0.999977   -109.162   241542
14   58   0.999719   -108.444   241542
14   59   0.999713   -107.734   241542
14   60   0.998676   -107.034   241542
14   61   0.996807   -106.333   241542
14   62   0.99704   -105.627   241542
14   63   0.997644   -104.923   241542
14   64   0.997868   -104.223   241542
15   1   -0.999678   -104.343   241542
15   2   -0.998383   -105.059   241542
15   3   -0.998288   -105.763   241542
15   4   -0.998378   -106.472   241542
15   5   -0.998969   -107.186   241542
15   6   -0.998678   -107.885   241542
15   7   -0.99839   -108.591   241542
15   8   -0.998794   -109.296   241542
15   9   -0.998633   -110.002   241542
15   10   -0.998665   -110.718   241542
15   11   -0.998928   -111.425   241542
15   12   -0.99874   -112.124   241542
15   13   -0.99886   -112.832   241542
15   14   -0.998727   -113.54   241542
15   15   -0.998705   -114.238   241542
15   16   -0.99908   -114.951   241542
15   17   -0.998741   -115.664   241542
15   18   -0.998407   -116.364   241542
15   19   -0.998754   -117.074   241542
15   20   -0.99891   -117.78   241542
15   21   -0.998734   -118.48   241542
15   22   -0.998878   -119.194   241542
15   23   -0.998961   -119.907   241542
15   24   -0.999011   -120.61   241542
15   25   -0.999203   -121.326   241542
15   26   -0.999334   -122.04   241542
15   27   -0.99946   -122.743   241542
15   28   -0.999382   -123.453   241542
15   29   -0.999811   -124.171   241542
15   30   -0.999879   -124.872   241542
15   31   -0.999692   -125.577   241542
15   32   -1.00021   -126.289   241542
15   33   -1.00032   -126.987   241542
15   34   -1.00004   -127.697   241542
15   35   -1.00023   -128.416   241542
15   36   -1.00053   -129.118   241542
15   37   -1.00027   -129.821   241542
15   38   -1.00025   -130.533   241542
15   39   -1.00059   -131.237   241542
15   40   -1.00031   -131.939   241542
15   41   -1.00049   -132.648   241542
15   42   -1.00098   -133.347   241542
15   43   -1.00051   -134.042   241542
15   44   -1.00095   -134.757   241542
15   45   -1.00139   -135.47   241542
15   46   -1.00087   -136.18   241542
15   47   -1.00099   -136.895   241542
15   48   -1.00137   -137.599   241542
15   49   -1.00122   -138.301   241542
15   50   -1.00154   -139.012   241542
15   51   -1.00209   -139.719   241542
15   52   -1.00192   -140.428   241542
15   53   -1.00243   -141.154   241542
15   54   -1.00292   -141.863   241542
15   55   -1.00239   -142.556   241542
15   56   -1.00263   -143.268   241542
15   57   -1.00344   -143.979   241542
15   58   -1.00336   -144.683   241542
15   59   -1.00372   -145.4   241542
15   60   -1.00412   -146.114   241542
15   61   -1.00384   -146.824   241542
15   62   -1.00437   -147.541   241542
15   63   -1.00475   -148.242   241542
15   64   -1.00413   -148.929   241542
16   1   1.00882   -148.656   241544
16   2   1.00789   -147.933   241544
16   3   1.00704   -147.206   241544
16   4   1.00777   -146.496   241544
16   5   1.00704   -145.785   241544
16   6   1.00606   -145.078   241544
16   7   1.00657   -144.371   241544
16   8   1.0054   -143.643   241544
16   9   1.00498   -142.933   241544
16   10   1.00608   -142.233   241544
16   11   1.00481   -141.507   241544
16   12   1.0045   -140.806   241544
16   13   1.00545   -140.103   241544
16   14   1.0041   -139.371   241544
16   15   1.00401   -138.67   241544
16   16   1.00483   -137.962   241544
16   17   1.0036   -137.228   241544
16   18   1.00308   -136.516   241544
16   19   1.00388   -135.807   241544
16   20   1.00377   -135.098   241544
16   21   1.00303   -134.389   241544
16   22   1.00293   -133.669   241544
16   23   1.00264   -132.955   241544
16   24   1.0023   -132.248   241544
16   25   1.00253   -131.534   241544
16   26   1.00234   -130.825   241544
16   27   1.0019   -130.121   241544
16   28   1.00197   -129.4   241544
16   29   1.00183   -128.689   241544
16   30   1.0015   -127.986   241544
16   31   1.00164   -127.264   241544
16   32   1.00163   -126.56   241544
16   33   1.00127   -125.869   241544
16   34   1.00123   -125.159   241544
16   35   1.00138   -124.453   241544
16   36   1.00092   -123.748   241544
16   37   1.00067   -123.033   241544
16   38   1.00093   -122.329   241544
16   39   1.00075   -121.629   241544
16   40   1.00035   -120.911   241544
16   41   1.00039   -120.203   241544
16   42   1.0004   -119.508   241544
16   43   1.00011   -118.807   241544
16   44   1.00016   -118.107   241544
16   45   1.00008   -117.403   241544
16   46   0.999842   -116.691   241544
16   47   0.999906   -115.972   241544
16   48   0.999938   -115.263   241544
16   49   0.999827   -114.562   241544
16   50   0.999829   -113.863   241544
16   51   0.999746   -113.15   241544
16   52   0.999551   -112.423   241544
16   53   0.999689   -111.716   241544
16   54   0.999737   -111.02   241544
16   55   0.999513   -110.306   241544
16   56   0.999769   -109.59   241544
16   57   0.999865   -108.884   241544
16   58   0.999282   -108.173   241544
16   59   0.999401   -107.457   241544
16   60   0.9997   -106.75   241544
16   61   0.999375   -106.041   241544
16   62   0.999314   -105.334   241544
16   63   0.999305   -104.626   241544
16   64   1.00044   -103.905   241544
17   1   -1.00051   -103.924   241544
17   2   -0.999731   -104.643   241544
17   3   -0.999529   -105.346   241544
17   4   -0.999652   -106.045   241544
17   5   -0.999745   -106.756   241544
17   6   -0.999691   -107.452   241544
17   7   -0.999692   -108.153   241544
17   8   -0.999864   -108.864   241544
17   9   -0.999714   -109.563   241544
17   10   -0.999593   -110.267   241544
17   11   -0.999879   -110.982   241544
17   12   -1.00009   -111.684   241544
17   13   -0.999885   -112.385   241544
17   14   -0.99997   -113.098   241544
17   15   -1.00043   -113.794   241544
17   16   -1.00028   -114.496   241544
17   17   -1.00011   -115.219   241544
17   18   -1.00042   -115.922   241544
17   19   -1.00041   -116.626   241544
17   20   -1.00024   -117.34   241544
17   21   -1.00086   -118.036   241544
17   22   -1.0011   -118.745   241544
17   23   -1.00085   -119.467   241544
17   24   -1.00136   -120.164   241544
17   25   -1.00134   -120.858   241544
17   26   -1.00098   -121.576   241544
17   27   -1.00134   -122.274   241544
17   28   -1.00124   -122.968   241544
17   29   -1.00086   -123.691   241544
17   30   -1.00141   -124.39   241544
17   31   -1.0013   -125.091   241544
17   32   -1.00058   -125.814   241544
17   33   -1.00111   -126.514   241544
17   34   -1.00149   -127.222   241544
17   35   -1.00095   -127.943   241544
17   36   -1.00145   -128.638   241544
17   37   -1.00189   -129.344   241544
17   38   -1.00092   -130.058   241544
17   39   -1.00106   -130.754   241544
17   40   -1.00169   -131.466   241544
17   41   -1.00116   -132.183   241544
17   42   -1.00148   -132.883   241544
17   43   -1.00188   -133.59   241544
17   44   -1.00135   -134.305   241544
17   45   -1.00173   -135.012   241544
17   46   -1.00236   -135.726   241544
17   47   -1.00186   -136.434   241544
17   48   -1.00176   -137.134   241544
17   49   -1.00235   -137.855   241544
17   50   -1.00238   -138.571   241544
17   51   -1.00294   -139.274   241544
17   52   -1.0034   -139.981   241544
17   53   -1.00295   -140.681   241544
17   54   -1.00324   -141.389   241544
17   55   -1.00408   -142.112   241544
17   56   -1.00398   -142.82   241544
17   57   -1.00368   -143.516   241544
17   58   -1.00402   -144.229   241544
17   59   -1.00438   -144.95   241544
17   60   -1.00441   -145.659   241544
17   61   -1.00474   -146.374   241544
17   62   -1.00562   -147.104   241544
17   63   -1.00577   -147.81   241544
17   64   -1.00658   -148.53   241544
18   1   1.00408   -148.925   241546
18   2   1.00448   -148.232   241546
18   3   1.0046   -147.529   241546
18   4   1.00473   -146.807   241546
18   5   1.00446   -146.099   241546
18   6   1.00394   -145.385   241546
18   7   1.00368   -144.648   241546
18   8   1.00248   -143.933   241546
18   9   1.00213   -143.242   241546
18   10   1.00315   -142.538   241546
18   11   1.00242   -141.829   241546
18   12   1.00202   -141.123   241546
18   13   1.00254   -140.404   241546
18   14   1.00173   -139.689   241546
18   15   1.00115   -138.987   241546
18   16   1.0018   -138.273   241546
18   17   1.00134   -137.562   241546
18   18   1.00079   -136.862   241546
18   19   1.0015   -136.153   241546
18   20   1.00108   -135.449   241546
18   21   1.00045   -134.754   241546
18   22   1.00091   -134.043   241546
18   23   1.00087   -133.336   241546
18   24   1.0003   -132.632   241546
18   25   1.00042   -131.912   241546
18   26   1.00055   -131.204   241546
18   27   1.00012   -130.508   241546
18   28   1.00007   -129.793   241546
18   29   0.999991   -129.087   241546
18   30   0.99976   -128.387   241546
18   31   0.999937   -127.669   241546
18   32   0.999583   -126.96   241546
18   33   0.999218   -126.261   241546
18   34   0.999618   -125.55   241546
18   35   0.99975   -124.852   241546
18   36   0.999665   -124.149   241546
18   37   0.999678   -123.425   241546
18   38   0.999696   -122.727   241546
18   39   0.999548   -122.032   241546
18   40   0.99956   -121.314   241546
18   41   0.999808   -120.61   241546
18   42   0.999791   -119.906   241546
18   43   0.999326   -119.185   241546
18   44   0.999329   -118.476   241546
18   45   0.999434   -117.771   241546
18   46   0.999384   -117.056   241546
18   47   0.999136   -116.353   241546
18   48   0.998866   -115.662   241546
18   49   0.999028   -114.954   241546
18   50   0.999206   -114.243   241546
18   51   0.999185   -113.54   241546
18   52   0.998634   -112.836   241546
18   53   0.99869   -112.132   241546
18   54   0.998822   -111.429   241546
18   55   0.998234   -110.724   241546
18   56   0.998393   -110.01   241546
18   57   0.998506   -109.3   241546
18   58   0.997905   -108.592   241546
18   59   0.998381   -107.881   241546
18   60   0.998791   -107.179   241546
18   61   0.998237   -106.471   241546
18   62   0.998323   -105.763   241546
18   63   0.998541   -105.06   241546
18   64   0.999296   -104.361   241546
19   1   -0.999659   -104.203   241546
19   2   -0.998713   -104.912   241546
19   3   -0.998941   -105.612   241546
19   4   -0.999166   -106.316   241546
19   5   -0.999288   -107.028   241546
19   6   -0.999307   -107.73   241546
19   7   -0.999333   -108.44   241546
19   8   -0.999292   -109.153   241546
19   9   -0.99909   -109.856   241546
19   10   -0.999089   -110.566   241546
19   11   -0.999273   -111.278   241546
19   12   -0.999077   -111.981   241546
19   13   -0.999051   -112.684   241546
19   14   -0.999376   -113.393   241546
19   15   -0.999356   -114.104   241546
19   16   -0.999488   -114.819   241546
19   17   -0.999645   -115.526   241546
19   18   -0.999652   -116.217   241546
19   19   -0.999771   -116.927   241546
19   20   -0.999773   -117.657   241546
19   21   -0.999827   -118.358   241546
19   22   -1.00006   -119.056   241546
19   23   -1.00044   -119.766   241546
19   24   -1.00023   -120.463   241546
19   25   -0.999887   -121.17   241546
19   26   -1.00021   -121.882   241546
19   27   -1.00023   -122.573   241546
19   28   -0.999884   -123.277   241546
19   29   -1.00009   -123.995   241546
19   30   -1.00039   -124.695   241546
19   31   -1.00008   -125.397   241546
19   32   -1.00005   -126.111   241546
19   33   -1.00043   -126.807   241546
19   34   -1.00034   -127.508   241546
19   35   -1.00009   -128.219   241546
19   36   -1.00057   -128.914   241546
19   37   -1.00049   -129.614   241546
19   38   -1.00006   -130.325   241546
19   39   -1.00051   -131.023   241546
19   40   -1.00066   -131.72   241546
19   41   -1.00026   -132.429   241546
19   42   -1.00079   -133.127   241546
19   43   -1.00125   -133.835   241546
19   44   -1.00079   -134.553   241546
19   45   -1.00105   -135.246   241546
19   46   -1.0014   -135.951   241546
19   47   -1.00116   -136.668   241546
19   48   -1.0016   -137.376   241546
19   49   -1.00223   -138.098   241546
19   50   -1.00171   -138.806   241546
19   51   -1.00222   -139.51   241546
19   52   -1.00328   -140.235   241546
19   53   -1.0028   -140.942   241546
19   54   -1.00266   -141.644   241546
19   55   -1.00325   -142.366   241546
19   56   -1.00335   -143.074   241546
19   57   -1.00343   -143.765   241546
19   58   -1.00418   -144.489   241546
19   59   -1.00465   -145.205   241546
19   60   -1.00415   -145.897   241546
19   61   -1.00428   -146.614   241546
19   62   -1.00591   -147.35   241546
19   63   -1.00696   -148.078   241546
19   64   -1.00819   -148.81   241546
20   1   1.00604   -148.672   241548
20   2   1.00468   -147.955   241548
20   3   1.00428   -147.256   241548
20   4   1.00448   -146.54   241548
20   5   1.00418   -145.826   241548
20   6   1.00372   -145.121   241548
20   7   1.00342   -144.4   241548
20   8   1.00435   -143.709   241548
20   9   1.00396   -143.005   241548
20   10   1.00229   -142.272   241548
20   11   1.00316   -141.582   241548
20   12   1.00318   -140.888   241548
20   13   1.00198   -140.167   241548
20   14   1.00273   -139.471   241548
20   15   1.00235   -138.769   241548
20   16   1.00129   -138.043   241548
20   17   1.00253   -137.331   241548
20   18   1.00284   -136.62   241548
20   19   1.00181   -135.895   241548
20   20   1.00151   -135.181   241548
20   21   1.00163   -134.481   241548
20   22   1.00177   -133.768   241548
20   23   1.00141   -133.054   241548
20   24   1.00119   -132.346   241548
20   25   1.00137   -131.625   241548
20   26   1.00129   -130.915   241548
20   27   1.00098   -130.212   241548
20   28   1.00086   -129.495   241548
20   29   1.00088   -128.788   241548
20   30   1.00078   -128.089   241548
20   31   1.00087   -127.382   241548
20   32   1.00086   -126.68   241548
20   33   1.00042   -125.978   241548
20   34   1.00032   -125.267   241548
20   35   1.00064   -124.562   241548
20   36   1.00073   -123.861   241548
20   37   1.00057   -123.145   241548
20   38   1.00025   -122.443   241548
20   39   1.00023   -121.749   241548
20   40   1.00028   -121.033   241548
20   41   1.00006   -120.321   241548
20   42   1.00016   -119.617   241548
20   43   1.00036   -118.901   241548
20   44   1.00023   -118.191   241548
20   45   1.00015   -117.494   241548
20   46   1.00019   -116.784   241548
20   47   0.999998   -116.072   241548
20   48   0.999909   -115.374   241548
20   49   0.999938   -114.671   241548
20   50   0.999758   -113.966   241548
20   51   0.999789   -113.257   241548
20   52   0.999816   -112.537   241548
20   53   0.999933   -111.828   241548
20   54   1.00014   -111.124   241548
20   55   0.9999   -110.416   241548
20   56   0.999591   -109.714   241548
20   57   0.999525   -109.021   241548
20   58   0.999589   -108.314   241548
20   59   0.99954   -107.607   241548
20   60   0.999464   -106.897   241548
20   61   0.999314   -106.178   241548
20   62   0.999256   -105.47   241548
20   63   0.99926   -104.766   241548
20   64   0.999814   -104.063   241548
