Real Geometry - ALFAOvFibUp from ATLAS DD Database
Layer, Fibre, Slope, Offset, ZL
Dieter Notz (21.01.2008)
xxxxxxxxxxxxxxxxxxxxxxxxxxxxxxxxxxxxxxxxxxxxxxxxxxxxx
6
1   1   0.009212   -143.415   241562
1   2   0.005767   -142.985   241562
1   3   0.003684   -142.522   241562
1   4   0.004388   -142.009   241562
1   5   0.004596   -141.502   241562
1   6   0.004062   -141.011   241562
1   7   0.004196   -140.517   241562
1   8   0.004537   -140.004   241562
1   9   0.00405   -139.508   241562
1   10   0.004095   -139.003   241562
1   11   0.003869   -138.504   241562
1   12   0.000853   -138.06   241562
1   13   0.001482   -137.534   241562
1   14   0.004595   -136.962   241562
1   15   0.003749   -136.471   241562
1   16   -0.020849   -136.488   241561
1   17   -0.009494   -135.732   241561
1   18   -0.008924   -135.208   241561
1   19   -0.008842   -134.693   241561
1   20   -0.009343   -134.191   241561
1   21   -0.010175   -133.71   241561
1   22   -0.009862   -133.207   241561
1   23   -0.009656   -132.707   241561
1   24   -0.009957   -132.218   241561
1   25   -0.009464   -131.704   241561
1   26   -0.009039   -131.198   241561
1   27   -0.009667   -130.712   241561
1   28   -0.009305   -130.209   241561
1   29   -0.008108   -129.686   241561
1   30   -0.009375   -129.211   241561
3   1   0.002298   -143.662   241564
3   2   0.002461   -143.162   241564
3   3   0.001953   -142.669   241564
3   4   0.002135   -142.17   241564
3   5   0.001966   -141.682   241564
3   6   0.001664   -141.176   241564
3   7   0.001935   -140.654   241564
3   8   0.001877   -140.148   241564
3   9   0.00106   -139.657   241564
3   10   0.001146   -139.141   241564
3   11   0.001501   -138.636   241564
3   12   -0.000414   -138.187   241564
3   13   0.000511   -137.673   241564
3   14   0.001915   -137.15   241564
3   15   -7.6e-05   -136.699   241564
3   16   0.000418   -136.189   241563
3   17   0.000604   -135.685   241563
3   18   8.7e-05   -135.198   241563
3   19   -0.000189   -134.706   241563
3   20   0.000588   -134.187   241563
3   21   0.000723   -133.685   241563
3   22   0.000884   -133.181   241563
3   23   0.00083   -132.683   241563
3   24   -0.00044   -132.211   241563
3   25   -0.00074   -131.721   241563
3   26   0.000342   -131.204   241563
3   27   0.001404   -130.683   241563
3   28   0.00067   -130.205   241563
3   29   6.3e-05   -129.72   241563
3   30   0.001556   -129.176   241563
5   1   0.001807   -143.811   241566
5   2   0.001531   -143.328   241566
5   3   0.001111   -142.827   241566
5   4   0.001891   -142.303   241566
5   5   0.002181   -141.797   241566
5   6   0.001504   -141.301   241566
5   7   0.001618   -140.813   241566
5   8   0.001773   -140.319   241566
5   9   0.001549   -139.827   241566
5   10   0.001649   -139.333   241566
5   11   0.001696   -138.835   241566
5   12   0.00123   -138.345   241566
5   13   0.001539   -137.837   241566
5   14   0.002073   -137.332   241566
5   15   0.000709   -136.87   241566
5   16   0.002409   -136.324   241565
5   17   0.003236   -135.805   241565
5   18   0.002602   -135.314   241565
5   19   0.003571   -134.788   241565
5   20   0.00479   -134.255   241565
5   21   0.005111   -133.741   241565
5   22   0.004874   -133.247   241565
5   23   0.004993   -132.747   241565
5   24   0.005361   -132.24   241565
5   25   0.005042   -131.749   241565
5   26   0.005189   -131.248   241565
5   27   0.00561   -130.732   241565
5   28   0.005125   -130.231   241565
5   29   0.005104   -129.713   241565
5   30   0.004444   -129.216   241565
2   1   -0.017353   -143.113   241562
2   2   -0.016449   -142.647   241562
2   3   -0.015335   -142.173   241562
2   4   -0.015955   -141.667   241562
2   5   -0.016351   -141.172   241562
2   6   -0.01475   -140.719   241562
2   7   -0.014328   -140.238   241562
2   8   -0.013212   -139.769   241562
2   9   -0.01151   -139.309   241562
2   10   -0.012066   -138.802   241562
2   11   -0.012924   -138.291   241562
2   12   -0.011809   -137.815   241562
2   13   -0.012361   -137.291   241562
2   14   -0.012599   -136.78   241562
2   15   -0.008792   -136.352   241562
2   16   -0.001556   -135.96   241561
2   17   -0.000968   -135.465   241561
2   18   -0.000778   -134.962   241561
2   19   -0.000754   -134.454   241561
2   20   -0.001311   -133.926   241561
2   21   -0.001938   -133.411   241561
2   22   -0.002179   -132.911   241561
2   23   -0.002038   -132.42   241561
2   24   -0.002469   -131.916   241561
2   25   -0.002351   -131.418   241561
2   26   -0.001893   -130.921   241561
2   27   -0.001984   -130.424   241561
2   28   -0.002627   -129.921   241561
2   29   -0.00317   -129.411   241561
2   30   -0.028178   -128.302   241561
4   1   -0.001226   -143.7   241564
4   2   -0.00155   -143.194   241564
4   3   -0.001824   -142.677   241564
4   4   -0.001432   -142.187   241564
4   5   -0.001066   -141.701   241564
4   6   -0.001944   -141.171   241564
4   7   -0.001871   -140.666   241564
4   8   -0.001073   -140.178   241564
4   9   -0.002296   -139.639   241564
4   10   -0.001913   -139.146   241564
4   11   -0.000987   -138.664   241564
4   12   -0.002282   -138.138   241564
4   13   -0.00121   -137.669   241564
4   14   -0.000534   -137.184   241564
4   15   -0.001357   -136.677   241564
4   16   0.000332   -136.181   241563
4   17   -2e-05   -135.673   241563
4   18   -0.000374   -135.169   241563
4   19   -0.000912   -134.661   241563
4   20   -0.001087   -134.16   241563
4   21   -0.000965   -133.668   241563
4   22   -0.001168   -133.159   241563
4   23   -0.001267   -132.658   241563
4   24   -0.000806   -132.171   241563
4   25   -0.00125   -131.661   241563
4   26   -0.001713   -131.151   241563
4   27   -0.001911   -130.655   241563
4   28   -0.001619   -130.175   241563
4   29   -0.001485   -129.679   241563
4   30   -0.001279   -129.176   241563
6   1   -0.009958   -143.696   241566
6   2   -0.01127   -143.175   241566
6   3   -0.0114   -142.661   241566
6   4   -0.011518   -142.15   241566
6   5   -0.012075   -141.636   241566
6   6   -0.012226   -141.11   241566
6   7   -0.012022   -140.624   241566
6   8   -0.012093   -140.123   241566
6   9   -0.01238   -139.619   241566
6   10   -0.013574   -139.093   241566
6   11   -0.013835   -138.584   241566
6   12   -0.012848   -138.101   241566
6   13   -0.013142   -137.596   241566
6   14   -0.012902   -137.107   241566
6   15   -0.009428   -136.682   241566
6   16   -0.00117   -136.324   241565
6   17   -0.001893   -135.805   241565
6   18   -0.002436   -135.29   241565
6   19   -0.002035   -134.801   241565
6   20   -0.002035   -134.297   241565
6   21   -0.002134   -133.793   241565
6   22   -0.002367   -133.294   241565
6   23   -0.002933   -132.79   241565
6   24   -0.003293   -132.288   241565
6   25   -0.002889   -131.794   241565
6   26   -0.002286   -131.324   241565
6   27   -0.002764   -130.795   241565
6   28   -0.003268   -130.283   241565
6   29   -0.003339   -129.777   241565
6   30   -0.001597   -129.309   241565
