Ideal Geometry
Layer, Fibre,Ax + B
Dieter Notz (16.06.2008)
xxxxxxxxxxxxxxxxxxxxxxxxxxxxxxxxxxxxxxxxxx
20
1   1   -0.997905   -104.176   241528.500
1   2   -0.995847   -104.904   241528.500
1   3   -0.995905   -105.613   241528.500
1   4   -0.996173   -106.313   241528.500
1   5   -0.994987   -107.016   241528.500
1   6   -0.995614   -107.723   241528.500
1   7   -0.996910   -108.435   241528.500
1   8   -0.996048   -109.151   241528.500
1   9   -0.996241   -109.853   241528.500
1   10   -0.996654   -110.547   241528.500
1   11   -0.996301   -111.257   241528.500
1   12   -0.996417   -111.975   241528.500
1   13   -0.996432   -112.684   241528.500
1   14   -0.995855   -113.392   241528.500
1   15   -0.995941   -114.086   241528.500
1   16   -0.996119   -114.788   241528.500
1   17   -0.995625   -115.505   241528.500
1   18   -0.995795   -116.212   241528.500
1   19   -0.995965   -116.920   241528.500
1   20   -0.995504   -117.617   241528.500
1   21   -0.995685   -118.316   241528.500
1   22   -0.995776   -119.030   241528.500
1   23   -0.995694   -119.743   241528.500
1   24   -0.996243   -120.448   241528.500
1   25   -0.995949   -121.144   241528.500
1   26   -0.995628   -121.851   241528.500
1   27   -0.995727   -122.569   241528.500
1   28   -0.995060   -123.278   241528.500
1   29   -0.995059   -123.991   241528.500
1   30   -0.995031   -124.694   241528.500
1   31   -0.994168   -125.391   241528.500
1   32   -0.994106   -126.108   241528.500
1   33   -0.994650   -126.815   241528.500
1   34   -0.994325   -127.508   241528.500
1   35   -0.993788   -128.208   241528.500
1   36   -0.993919   -128.915   241528.500
1   37   -0.994594   -129.629   241528.500
1   38   -0.994744   -130.340   241528.500
1   39   -0.994320   -131.044   241528.500
1   40   -0.993799   -131.735   241528.500
1   41   -0.994073   -132.448   241528.500
1   42   -0.994620   -133.172   241528.500
1   43   -0.994150   -133.878   241528.500
1   44   -0.994305   -134.585   241528.500
1   45   -0.994705   -135.278   241528.500
1   46   -0.994638   -135.980   241528.500
1   47   -0.994824   -136.705   241528.500
1   48   -0.995620   -137.422   241528.500
1   49   -0.996272   -138.129   241528.500
1   50   -0.996284   -138.834   241528.500
1   51   -0.996586   -139.552   241528.500
1   52   -0.996805   -140.272   241528.500
1   53   -0.996726   -140.982   241528.500
1   54   -0.997827   -141.701   241528.500
1   55   -0.998143   -142.408   241528.500
1   56   -0.998165   -143.122   241528.500
1   57   -0.999551   -143.855   241528.500
1   58   -0.999701   -144.564   241528.500
1   59   -1.000296   -145.278   241528.500
1   60   -1.001548   -145.996   241528.500
1   61   -1.000914   -146.684   241528.500
1   62   -1.000663   -147.377   241528.500
1   63   -1.002308   -148.104   241528.500
1   64   -1.001612   -148.793   241528.500
2   1   1.006130   -148.870   241529.500
2   2   1.006580   -148.187   241529.500
2   3   1.006328   -147.492   241529.500
2   4   1.006688   -146.792   241529.500
2   5   1.006154   -146.080   241529.500
2   6   1.006322   -145.387   241529.500
2   7   1.006584   -144.688   241529.500
2   8   1.007692   -143.989   241529.500
2   9   1.007381   -143.268   241529.500
2   10   1.005437   -142.521   241529.500
2   11   1.005151   -141.807   241529.500
2   12   1.004787   -141.096   241529.500
2   13   1.004315   -140.380   241529.500
2   14   1.003672   -139.657   241529.500
2   15   1.003412   -138.927   241529.500
2   16   1.004116   -138.221   241529.500
2   17   1.004504   -137.522   241529.500
2   18   1.003794   -136.799   241529.500
2   19   1.003516   -136.071   241529.500
2   20   1.003938   -135.368   241529.500
2   21   1.003252   -134.663   241529.500
2   22   1.003084   -133.950   241529.500
2   23   1.003631   -133.240   241529.500
2   24   1.002840   -132.513   241529.500
2   25   1.002452   -131.802   241529.500
2   26   1.002984   -131.112   241529.500
2   27   1.002390   -130.400   241529.500
2   28   1.002561   -129.681   241529.500
2   29   1.002995   -128.971   241529.500
2   30   1.002298   -128.266   241529.500
2   31   1.001916   -127.567   241529.500
2   32   1.002340   -126.860   241529.500
2   33   1.002578   -126.142   241529.500
2   34   1.001954   -125.427   241529.500
2   35   1.001631   -124.723   241529.500
2   36   1.001688   -124.024   241529.500
2   37   1.001785   -123.312   241529.500
2   38   1.001817   -122.592   241529.500
2   39   1.001549   -121.869   241529.500
2   40   1.001647   -121.157   241529.500
2   41   1.001599   -120.459   241529.500
2   42   1.001359   -119.755   241529.500
2   43   1.001517   -119.041   241529.500
2   44   1.001204   -118.320   241529.500
2   45   1.000962   -117.613   241529.500
2   46   1.001140   -116.914   241529.500
2   47   1.000881   -116.211   241529.500
2   48   1.000710   -115.499   241529.500
2   49   1.001136   -114.778   241529.500
2   50   1.000819   -114.073   241529.500
2   51   1.000292   -113.374   241529.500
2   52   1.000768   -112.662   241529.500
2   53   1.000667   -111.954   241529.500
2   54   1.000156   -111.241   241529.500
2   55   1.000466   -110.529   241529.500
2   56   1.000081   -109.836   241529.500
2   57   0.999801   -109.134   241529.500
2   58   1.000362   -108.415   241529.500
2   59   0.999596   -107.704   241529.500
2   60   0.998929   -107.006   241529.500
2   61   0.999448   -106.302   241529.500
2   62   0.999005   -105.604   241529.500
2   63   0.998289   -104.897   241529.500
2   64   0.999245   -104.168   241529.500
3   1   -0.996754   -104.468   241530.500
3   2   -0.995356   -105.199   241530.500
3   3   -0.995500   -105.902   241530.500
3   4   -0.995720   -106.606   241530.500
3   5   -0.995443   -107.311   241530.500
3   6   -0.995630   -108.018   241530.500
3   7   -0.995770   -108.730   241530.500
3   8   -0.995320   -109.444   241530.500
3   9   -0.995497   -110.142   241530.500
3   10   -0.995802   -110.832   241530.500
3   11   -0.995586   -111.542   241530.500
3   12   -0.995805   -112.254   241530.500
3   13   -0.995780   -112.959   241530.500
3   14   -0.995163   -113.667   241530.500
3   15   -0.995486   -114.361   241530.500
3   16   -0.995689   -115.065   241530.500
3   17   -0.995024   -115.784   241530.500
3   18   -0.995371   -116.490   241530.500
3   19   -0.995564   -117.192   241530.500
3   20   -0.995097   -117.898   241530.500
3   21   -0.995525   -118.605   241530.500
3   22   -0.995548   -119.314   241530.500
3   23   -0.994980   -120.030   241530.500
3   24   -0.995466   -120.728   241530.500
3   25   -0.995614   -121.418   241530.500
3   26   -0.994802   -122.133   241530.500
3   27   -0.995146   -122.853   241530.500
3   28   -0.995614   -123.567   241530.500
3   29   -0.995316   -124.278   241530.500
3   30   -0.995815   -124.968   241530.500
3   31   -0.995429   -125.661   241530.500
3   32   -0.994950   -126.382   241530.500
3   33   -0.995940   -127.098   241530.500
3   34   -0.995464   -127.797   241530.500
3   35   -0.995102   -128.506   241530.500
3   36   -0.995502   -129.221   241530.500
3   37   -0.995054   -129.925   241530.500
3   38   -0.995666   -130.641   241530.500
3   39   -0.996338   -131.352   241530.500
3   40   -0.995573   -132.037   241530.500
3   41   -0.995742   -132.751   241530.500
3   42   -0.996473   -133.477   241530.500
3   43   -0.996020   -134.180   241530.500
3   44   -0.996478   -134.891   241530.500
3   45   -0.997020   -135.594   241530.500
3   46   -0.995888   -136.285   241530.500
3   47   -0.996417   -137.010   241530.500
3   48   -0.997383   -137.734   241530.500
3   49   -0.996598   -138.427   241530.500
3   50   -0.997216   -139.132   241530.500
3   51   -0.997620   -139.845   241530.500
3   52   -0.996907   -140.550   241530.500
3   53   -0.998031   -141.279   241530.500
3   54   -0.998723   -141.995   241530.500
3   55   -0.998204   -142.684   241530.500
3   56   -0.998846   -143.405   241530.500
3   57   -0.999427   -144.130   241530.500
3   58   -0.999513   -144.842   241530.500
3   59   -1.000495   -145.564   241530.500
3   60   -1.000386   -146.252   241530.500
3   61   -1.000241   -146.946   241530.500
3   62   -1.001197   -147.661   241530.500
3   63   -1.001626   -148.372   241530.500
3   64   -0.999239   -149.037   241530.500
4   1   1.003149   -148.466   241531.500
4   2   1.003298   -147.778   241531.500
4   3   1.003572   -147.083   241531.500
4   4   1.003041   -146.371   241531.500
4   5   1.001679   -145.649   241531.500
4   6   1.001649   -144.945   241531.500
4   7   1.002613   -144.250   241531.500
4   8   1.001696   -143.531   241531.500
4   9   1.000352   -142.795   241531.500
4   10   1.000558   -142.078   241531.500
4   11   1.000102   -141.381   241531.500
4   12   0.998786   -140.667   241531.500
4   13   0.998795   -139.948   241531.500
4   14   0.998937   -139.234   241531.500
4   15   0.998015   -138.509   241531.500
4   16   0.997609   -137.797   241531.500
4   17   0.998001   -137.102   241531.500
4   18   0.997460   -136.386   241531.500
4   19   0.997380   -135.661   241531.500
4   20   0.997934   -134.965   241531.500
4   21   0.997074   -134.260   241531.500
4   22   0.996932   -133.546   241531.500
4   23   0.997681   -132.845   241531.500
4   24   0.997017   -132.123   241531.500
4   25   0.997073   -131.412   241531.500
4   26   0.998009   -130.727   241531.500
4   27   0.997621   -130.027   241531.500
4   28   0.997243   -129.317   241531.500
4   29   0.997385   -128.601   241531.500
4   30   0.997641   -127.895   241531.500
4   31   0.998008   -127.202   241531.500
4   32   0.998244   -126.503   241531.500
4   33   0.997982   -125.792   241531.500
4   34   0.997786   -125.075   241531.500
4   35   0.998264   -124.374   241531.500
4   36   0.998242   -123.675   241531.500
4   37   0.998284   -122.969   241531.500
4   38   0.999206   -122.265   241531.500
4   39   0.999143   -121.550   241531.500
4   40   0.998831   -120.842   241531.500
4   41   0.999541   -120.152   241531.500
4   42   0.999359   -119.450   241531.500
4   43   0.998696   -118.732   241531.500
4   44   0.999111   -118.012   241531.500
4   45   0.999313   -117.300   241531.500
4   46   0.999054   -116.594   241531.500
4   47   0.999152   -115.887   241531.500
4   48   0.999203   -115.181   241531.500
4   49   0.999147   -114.466   241531.500
4   50   0.998905   -113.760   241531.500
4   51   0.998946   -113.065   241531.500
4   52   0.999338   -112.359   241531.500
4   53   0.999592   -111.644   241531.500
4   54   0.999466   -110.919   241531.500
4   55   0.999134   -110.211   241531.500
4   56   0.999055   -109.517   241531.500
4   57   0.999115   -108.812   241531.500
4   58   0.999254   -108.099   241531.500
4   59   0.999110   -107.379   241531.500
4   60   0.999015   -106.669   241531.500
4   61   0.999344   -105.967   241531.500
4   62   0.999320   -105.262   241531.500
4   63   0.999226   -104.554   241531.500
4   64   0.999934   -103.837   241531.500
5   1   -1.000017   -103.964   241532.500
5   2   -0.999330   -104.674   241532.500
5   3   -0.999424   -105.390   241532.500
5   4   -0.999670   -106.106   241532.500
5   5   -0.999340   -106.819   241532.500
5   6   -0.999530   -107.531   241532.500
5   7   -0.999699   -108.250   241532.500
5   8   -0.999127   -108.959   241532.500
5   9   -0.999256   -109.671   241532.500
5   10   -0.999600   -110.392   241532.500
5   11   -0.999280   -111.100   241532.500
5   12   -0.999187   -111.811   241532.500
5   13   -0.999369   -112.528   241532.500
5   14   -0.999555   -113.240   241532.500
5   15   -0.999404   -113.958   241532.500
5   16   -0.999445   -114.678   241532.500
5   17   -0.999554   -115.389   241532.500
5   18   -0.999421   -116.107   241532.500
5   19   -0.999388   -116.818   241532.500
5   20   -0.999374   -117.523   241532.500
5   21   -0.999175   -118.242   241532.500
5   22   -0.999166   -118.953   241532.500
5   23   -0.999820   -119.650   241532.500
5   24   -0.999948   -120.364   241532.500
5   25   -0.999327   -121.078   241532.500
5   26   -0.999577   -121.781   241532.500
5   27   -0.999717   -122.497   241532.500
5   28   -0.999552   -123.216   241532.500
5   29   -0.999959   -123.917   241532.500
5   30   -0.999620   -124.617   241532.500
5   31   -0.999149   -125.321   241532.500
5   32   -0.999575   -126.024   241532.500
5   33   -0.999541   -126.739   241532.500
5   34   -0.999035   -127.449   241532.500
5   35   -0.999709   -128.151   241532.500
5   36   -0.999514   -128.861   241532.500
5   37   -0.998719   -129.566   241532.500
5   38   -0.999963   -130.275   241532.500
5   39   -1.000315   -130.985   241532.500
5   40   -0.998970   -131.684   241532.500
5   41   -0.999439   -132.397   241532.500
5   42   -1.000261   -133.102   241532.500
5   43   -0.999480   -133.792   241532.500
5   44   -1.000054   -134.504   241532.500
5   45   -1.000813   -135.208   241532.500
5   46   -1.000107   -135.899   241532.500
5   47   -1.000700   -136.607   241532.500
5   48   -1.001343   -137.316   241532.500
5   49   -1.000756   -138.013   241532.500
5   50   -1.001091   -138.724   241532.500
5   51   -1.002066   -139.440   241532.500
5   52   -1.001967   -140.139   241532.500
5   53   -1.001872   -140.845   241532.500
5   54   -1.002827   -141.553   241532.500
5   55   -1.003127   -142.252   241532.500
5   56   -1.002837   -142.955   241532.500
5   57   -1.003649   -143.670   241532.500
5   58   -1.003917   -144.371   241532.500
5   59   -1.003344   -145.064   241532.500
5   60   -1.004340   -145.773   241532.500
5   61   -1.004802   -146.474   241532.500
5   62   -1.004359   -147.177   241532.500
5   63   -1.004264   -147.876   241532.500
5   64   -1.003363   -148.556   241532.500
6   1   1.004711   -148.946   241533.500
6   2   1.006427   -148.272   241533.500
6   3   1.007301   -147.592   241533.500
6   4   1.004791   -146.840   241533.500
6   5   1.005212   -146.144   241533.500
6   6   1.005302   -145.444   241533.500
6   7   1.003383   -144.704   241533.500
6   8   1.004028   -144.010   241533.500
6   9   1.003659   -143.301   241533.500
6   10   1.002142   -142.575   241533.500
6   11   1.002857   -141.880   241533.500
6   12   1.002401   -141.167   241533.500
6   13   1.001254   -140.451   241533.500
6   14   1.002159   -139.759   241533.500
6   15   1.001777   -139.046   241533.500
6   16   1.000456   -138.332   241533.500
6   17   1.001030   -137.639   241533.500
6   18   1.000736   -136.932   241533.500
6   19   0.999885   -136.221   241533.500
6   20   1.000649   -135.523   241533.500
6   21   1.000303   -134.818   241533.500
6   22   0.999502   -134.117   241533.500
6   23   1.000003   -133.423   241533.500
6   24   0.999868   -132.718   241533.500
6   25   0.999146   -132.011   241533.500
6   26   0.999269   -131.303   241533.500
6   27   0.999177   -130.589   241533.500
6   28   0.998623   -129.881   241533.500
6   29   0.998885   -129.180   241533.500
6   30   0.998733   -128.474   241533.500
6   31   0.998366   -127.771   241533.500
6   32   0.998911   -127.064   241533.500
6   33   0.998830   -126.354   241533.500
6   34   0.998220   -125.649   241533.500
6   35   0.998636   -124.944   241533.500
6   36   0.999075   -124.237   241533.500
6   37   0.998683   -123.534   241533.500
6   38   0.998419   -122.823   241533.500
6   39   0.998415   -122.111   241533.500
6   40   0.998335   -121.413   241533.500
6   41   0.998548   -120.707   241533.500
6   42   0.998516   -119.995   241533.500
6   43   0.998470   -119.293   241533.500
6   44   0.998593   -118.581   241533.500
6   45   0.998562   -117.871   241533.500
6   46   0.998495   -117.172   241533.500
6   47   0.998541   -116.459   241533.500
6   48   0.998665   -115.735   241533.500
6   49   0.998630   -115.023   241533.500
6   50   0.998714   -114.308   241533.500
6   51   0.998691   -113.591   241533.500
6   52   0.998662   -112.882   241533.500
6   53   0.998828   -112.171   241533.500
6   54   0.998724   -111.454   241533.500
6   55   0.998577   -110.740   241533.500
6   56   0.998750   -110.029   241533.500
6   57   0.998804   -109.315   241533.500
6   58   0.998761   -108.601   241533.500
6   59   0.998936   -107.884   241533.500
6   60   0.999181   -107.163   241533.500
6   61   0.999167   -106.445   241533.500
6   62   0.999177   -105.725   241533.500
6   63   0.999309   -105.002   241533.500
6   64   1.000338   -104.277   241533.500
7   1   -0.999628   -104.252   241534.500
7   2   -0.999384   -104.951   241534.500
7   3   -0.999498   -105.654   241534.500
7   4   -0.999377   -106.364   241534.500
7   5   -0.999356   -107.072   241534.500
7   6   -0.999617   -107.771   241534.500
7   7   -0.999727   -108.480   241534.500
7   8   -0.999682   -109.191   241534.500
7   9   -0.999709   -109.898   241534.500
7   10   -0.999932   -110.608   241534.500
7   11   -1.000279   -111.320   241534.500
7   12   -1.000227   -112.023   241534.500
7   13   -0.999943   -112.725   241534.500
7   14   -1.000226   -113.428   241534.500
7   15   -1.000193   -114.135   241534.500
7   16   -0.999911   -114.855   241534.500
7   17   -1.000250   -115.569   241534.500
7   18   -1.000134   -116.274   241534.500
7   19   -0.999878   -116.980   241534.500
7   20   -1.000473   -117.688   241534.500
7   21   -1.000384   -118.391   241534.500
7   22   -0.999870   -119.101   241534.500
7   23   -1.000477   -119.813   241534.500
7   24   -1.000608   -120.518   241534.500
7   25   -1.000168   -121.228   241534.500
7   26   -1.000848   -121.943   241534.500
7   27   -1.000907   -122.651   241534.500
7   28   -1.000058   -123.361   241534.500
7   29   -1.000610   -124.073   241534.500
7   30   -1.000884   -124.781   241534.500
7   31   -1.000074   -125.486   241534.500
7   32   -1.000463   -126.202   241534.500
7   33   -1.000810   -126.914   241534.500
7   34   -1.000341   -127.620   241534.500
7   35   -1.000890   -128.333   241534.500
7   36   -1.001018   -129.036   241534.500
7   37   -1.000357   -129.739   241534.500
7   38   -1.001089   -130.458   241534.500
7   39   -1.001495   -131.170   241534.500
7   40   -1.000759   -131.870   241534.500
7   41   -1.001116   -132.587   241534.500
7   42   -1.001643   -133.303   241534.500
7   43   -1.001408   -134.016   241534.500
7   44   -1.001653   -134.735   241534.500
7   45   -1.001993   -135.445   241534.500
7   46   -1.001931   -136.151   241534.500
7   47   -1.002104   -136.867   241534.500
7   48   -1.002376   -137.575   241534.500
7   49   -1.002568   -138.287   241534.500
7   50   -1.002556   -139.007   241534.500
7   51   -1.002784   -139.715   241534.500
7   52   -1.003424   -140.433   241534.500
7   53   -1.003647   -141.157   241534.500
7   54   -1.003689   -141.865   241534.500
7   55   -1.004196   -142.583   241534.500
7   56   -1.004338   -143.299   241534.500
7   57   -1.003977   -143.995   241534.500
7   58   -1.004855   -144.716   241534.500
7   59   -1.005993   -145.448   241534.500
7   60   -1.005934   -146.151   241534.500
7   61   -1.005665   -146.848   241534.500
7   62   -1.005339   -147.547   241534.500
7   63   -1.005905   -148.258   241534.500
7   64   -1.006792   -148.974   241534.500
8   1   1.002325   -148.616   241535.500
8   2   1.002543   -147.920   241535.500
8   3   1.002296   -147.220   241535.500
8   4   1.002507   -146.521   241535.500
8   5   1.002278   -145.821   241535.500
8   6   1.000897   -145.101   241535.500
8   7   1.001070   -144.391   241535.500
8   8   1.001625   -143.693   241535.500
8   9   1.000877   -142.977   241535.500
8   10   1.000732   -142.257   241535.500
8   11   1.000980   -141.553   241535.500
8   12   0.999631   -140.828   241535.500
8   13   0.999220   -140.104   241535.500
8   14   1.000048   -139.410   241535.500
8   15   0.999698   -138.697   241535.500
8   16   0.999123   -137.968   241535.500
8   17   0.999010   -137.261   241535.500
8   18   0.998208   -136.547   241535.500
8   19   0.998203   -135.828   241535.500
8   20   0.998654   -135.130   241535.500
8   21   0.997935   -134.415   241535.500
8   22   0.997888   -133.692   241535.500
8   23   0.998527   -132.995   241535.500
8   24   0.997937   -132.285   241535.500
8   25   0.997802   -131.564   241535.500
8   26   0.997782   -130.865   241535.500
8   27   0.997326   -130.158   241535.500
8   28   0.997849   -129.437   241535.500
8   29   0.998117   -128.735   241535.500
8   30   0.997116   -128.026   241535.500
8   31   0.997937   -127.308   241535.500
8   32   0.998482   -126.609   241535.500
8   33   0.997449   -125.908   241535.500
8   34   0.998023   -125.194   241535.500
8   35   0.998087   -124.497   241535.500
8   36   0.997778   -123.799   241535.500
8   37   0.998197   -123.078   241535.500
8   38   0.998243   -122.368   241535.500
8   39   0.998351   -121.665   241535.500
8   40   0.999053   -120.951   241535.500
8   41   0.998932   -120.244   241535.500
8   42   0.998518   -119.537   241535.500
8   43   0.999009   -118.817   241535.500
8   44   0.998644   -118.112   241535.500
8   45   0.998363   -117.411   241535.500
8   46   0.999267   -116.694   241535.500
8   47   0.998992   -115.992   241535.500
8   48   0.998498   -115.294   241535.500
8   49   0.999191   -114.575   241535.500
8   50   0.998787   -113.872   241535.500
8   51   0.998371   -113.179   241535.500
8   52   0.999317   -112.457   241535.500
8   53   0.998793   -111.752   241535.500
8   54   0.998122   -111.057   241535.500
8   55   0.998758   -110.340   241535.500
8   56   0.998532   -109.641   241535.500
8   57   0.998275   -108.941   241535.500
8   58   0.998605   -108.218   241535.500
8   59   0.998521   -107.510   241535.500
8   60   0.998412   -106.813   241535.500
8   61   0.998602   -106.097   241535.500
8   62   0.998458   -105.392   241535.500
8   63   0.998215   -104.691   241535.500
8   64   0.998995   -103.980   241535.500
9   1   -0.998877   -103.822   241536.500
9   2   -0.999075   -104.517   241536.500
9   3   -0.998561   -105.231   241536.500
9   4   -0.998247   -105.940   241536.500
9   5   -0.999059   -106.634   241536.500
9   6   -0.998606   -107.345   241536.500
9   7   -0.998228   -108.067   241536.500
9   8   -0.999052   -108.771   241536.500
9   9   -0.998894   -109.472   241536.500
9   10   -0.998281   -110.175   241536.500
9   11   -0.998643   -110.882   241536.500
9   12   -0.998715   -111.598   241536.500
9   13   -0.998341   -112.313   241536.500
9   14   -0.998489   -113.018   241536.500
9   15   -0.998483   -113.715   241536.500
9   16   -0.998238   -114.421   241536.500
9   17   -0.998479   -115.140   241536.500
9   18   -0.998515   -115.851   241536.500
9   19   -0.998114   -116.556   241536.500
9   20   -0.997894   -117.265   241536.500
9   21   -0.997645   -117.972   241536.500
9   22   -0.997678   -118.679   241536.500
9   23   -0.998214   -119.391   241536.500
9   24   -0.998315   -120.093   241536.500
9   25   -0.997562   -120.793   241536.500
9   26   -0.997826   -121.507   241536.500
9   27   -0.998947   -122.221   241536.500
9   28   -0.998486   -122.924   241536.500
9   29   -0.997966   -123.630   241536.500
9   30   -0.998373   -124.331   241536.500
9   31   -0.998030   -125.042   241536.500
9   32   -0.997865   -125.770   241536.500
9   33   -0.998497   -126.484   241536.500
9   34   -0.997989   -127.183   241536.500
9   35   -0.997438   -127.887   241536.500
9   36   -0.997910   -128.601   241536.500
9   37   -0.997711   -129.311   241536.500
9   38   -0.997792   -130.025   241536.500
9   39   -0.998378   -130.737   241536.500
9   40   -0.999104   -131.442   241536.500
9   41   -0.999518   -132.155   241536.500
9   42   -0.999097   -132.870   241536.500
9   43   -0.998375   -133.572   241536.500
9   44   -0.998627   -134.279   241536.500
9   45   -0.998705   -134.982   241536.500
9   46   -0.998128   -135.681   241536.500
9   47   -0.999040   -136.409   241536.500
9   48   -1.000032   -137.131   241536.500
9   49   -0.999806   -137.829   241536.500
9   50   -1.000195   -138.538   241536.500
9   51   -1.000958   -139.258   241536.500
9   52   -1.000551   -139.970   241536.500
9   53   -1.000749   -140.684   241536.500
9   54   -1.001497   -141.398   241536.500
9   55   -1.001386   -142.098   241536.500
9   56   -1.001575   -142.818   241536.500
9   57   -1.002457   -143.551   241536.500
9   58   -1.002800   -144.266   241536.500
9   59   -1.003416   -144.985   241536.500
9   60   -1.004249   -145.702   241536.500
9   61   -1.004448   -146.408   241536.500
9   62   -1.004918   -147.123   241536.500
9   63   -1.005585   -147.836   241536.500
9   64   -1.005088   -148.528   241536.500
10   1   1.007001   -149.144   241537.500
10   2   1.007112   -148.457   241537.500
10   3   1.006031   -147.751   241537.500
10   4   1.006205   -147.054   241537.500
10   5   1.005921   -146.359   241537.500
10   6   1.005482   -145.654   241537.500
10   7   1.005846   -144.938   241537.500
10   8   1.005414   -144.219   241537.500
10   9   1.003920   -143.484   241537.500
10   10   1.004220   -142.764   241537.500
10   11   1.004794   -142.071   241537.500
10   12   1.003477   -141.344   241537.500
10   13   1.003670   -140.618   241537.500
10   14   1.002826   -139.902   241537.500
10   15   1.001218   -139.174   241537.500
10   16   1.002603   -138.471   241537.500
10   17   1.003200   -137.778   241537.500
10   18   1.001806   -137.053   241537.500
10   19   1.001849   -136.326   241537.500
10   20   1.002362   -135.640   241537.500
10   21   1.001342   -134.940   241537.500
10   22   1.001442   -134.221   241537.500
10   23   1.002136   -133.519   241537.500
10   24   1.001277   -132.792   241537.500
10   25   1.001278   -132.073   241537.500
10   26   1.001484   -131.380   241537.500
10   27   1.000605   -130.665   241537.500
10   28   1.000756   -129.946   241537.500
10   29   1.000764   -129.235   241537.500
10   30   1.000310   -128.531   241537.500
10   31   1.000766   -127.827   241537.500
10   32   1.000770   -127.126   241537.500
10   33   1.000011   -126.411   241537.500
10   34   1.000869   -125.686   241537.500
10   35   1.001063   -124.981   241537.500
10   36   0.999944   -124.280   241537.500
10   37   1.000400   -123.569   241537.500
10   38   1.000409   -122.858   241537.500
10   39   0.999760   -122.137   241537.500
10   40   1.000305   -121.413   241537.500
10   41   1.000410   -120.712   241537.500
10   42   0.999958   -120.010   241537.500
10   43   1.000364   -119.290   241537.500
10   44   1.000293   -118.575   241537.500
10   45   0.999826   -117.867   241537.500
10   46   1.000271   -117.159   241537.500
10   47   0.999856   -116.456   241537.500
10   48   0.999470   -115.747   241537.500
10   49   1.000137   -115.022   241537.500
10   50   1.000038   -114.314   241537.500
10   51   0.999843   -113.617   241537.500
10   52   1.000155   -112.906   241537.500
10   53   1.000033   -112.197   241537.500
10   54   0.999778   -111.482   241537.500
10   55   0.999916   -110.768   241537.500
10   56   0.999780   -110.068   241537.500
10   57   0.999728   -109.364   241537.500
10   58   0.999875   -108.651   241537.500
10   59   0.999932   -107.935   241537.500
10   60   0.999977   -107.222   241537.500
10   61   1.000095   -106.519   241537.500
10   62   0.999951   -105.820   241537.500
10   63   0.999566   -105.111   241537.500
10   64   1.000042   -104.404   241537.500
11   1   -1.001756   -104.488   241538.500
11   2   -0.998734   -105.210   241538.500
11   3   -0.998949   -105.915   241538.500
11   4   -0.999687   -106.612   241538.500
11   5   -0.999343   -107.328   241538.500
11   6   -0.998691   -108.047   241538.500
11   7   -0.998888   -108.754   241538.500
11   8   -0.998595   -109.468   241538.500
11   9   -0.998704   -110.170   241538.500
11   10   -0.998982   -110.874   241538.500
11   11   -0.998650   -111.590   241538.500
11   12   -0.998749   -112.294   241538.500
11   13   -0.998861   -113.000   241538.500
11   14   -0.998662   -113.712   241538.500
11   15   -0.998855   -114.412   241538.500
11   16   -0.998908   -115.118   241538.500
11   17   -0.998674   -115.838   241538.500
11   18   -0.998721   -116.543   241538.500
11   19   -0.998593   -117.251   241538.500
11   20   -0.998544   -117.972   241538.500
11   21   -0.998656   -118.678   241538.500
11   22   -0.998466   -119.387   241538.500
11   23   -0.998385   -120.107   241538.500
11   24   -0.998561   -120.806   241538.500
11   25   -0.998640   -121.506   241538.500
11   26   -0.998967   -122.221   241538.500
11   27   -0.999121   -122.928   241538.500
11   28   -0.998468   -123.634   241538.500
11   29   -0.998374   -124.352   241538.500
11   30   -0.998720   -125.057   241538.500
11   31   -0.998292   -125.758   241538.500
11   32   -0.998185   -126.476   241538.500
11   33   -0.998800   -127.180   241538.500
11   34   -0.998316   -127.880   241538.500
11   35   -0.997912   -128.594   241538.500
11   36   -0.998275   -129.304   241538.500
11   37   -0.998121   -130.007   241538.500
11   38   -0.998458   -130.725   241538.500
11   39   -0.998868   -131.435   241538.500
11   40   -0.998661   -132.138   241538.500
11   41   -0.999042   -132.853   241538.500
11   42   -0.999593   -133.560   241538.500
11   43   -0.999435   -134.262   241538.500
11   44   -0.999594   -134.977   241538.500
11   45   -1.000142   -135.686   241538.500
11   46   -1.000002   -136.391   241538.500
11   47   -0.999885   -137.106   241538.500
11   48   -1.000343   -137.814   241538.500
11   49   -1.000697   -138.526   241538.500
11   50   -1.000801   -139.248   241538.500
11   51   -1.001242   -139.957   241538.500
11   52   -1.001536   -140.667   241538.500
11   53   -1.001497   -141.388   241538.500
11   54   -1.002251   -142.105   241538.500
11   55   -1.003356   -142.827   241538.500
11   56   -1.003411   -143.551   241538.500
11   57   -1.003831   -144.268   241538.500
11   58   -1.004189   -144.981   241538.500
11   59   -1.003694   -145.692   241538.500
11   60   -1.004587   -146.418   241538.500
11   61   -1.005333   -147.135   241538.500
11   62   -1.004283   -147.824   241538.500
11   63   -1.004975   -148.542   241538.500
11   64   -1.005546   -149.251   241538.500
12   1   1.005336   -148.438   241539.500
12   2   1.005876   -147.746   241539.500
12   3   1.004641   -147.026   241539.500
12   4   1.004628   -146.318   241539.500
12   5   1.004740   -145.617   241539.500
12   6   1.004575   -144.906   241539.500
12   7   1.004541   -144.191   241539.500
12   8   1.003498   -143.468   241539.500
12   9   1.002221   -142.743   241539.500
12   10   1.001963   -142.021   241539.500
12   11   1.002452   -141.320   241539.500
12   12   1.001492   -140.605   241539.500
12   13   1.001138   -139.887   241539.500
12   14   1.001920   -139.190   241539.500
12   15   1.000745   -138.468   241539.500
12   16   1.000413   -137.750   241539.500
12   17   1.001493   -137.062   241539.500
12   18   1.000804   -136.355   241539.500
12   19   1.000089   -135.632   241539.500
12   20   0.999971   -134.921   241539.500
12   21   0.999389   -134.208   241539.500
12   22   0.999520   -133.498   241539.500
12   23   0.999885   -132.795   241539.500
12   24   0.999174   -132.081   241539.500
12   25   0.998973   -131.368   241539.500
12   26   0.999477   -130.668   241539.500
12   27   0.998465   -129.957   241539.500
12   28   0.998089   -129.242   241539.500
12   29   0.999367   -128.548   241539.500
12   30   0.998624   -127.847   241539.500
12   31   0.997630   -127.134   241539.500
12   32   0.999058   -126.429   241539.500
12   33   0.999094   -125.720   241539.500
12   34   0.997680   -125.007   241539.500
12   35   0.997458   -124.297   241539.500
12   36   0.997556   -123.594   241539.500
12   37   0.997025   -122.889   241539.500
12   38   0.996149   -122.173   241539.500
12   39   0.996532   -121.468   241539.500
12   40   0.997145   -120.766   241539.500
12   41   0.996561   -120.054   241539.500
12   42   0.996789   -119.352   241539.500
12   43   0.997048   -118.656   241539.500
12   44   0.997414   -117.946   241539.500
12   45   0.997965   -117.238   241539.500
12   46   0.997480   -116.532   241539.500
12   47   0.997395   -115.817   241539.500
12   48   0.997619   -115.109   241539.500
12   49   0.997460   -114.404   241539.500
12   50   0.997502   -113.689   241539.500
12   51   0.997847   -112.982   241539.500
12   52   0.997778   -112.280   241539.500
12   53   0.997613   -111.569   241539.500
12   54   0.997844   -110.860   241539.500
12   55   0.997814   -110.150   241539.500
12   56   0.997617   -109.438   241539.500
12   57   0.997767   -108.738   241539.500
12   58   0.997712   -108.031   241539.500
12   59   0.997928   -107.318   241539.500
12   60   0.998357   -106.609   241539.500
12   61   0.998266   -105.902   241539.500
12   62   0.998101   -105.195   241539.500
12   63   0.998127   -104.487   241539.500
12   64   0.999218   -103.788   241539.500
13   1   -1.000822   -104.071   241540.500
13   2   -1.000330   -104.784   241540.500
13   3   -0.999666   -105.490   241540.500
13   4   -0.999499   -106.192   241540.500
13   5   -0.999329   -106.901   241540.500
13   6   -0.999471   -107.611   241540.500
13   7   -0.999578   -108.327   241540.500
13   8   -0.999559   -109.049   241540.500
13   9   -0.999746   -109.746   241540.500
13   10   -0.999856   -110.437   241540.500
13   11   -0.999747   -111.152   241540.500
13   12   -0.999950   -111.857   241540.500
13   13   -1.000002   -112.560   241540.500
13   14   -0.999741   -113.278   241540.500
13   15   -0.999880   -113.973   241540.500
13   16   -0.999971   -114.675   241540.500
13   17   -1.000024   -115.398   241540.500
13   18   -1.000278   -116.102   241540.500
13   19   -1.000169   -116.801   241540.500
13   20   -1.000093   -117.507   241540.500
13   21   -1.000285   -118.213   241540.500
13   22   -1.000274   -118.927   241540.500
13   23   -1.000456   -119.643   241540.500
13   24   -1.000879   -120.345   241540.500
13   25   -1.000705   -121.037   241540.500
13   26   -1.000577   -121.754   241540.500
13   27   -1.000984   -122.474   241540.500
13   28   -1.000848   -123.181   241540.500
13   29   -1.000879   -123.899   241540.500
13   30   -1.001249   -124.605   241540.500
13   31   -1.000711   -125.307   241540.500
13   32   -1.000794   -126.020   241540.500
13   33   -1.001804   -126.728   241540.500
13   34   -1.001663   -127.429   241540.500
13   35   -1.001367   -128.132   241540.500
13   36   -1.001533   -128.847   241540.500
13   37   -1.001110   -129.561   241540.500
13   38   -1.001690   -130.278   241540.500
13   39   -1.002113   -130.991   241540.500
13   40   -1.001297   -131.684   241540.500
13   41   -1.001737   -132.399   241540.500
13   42   -1.002279   -133.115   241540.500
13   43   -1.001567   -133.814   241540.500
13   44   -1.001669   -134.524   241540.500
13   45   -1.002237   -135.226   241540.500
13   46   -1.002034   -135.932   241540.500
13   47   -1.002475   -136.665   241540.500
13   48   -1.003208   -137.386   241540.500
13   49   -1.002739   -138.084   241540.500
13   50   -1.002552   -138.785   241540.500
13   51   -1.002819   -139.500   241540.500
13   52   -1.002685   -140.221   241540.500
13   53   -1.003512   -140.952   241540.500
13   54   -1.003840   -141.669   241540.500
13   55   -1.003410   -142.363   241540.500
13   56   -1.003560   -143.076   241540.500
13   57   -1.004485   -143.809   241540.500
13   58   -1.006171   -144.545   241540.500
13   59   -1.006041   -145.255   241540.500
13   60   -1.007947   -145.981   241540.500
13   61   -1.008562   -146.684   241540.500
13   62   -1.006970   -147.365   241540.500
13   63   -1.006423   -148.045   241540.500
13   64   -1.006007   -148.738   241540.500
14   1   0.997875   -148.729   241541.500
14   2   1.001188   -148.088   241541.500
14   3   1.003147   -147.427   241541.500
14   4   1.004116   -146.751   241541.500
14   5   1.003013   -146.046   241541.500
14   6   1.001832   -145.328   241541.500
14   7   1.002485   -144.623   241541.500
14   8   1.002758   -143.925   241541.500
14   9   1.001409   -143.192   241541.500
14   10   1.001427   -142.470   241541.500
14   11   1.000870   -141.765   241541.500
14   12   0.999463   -141.045   241541.500
14   13   1.000098   -140.332   241541.500
14   14   1.000418   -139.623   241541.500
14   15   0.998815   -138.890   241541.500
14   16   0.998841   -138.184   241541.500
14   17   0.999368   -137.501   241541.500
14   18   0.997969   -136.775   241541.500
14   19   0.997864   -136.048   241541.500
14   20   0.998302   -135.348   241541.500
14   21   0.997686   -134.647   241541.500
14   22   0.997844   -133.944   241541.500
14   23   0.997998   -133.244   241541.500
14   24   0.996923   -132.519   241541.500
14   25   0.997048   -131.804   241541.500
14   26   0.997979   -131.117   241541.500
14   27   0.997257   -130.406   241541.500
14   28   0.996883   -129.690   241541.500
14   29   0.997165   -128.979   241541.500
14   30   0.996633   -128.268   241541.500
14   31   0.996695   -127.571   241541.500
14   32   0.997462   -126.873   241541.500
14   33   0.996970   -126.157   241541.500
14   34   0.996682   -125.437   241541.500
14   35   0.997110   -124.730   241541.500
14   36   0.996706   -124.028   241541.500
14   37   0.996693   -123.322   241541.500
14   38   0.996814   -122.619   241541.500
14   39   0.996913   -121.906   241541.500
14   40   0.997134   -121.200   241541.500
14   41   0.996557   -120.504   241541.500
14   42   0.996363   -119.800   241541.500
14   43   0.997113   -119.093   241541.500
14   44   0.996890   -118.379   241541.500
14   45   0.996582   -117.668   241541.500
14   46   0.997389   -116.966   241541.500
14   47   0.997382   -116.263   241541.500
14   48   0.997161   -115.555   241541.500
14   49   0.997465   -114.837   241541.500
14   50   0.997474   -114.124   241541.500
14   51   0.997612   -113.419   241541.500
14   52   0.997941   -112.706   241541.500
14   53   0.997768   -111.999   241541.500
14   54   0.997675   -111.283   241541.500
14   55   0.997980   -110.568   241541.500
14   56   0.998034   -109.873   241541.500
14   57   0.998006   -109.173   241541.500
14   58   0.998186   -108.455   241541.500
14   59   0.998061   -107.740   241541.500
14   60   0.997813   -107.040   241541.500
14   61   0.997927   -106.335   241541.500
14   62   0.998022   -105.628   241541.500
14   63   0.997848   -104.922   241541.500
14   64   0.998163   -104.211   241541.500
15   1   -0.999579   -104.336   241542.500
15   2   -0.998607   -105.046   241542.500
15   3   -0.998567   -105.757   241542.500
15   4   -0.998484   -106.469   241542.500
15   5   -0.998792   -107.167   241542.500
15   6   -0.998687   -107.876   241542.500
15   7   -0.998502   -108.599   241542.500
15   8   -0.998836   -109.312   241542.500
15   9   -0.998668   -110.016   241542.500
15   10   -0.998540   -110.716   241542.500
15   11   -0.998989   -111.427   241542.500
15   12   -0.998692   -112.139   241542.500
15   13   -0.998079   -112.845   241542.500
15   14   -0.998418   -113.551   241542.500
15   15   -0.998834   -114.252   241542.500
15   16   -0.998578   -114.960   241542.500
15   17   -0.998659   -115.682   241542.500
15   18   -0.998506   -116.398   241542.500
15   19   -0.998058   -117.105   241542.500
15   20   -0.998349   -117.810   241542.500
15   21   -0.998332   -118.513   241542.500
15   22   -0.998074   -119.225   241542.500
15   23   -0.998412   -119.939   241542.500
15   24   -0.998565   -120.642   241542.500
15   25   -0.998148   -121.337   241542.500
15   26   -0.998184   -122.050   241542.500
15   27   -0.998253   -122.771   241542.500
15   28   -0.997985   -123.481   241542.500
15   29   -0.997618   -124.189   241542.500
15   30   -0.997751   -124.885   241542.500
15   31   -0.997899   -125.593   241542.500
15   32   -0.997850   -126.317   241542.500
15   33   -0.998032   -127.028   241542.500
15   34   -0.997944   -127.732   241542.500
15   35   -0.997875   -128.431   241542.500
15   36   -0.997894   -129.139   241542.500
15   37   -0.997789   -129.861   241542.500
15   38   -0.997863   -130.578   241542.500
15   39   -0.998346   -131.284   241542.500
15   40   -0.998275   -131.980   241542.500
15   41   -0.998398   -132.694   241542.500
15   42   -0.999225   -133.419   241542.500
15   43   -0.999336   -134.134   241542.500
15   44   -0.999336   -134.846   241542.500
15   45   -1.000087   -135.555   241542.500
15   46   -1.000241   -136.267   241542.500
15   47   -1.000149   -136.993   241542.500
15   48   -1.000436   -137.708   241542.500
15   49   -1.000960   -138.418   241542.500
15   50   -1.001519   -139.127   241542.500
15   51   -1.001645   -139.834   241542.500
15   52   -1.001589   -140.550   241542.500
15   53   -1.001838   -141.271   241542.500
15   54   -1.002554   -141.984   241542.500
15   55   -1.003192   -142.687   241542.500
15   56   -1.003500   -143.408   241542.500
15   57   -1.003709   -144.140   241542.500
15   58   -1.003997   -144.862   241542.500
15   59   -1.004193   -145.573   241542.500
15   60   -1.004551   -146.277   241542.500
15   61   -1.005188   -146.981   241542.500
15   62   -1.005164   -147.682   241542.500
15   63   -1.004483   -148.368   241542.500
15   64   -1.005510   -149.082   241542.500
16   1   1.000576   -148.608   241543.500
16   2   1.001571   -147.939   241543.500
16   3   1.001293   -147.244   241543.500
16   4   1.001118   -146.539   241543.500
16   5   1.000954   -145.839   241543.500
16   6   0.999769   -145.118   241543.500
16   7   0.999500   -144.404   241543.500
16   8   1.000279   -143.706   241543.500
16   9   0.999152   -142.967   241543.500
16   10   0.998576   -142.245   241543.500
16   11   0.999644   -141.567   241543.500
16   12   0.998531   -140.848   241543.500
16   13   0.997431   -140.121   241543.500
16   14   0.998705   -139.424   241543.500
16   15   0.998452   -138.713   241543.500
16   16   0.997631   -137.998   241543.500
16   17   0.997980   -137.294   241543.500
16   18   0.997341   -136.576   241543.500
16   19   0.997055   -135.856   241543.500
16   20   0.997605   -135.158   241543.500
16   21   0.997231   -134.457   241543.500
16   22   0.997180   -133.749   241543.500
16   23   0.997668   -133.046   241543.500
16   24   0.997205   -132.325   241543.500
16   25   0.997150   -131.602   241543.500
16   26   0.997155   -130.898   241543.500
16   27   0.997535   -130.200   241543.500
16   28   0.997884   -129.488   241543.500
16   29   0.997387   -128.769   241543.500
16   30   0.996746   -128.053   241543.500
16   31   0.996944   -127.346   241543.500
16   32   0.997767   -126.645   241543.500
16   33   0.997257   -125.930   241543.500
16   34   0.997115   -125.207   241543.500
16   35   0.997614   -124.506   241543.500
16   36   0.997177   -123.807   241543.500
16   37   0.997182   -123.103   241543.500
16   38   0.997200   -122.399   241543.500
16   39   0.996759   -121.680   241543.500
16   40   0.997295   -120.973   241543.500
16   41   0.997379   -120.272   241543.500
16   42   0.997423   -119.567   241543.500
16   43   0.997405   -118.862   241543.500
16   44   0.996996   -118.146   241543.500
16   45   0.997249   -117.447   241543.500
16   46   0.997667   -116.750   241543.500
16   47   0.997560   -116.040   241543.500
16   48   0.997295   -115.333   241543.500
16   49   0.997532   -114.612   241543.500
16   50   0.997254   -113.897   241543.500
16   51   0.997063   -113.198   241543.500
16   52   0.997560   -112.494   241543.500
16   53   0.997442   -111.783   241543.500
16   54   0.997265   -111.065   241543.500
16   55   0.997729   -110.352   241543.500
16   56   0.997482   -109.652   241543.500
16   57   0.997153   -108.945   241543.500
16   58   0.997688   -108.222   241543.500
16   59   0.997026   -107.508   241543.500
16   60   0.996793   -106.800   241543.500
16   61   0.997780   -106.090   241543.500
16   62   0.997517   -105.389   241543.500
16   63   0.997146   -104.682   241543.500
16   64   0.998446   -103.955   241543.500
17   1   -0.999775   -103.911   241544.500
17   2   -0.999164   -104.622   241544.500
17   3   -0.999333   -105.341   241544.500
17   4   -0.999682   -106.056   241544.500
17   5   -0.999420   -106.774   241544.500
17   6   -0.999462   -107.483   241544.500
17   7   -0.999754   -108.195   241544.500
17   8   -0.999280   -108.920   241544.500
17   9   -0.999319   -109.645   241544.500
17   10   -0.999694   -110.361   241544.500
17   11   -0.999814   -111.063   241544.500
17   12   -0.999727   -111.781   241544.500
17   13   -0.999359   -112.498   241544.500
17   14   -0.999560   -113.200   241544.500
17   15   -0.999604   -113.919   241544.500
17   16   -0.999484   -114.637   241544.500
17   17   -1.000067   -115.339   241544.500
17   18   -0.999931   -116.054   241544.500
17   19   -0.999484   -116.770   241544.500
17   20   -0.999987   -117.476   241544.500
17   21   -0.999970   -118.192   241544.500
17   22   -0.999590   -118.901   241544.500
17   23   -1.000118   -119.608   241544.500
17   24   -1.000337   -120.320   241544.500
17   25   -0.999842   -121.026   241544.500
17   26   -1.000082   -121.726   241544.500
17   27   -1.000029   -122.433   241544.500
17   28   -0.999443   -123.141   241544.500
17   29   -0.999968   -123.851   241544.500
17   30   -0.999909   -124.562   241544.500
17   31   -0.998988   -125.265   241544.500
17   32   -0.999719   -125.971   241544.500
17   33   -0.999700   -126.683   241544.500
17   34   -0.998810   -127.390   241544.500
17   35   -1.000071   -128.095   241544.500
17   36   -0.999836   -128.806   241544.500
17   37   -0.998461   -129.508   241544.500
17   38   -0.999553   -130.216   241544.500
17   39   -0.999369   -130.930   241544.500
17   40   -0.998289   -131.633   241544.500
17   41   -0.999234   -132.338   241544.500
17   42   -0.999246   -133.042   241544.500
17   43   -0.998467   -133.744   241544.500
17   44   -0.999472   -134.452   241544.500
17   45   -0.999825   -135.155   241544.500
17   46   -0.999316   -135.857   241544.500
17   47   -1.000516   -136.570   241544.500
17   48   -1.000937   -137.274   241544.500
17   49   -1.000498   -137.971   241544.500
17   50   -1.001558   -138.690   241544.500
17   51   -1.001458   -139.396   241544.500
17   52   -1.001020   -140.093   241544.500
17   53   -1.002565   -140.816   241544.500
17   54   -1.002529   -141.521   241544.500
17   55   -1.001787   -142.218   241544.500
17   56   -1.003007   -142.944   241544.500
17   57   -1.003213   -143.651   241544.500
17   58   -1.003104   -144.349   241544.500
17   59   -1.004910   -145.081   241544.500
17   60   -1.005678   -145.796   241544.500
17   61   -1.005521   -146.505   241544.500
17   62   -1.006521   -147.231   241544.500
17   63   -1.006491   -147.937   241544.500
17   64   -1.008431   -148.682   241544.500
18   1   1.009310   -149.168   241545.500
18   2   1.006785   -148.413   241545.500
18   3   1.005916   -147.693   241545.500
18   4   1.005815   -146.989   241545.500
18   5   1.005361   -146.273   241545.500
18   6   1.004445   -145.549   241545.500
18   7   1.004702   -144.851   241545.500
18   8   1.004438   -144.140   241545.500
18   9   1.004075   -143.426   241545.500
18   10   1.003945   -142.720   241545.500
18   11   1.003825   -142.011   241545.500
18   12   1.003367   -141.302   241545.500
18   13   1.002789   -140.594   241545.500
18   14   1.003135   -139.889   241545.500
18   15   1.002999   -139.180   241545.500
18   16   1.001965   -138.470   241545.500
18   17   1.002432   -137.767   241545.500
18   18   1.002455   -137.058   241545.500
18   19   1.001299   -136.348   241545.500
18   20   1.001272   -135.639   241545.500
18   21   1.001274   -134.933   241545.500
18   22   1.000866   -134.235   241545.500
18   23   1.000329   -133.526   241545.500
18   24   1.000137   -132.816   241545.500
18   25   1.000840   -132.115   241545.500
18   26   1.000451   -131.407   241545.500
18   27   0.999809   -130.698   241545.500
18   28   1.000424   -129.994   241545.500
18   29   0.999766   -129.285   241545.500
18   30   0.999332   -128.578   241545.500
18   31   1.000084   -127.870   241545.500
18   32   0.999772   -127.158   241545.500
18   33   0.999245   -126.447   241545.500
18   34   0.999721   -125.734   241545.500
18   35   0.999793   -125.024   241545.500
18   36   0.999328   -124.318   241545.500
18   37   0.999556   -123.615   241545.500
18   38   0.999418   -122.911   241545.500
18   39   0.999140   -122.203   241545.500
18   40   0.999343   -121.485   241545.500
18   41   0.999256   -120.776   241545.500
18   42   0.999221   -120.068   241545.500
18   43   0.999649   -119.360   241545.500
18   44   0.999456   -118.654   241545.500
18   45   0.999074   -117.945   241545.500
18   46   0.999266   -117.229   241545.500
18   47   0.999307   -116.509   241545.500
18   48   0.999307   -115.791   241545.500
18   49   0.999777   -115.070   241545.500
18   50   0.999699   -114.361   241545.500
18   51   0.999089   -113.650   241545.500
18   52   0.998956   -112.935   241545.500
18   53   0.999112   -112.222   241545.500
18   54   0.999259   -111.506   241545.500
18   55   0.998928   -110.793   241545.500
18   56   0.999016   -110.080   241545.500
18   57   0.999359   -109.363   241545.500
18   58   0.999074   -108.645   241545.500
18   59   0.999256   -107.934   241545.500
18   60   0.999479   -107.224   241545.500
18   61   0.998945   -106.507   241545.500
18   62   0.998917   -105.789   241545.500
18   63   0.998839   -105.078   241545.500
18   64   0.999009   -104.362   241545.500
19   1   -0.998142   -104.132   241528.500
19   2   -0.996938   -104.842   241528.500
19   3   -0.997237   -105.555   241528.500
19   4   -0.997510   -106.274   241528.500
19   5   -0.997365   -106.990   241528.500
19   6   -0.997320   -107.705   241528.500
19   7   -0.997250   -108.424   241528.500
19   8   -0.997078   -109.135   241528.500
19   9   -0.997219   -109.843   241528.500
19   10   -0.997081   -110.558   241528.500
19   11   -0.996987   -111.276   241528.500
19   12   -0.997325   -111.988   241528.500
19   13   -0.997456   -112.697   241528.500
19   14   -0.996956   -113.411   241528.500
19   15   -0.997600   -114.125   241528.500
19   16   -0.997888   -114.838   241528.500
19   17   -0.996404   -115.549   241528.500
19   18   -0.996457   -116.263   241528.500
19   19   -0.997153   -116.981   241528.500
19   20   -0.996907   -117.701   241528.500
19   21   -0.996712   -118.418   241528.500
19   22   -0.996953   -119.132   241528.500
19   23   -0.996686   -119.838   241528.500
19   24   -0.996576   -120.544   241528.500
19   25   -0.997091   -121.252   241528.500
19   26   -0.996831   -121.953   241528.500
19   27   -0.996336   -122.654   241528.500
19   28   -0.996069   -123.353   241528.500
19   29   -0.996090   -124.055   241528.500
19   30   -0.996117   -124.763   241528.500
19   31   -0.995943   -125.471   241528.500
19   32   -0.996289   -126.178   241528.500
19   33   -0.996506   -126.889   241528.500
19   34   -0.996294   -127.593   241528.500
19   35   -0.997109   -128.305   241528.500
19   36   -0.997228   -129.014   241528.500
19   37   -0.995990   -129.708   241528.500
19   38   -0.996556   -130.418   241528.500
19   39   -0.997152   -131.133   241528.500
19   40   -0.996608   -131.834   241528.500
19   41   -0.997297   -132.543   241528.500
19   42   -0.997457   -133.245   241528.500
19   43   -0.996150   -133.928   241528.500
19   44   -0.996667   -134.633   241528.500
19   45   -0.997572   -135.340   241528.500
19   46   -0.996865   -136.028   241528.500
19   47   -0.997549   -136.742   241528.500
19   48   -0.998069   -137.452   241528.500
19   49   -0.996832   -138.135   241528.500
19   50   -0.997378   -138.845   241528.500
19   51   -0.998129   -139.558   241528.500
19   52   -0.997559   -140.249   241528.500
19   53   -0.998032   -140.961   241528.500
19   54   -0.998590   -141.671   241528.500
19   55   -0.998048   -142.363   241528.500
19   56   -0.998200   -143.072   241528.500
19   57   -0.999714   -143.797   241528.500
19   58   -1.000921   -144.518   241528.500
19   59   -1.001769   -145.241   241528.500
19   60   -1.002150   -145.949   241528.500
19   61   -1.002153   -146.649   241528.500
19   62   -1.002493   -147.366   241528.500
19   63   -1.002842   -148.078   241528.500
19   64   -1.002502   -148.773   241528.500
20   1   1.004190   -148.931   241529.500
20   2   1.005286   -148.243   241529.500
20   3   1.005307   -147.535   241529.500
20   4   1.005592   -146.829   241529.500
20   5   1.004676   -146.109   241529.500
20   6   1.003682   -145.394   241529.500
20   7   1.004415   -144.695   241529.500
20   8   1.004321   -143.995   241529.500
20   9   1.003463   -143.286   241529.500
20   10   1.003650   -142.580   241529.500
20   11   1.004192   -141.884   241529.500
20   12   1.003779   -141.173   241529.500
20   13   1.003309   -140.458   241529.500
20   14   1.003416   -139.760   241529.500
20   15   1.002565   -139.044   241529.500
20   16   1.002311   -138.330   241529.500
20   17   1.003064   -137.640   241529.500
20   18   1.002341   -136.927   241529.500
20   19   1.002090   -136.215   241529.500
20   20   1.003049   -135.518   241529.500
20   21   1.002279   -134.798   241529.500
20   22   1.001572   -134.081   241529.500
20   23   1.002353   -133.383   241529.500
20   24   1.001869   -132.671   241529.500
20   25   1.001157   -131.955   241529.500
20   26   1.002034   -131.255   241529.500
20   27   1.001701   -130.549   241529.500
20   28   1.000819   -129.834   241529.500
20   29   1.001621   -129.126   241529.500
20   30   1.001732   -128.422   241529.500
20   31   1.001071   -127.713   241529.500
20   32   1.001470   -126.996   241529.500
20   33   1.001285   -126.281   241529.500
20   34   1.000699   -125.569   241529.500
20   35   1.001183   -124.864   241529.500
20   36   1.001046   -124.156   241529.500
20   37   1.000481   -123.447   241529.500
20   38   1.000995   -122.736   241529.500
20   39   1.001019   -122.023   241529.500
20   40   1.000021   -121.319   241529.500
20   41   1.000362   -120.603   241529.500
20   42   1.000889   -119.887   241529.500
20   43   1.000410   -119.184   241529.500
20   44   1.000609   -118.472   241529.500
20   45   1.000594   -117.759   241529.500
20   46   1.000153   -117.049   241529.500
20   47   1.000661   -116.325   241529.500
20   48   1.000754   -115.602   241529.500
20   49   1.000108   -114.891   241529.500
20   50   1.000468   -114.168   241529.500
20   51   1.000545   -113.444   241529.500
20   52   1.000074   -112.734   241529.500
20   53   1.000533   -112.017   241529.500
20   54   1.000683   -111.298   241529.500
20   55   1.000369   -110.585   241529.500
20   56   1.000402   -109.867   241529.500
20   57   1.000386   -109.149   241529.500
20   58   1.000291   -108.436   241529.500
20   59   1.000281   -107.720   241529.500
20   60   1.000267   -107.004   241529.500
20   61   1.000091   -106.293   241529.500
20   62   0.999779   -105.573   241529.500
20   63   0.999402   -104.855   241529.500
20   64   1.000443   -104.153   241529.500
