Real Geometry - ALFAOvFibUp from ATLAS DD Database
Layer, Fibre, Slope, Offset, ZL
Dieter Notz (21.01.2008)
xxxxxxxxxxxxxxxxxxxxxxxxxxxxxxxxxxxxxxxxxxxxxxxxxxxxx
6
1   1   -0.001459   -143.57   241562
1   2   -0.001653   -143.089   241562
1   3   -0.001377   -142.582   241562
1   4   -0.001182   -142.086   241562
1   5   -0.000847   -141.583   241562
1   6   -0.000642   -141.069   241562
1   7   -0.000213   -140.566   241562
1   8   9.8e-05   -140.07   241562
1   9   -3.7e-05   -139.581   241562
1   10   -0.000254   -139.097   241562
1   11   -0.000469   -138.604   241562
1   12   -0.00046   -138.098   241562
1   13   -5.3e-05   -137.582   241562
1   14   0.000203   -137.065   241562
1   15   -0.000298   -136.566   241562
1   16   -7.9e-05   -136.038   241561
1   17   0.000641   -135.514   241561
1   18   0.000832   -135.003   241561
1   19   0.000425   -134.503   241561
1   20   0.000266   -133.999   241561
1   21   -0.000114   -133.509   241561
1   22   -0.000944   -133.033   241561
1   23   -0.001232   -132.544   241561
1   24   -0.001461   -132.049   241561
1   25   -0.001078   -131.551   241561
1   26   -0.000744   -131.043   241561
1   27   -0.001117   -130.556   241561
1   28   -0.001479   -130.061   241561
1   29   -0.001958   -129.563   241561
1   30   -0.001906   -129.064   241561
3   1   0.003217   -143.641   241564
3   2   0.003426   -143.143   241564
3   3   0.003864   -142.638   241564
3   4   0.003863   -142.144   241564
3   5   0.003873   -141.647   241564
3   6   0.004464   -141.145   241564
3   7   0.004624   -140.646   241564
3   8   0.004198   -140.158   241564
3   9   0.004177   -139.664   241564
3   10   0.004848   -139.156   241564
3   11   0.004968   -138.646   241564
3   12   0.004293   -138.152   241564
3   13   0.00457   -137.639   241564
3   14   0.004941   -137.122   241564
3   15   0.004409   -136.627   241564
3   16   0.001101   -136.192   241563
3   17   0.000488   -135.714   241563
3   18   0.000175   -135.225   241563
3   19   0.000193   -134.732   241563
3   20   0.00037   -134.235   241563
3   21   0.00015   -133.745   241563
3   22   0.000407   -133.244   241563
3   23   0.000591   -132.75   241563
3   24   0.000127   -132.266   241563
3   25   0.000452   -131.767   241563
3   26   0.000642   -131.266   241563
3   27   -0.000205   -130.79   241563
3   28   -0.00046   -130.297   241563
3   29   -0.00062   -129.804   241563
3   30   -0.001118   -129.33   241563
5   1   0.001846   -143.776   241566
5   2   0.001378   -143.292   241566
5   3   2e-06   -142.829   241566
5   4   0.000139   -142.336   241566
5   5   0.001759   -141.806   241566
5   6   0.00201   -141.304   241566
5   7   0.002109   -140.819   241566
5   8   0.002239   -140.326   241566
5   9   0.002336   -139.832   241566
5   10   0.002568   -139.326   241566
5   11   0.002672   -138.839   241566
5   12   0.002399   -138.346   241566
5   13   0.002536   -137.84   241566
5   14   0.002044   -137.353   241566
5   15   0.000796   -136.888   241566
5   16   0.001328   -136.359   241565
5   17   0.000227   -135.878   241565
5   18   0.000388   -135.375   241565
5   19   0.000968   -134.877   241565
5   20   0.001402   -134.368   241565
5   21   0.001363   -133.866   241565
5   22   0.000826   -133.378   241565
5   23   0.000497   -132.885   241565
5   24   0.00052   -132.38   241565
5   25   0.000509   -131.883   241565
5   26   0.001168   -131.376   241565
5   27   0.00155   -130.869   241565
5   28   0.000905   -130.389   241565
5   29   0.000401   -129.918   241565
5   30   0.001652   -129.395   241565
2   1   -0.003616   -143.491   241562
2   2   -0.003558   -142.994   241562
2   3   -0.003846   -142.497   241562
2   4   -0.003682   -142.017   241562
2   5   -0.003557   -141.518   241562
2   6   -0.003989   -141.001   241562
2   7   -0.003619   -140.511   241562
2   8   -0.002936   -140.031   241562
2   9   -0.003217   -139.529   241562
2   10   -0.003041   -139.032   241562
2   11   -0.002584   -138.537   241562
2   12   -0.003231   -138.018   241562
2   13   -0.003359   -137.502   241562
2   14   -0.004754   -136.966   241562
2   15   -0.003528   -136.489   241562
2   16   0.000753   -136.053   241561
2   17   0.001458   -135.551   241561
2   18   0.00037   -135.017   241561
2   19   9.2e-05   -134.5   241561
2   20   0.000166   -133.986   241561
2   21   -9e-05   -133.469   241561
2   22   -0.000217   -132.96   241561
2   23   -0.00056   -132.452   241561
2   24   -0.001132   -131.942   241561
2   25   -0.001355   -131.439   241561
2   26   -0.001267   -130.952   241561
2   27   -0.001936   -130.439   241561
2   28   -0.001638   -129.937   241561
2   29   -0.001293   -129.434   241561
2   30   -0.002471   -128.895   241561
4   1   -0.013749   -143.404   241564
4   2   -0.012512   -142.936   241564
4   3   -0.011813   -142.455   241564
4   4   -0.011488   -141.967   241564
4   5   -0.011673   -141.474   241564
4   6   -0.011968   -140.979   241564
4   7   -0.011349   -140.501   241564
4   8   -0.010816   -140.009   241564
4   9   -0.011533   -139.5   241564
4   10   -0.011485   -139.017   241564
4   11   -0.011134   -138.522   241564
4   12   -0.010843   -138.02   241564
4   13   -0.011364   -137.5   241564
4   14   -0.011918   -136.982   241564
4   15   -0.00872   -136.539   241564
4   16   0.000482   -136.209   241563
4   17   0.000734   -135.716   241563
4   18   0.000604   -135.207   241563
4   19   0.00091   -134.717   241563
4   20   0.00103   -134.223   241563
4   21   0.000425   -133.707   241563
4   22   4.9e-05   -133.202   241563
4   23   -4.2e-05   -132.704   241563
4   24   9.1e-05   -132.218   241563
4   25   -0.000305   -131.711   241563
4   26   -3e-05   -131.22   241563
4   27   0.000741   -130.74   241563
4   28   -0.00068   -130.207   241563
4   29   -0.002817   -129.651   241563
4   30   -0.005605   -129.077   241563
6   1   -0.007842   -143.649   241566
6   2   -0.007439   -143.162   241566
6   3   -0.006849   -142.678   241566
6   4   -0.006062   -142.208   241566
6   5   -0.005768   -141.728   241566
6   6   -0.005904   -141.229   241566
6   7   -0.005968   -140.74   241566
6   8   -0.006075   -140.254   241566
6   9   -0.005701   -139.771   241566
6   10   -0.005355   -139.274   241566
6   11   -0.005124   -138.781   241566
6   12   -0.005211   -138.273   241566
6   13   -0.004968   -137.776   241566
6   14   -0.005045   -137.279   241566
6   15   -0.002362   -136.84   241566
6   16   -0.000725   -136.365   241565
6   17   -0.003459   -135.798   241565
6   18   -0.00399   -135.281   241565
6   19   -0.004331   -134.775   241565
6   20   -0.004973   -134.265   241565
6   21   -0.005206   -133.763   241565
6   22   -0.005379   -133.255   241565
6   23   -0.005082   -132.758   241565
6   24   -0.005046   -132.258   241565
6   25   -0.005635   -131.747   241565
6   26   -0.005269   -131.26   241565
6   27   -0.004966   -130.764   241565
6   28   -0.005713   -130.246   241565
6   29   -0.006505   -129.731   241565
6   30   -0.005131   -129.268   241565
