Ideal Geometry
Layer, Fibre,Ax + B
Dieter Notz (16.06.2008)
xxxxxxxxxxxxxxxxxxxxxxxxxxxxxxxxxxxxxxxxxx
20
1   1   -0.999393   -104.139   241528
1   2   -0.99774   -104.869   241528
1   3   -0.998156   -105.576   241528
1   4   -0.998562   -106.286   241528
1   5   -0.998266   -107.003   241528
1   6   -0.998276   -107.692   241528
1   7   -0.998282   -108.373   241528
1   8   -0.998146   -109.084   241528
1   9   -0.998481   -109.798   241528
1   10   -0.998557   -110.505   241528
1   11   -0.998457   -111.223   241528
1   12   -0.998599   -111.923   241528
1   13   -0.998407   -112.617   241528
1   14   -0.998369   -113.322   241528
1   15   -0.99881   -114.022   241528
1   16   -0.998881   -114.736   241528
1   17   -0.998807   -115.459   241528
1   18   -0.998878   -116.161   241528
1   19   -0.998751   -116.862   241528
1   20   -0.998774   -117.571   241528
1   21   -0.999098   -118.26   241528
1   22   -0.999017   -118.964   241528
1   23   -0.998994   -119.694   241528
1   24   -0.999249   -120.416   241528
1   25   -0.999182   -121.122   241528
1   26   -0.999337   -121.831   241528
1   27   -0.999376   -122.527   241528
1   28   -0.998813   -123.215   241528
1   29   -0.998773   -123.939   241528
1   30   -0.99929   -124.662   241528
1   31   -0.998584   -125.368   241528
1   32   -0.998098   -126.086   241528
1   33   -0.998731   -126.791   241528
1   34   -0.998217   -127.483   241528
1   35   -0.998054   -128.188   241528
1   36   -0.998591   -128.9   241528
1   37   -0.998106   -129.617   241528
1   38   -0.998184   -130.341   241528
1   39   -0.998572   -131.052   241528
1   40   -0.998322   -131.745   241528
1   41   -0.998655   -132.446   241528
1   42   -0.999003   -133.142   241528
1   43   -0.998274   -133.84   241528
1   44   -0.998693   -134.565   241528
1   45   -0.999657   -135.29   241528
1   46   -0.998933   -135.991   241528
1   47   -0.999049   -136.699   241528
1   48   -1.00039   -137.411   241528
1   49   -1   -138.098   241528
1   50   -0.999772   -138.802   241528
1   51   -1.00082   -139.531   241528
1   52   -1.00031   -140.24   241528
1   53   -0.999831   -140.947   241528
1   54   -1.0011   -141.662   241528
1   55   -1.00173   -142.364   241528
1   56   -1.00183   -143.064   241528
1   57   -1.00291   -143.785   241528
1   58   -1.00307   -144.506   241528
1   59   -1.00273   -145.226   241528
1   60   -1.00341   -145.946   241528
1   61   -1.00378   -146.654   241528
1   62   -1.00413   -147.363   241528
1   63   -1.00482   -148.064   241528
1   64   -1.00459   -148.736   241528
2   1   1.00721   -148.794   241530
2   2   1.00977   -148.159   241530
2   3   1.00819   -147.437   241530
2   4   1.0071   -146.705   241530
2   5   1.00807   -146.016   241530
2   6   1.00726   -145.289   241530
2   7   1.00608   -144.543   241530
2   8   1.0076   -143.847   241530
2   9   1.00706   -143.128   241530
2   10   1.0056   -142.413   241530
2   11   1.00662   -141.736   241530
2   12   1.00643   -141.026   241530
2   13   1.00528   -140.294   241530
2   14   1.0064   -139.589   241530
2   15   1.00581   -138.854   241530
2   16   1.00455   -138.13   241530
2   17   1.00537   -137.444   241530
2   18   1.00474   -136.733   241530
2   19   1.00374   -136.024   241530
2   20   1.00455   -135.321   241530
2   21   1.00405   -134.594   241530
2   22   1.00302   -133.867   241530
2   23   1.00405   -133.171   241530
2   24   1.00392   -132.472   241530
2   25   1.00304   -131.768   241530
2   26   1.00362   -131.067   241530
2   27   1.00338   -130.348   241530
2   28   1.00265   -129.633   241530
2   29   1.00269   -128.919   241530
2   30   1.00198   -128.202   241530
2   31   1.00135   -127.504   241530
2   32   1.00212   -126.813   241530
2   33   1.00186   -126.102   241530
2   34   1.00126   -125.387   241530
2   35   1.0021   -124.673   241530
2   36   1.0018   -123.947   241530
2   37   1.00116   -123.239   241530
2   38   1.00155   -122.538   241530
2   39   1.00148   -121.833   241530
2   40   1.00135   -121.136   241530
2   41   1.00157   -120.422   241530
2   42   1.00147   -119.693   241530
2   43   1.00119   -118.963   241530
2   44   1.0009   -118.252   241530
2   45   1.00171   -117.557   241530
2   46   1.00167   -116.872   241530
2   47   1.0007   -116.171   241530
2   48   1.00082   -115.45   241530
2   49   1.0005   -114.737   241530
2   50   1.0004   -114.016   241530
2   51   1.00053   -113.313   241530
2   52   1.00039   -112.623   241530
2   53   0.999761   -111.929   241530
2   54   0.999774   -111.226   241530
2   55   1.00053   -110.513   241530
2   56   1.00023   -109.793   241530
2   57   0.999837   -109.066   241530
2   58   0.999991   -108.356   241530
2   59   0.999394   -107.665   241530
2   60   0.998942   -106.969   241530
2   61   0.999451   -106.262   241530
2   62   0.999313   -105.547   241530
2   63   0.999098   -104.83   241530
2   64   1.00042   -104.113   241530
3   1   -1.00052   -104.418   241530
3   2   -0.998226   -105.154   241530
3   3   -0.998055   -105.871   241530
3   4   -0.998262   -106.586   241530
3   5   -0.998892   -107.288   241530
3   6   -0.998476   -107.99   241530
3   7   -0.998314   -108.687   241530
3   8   -0.999093   -109.387   241530
3   9   -0.999203   -110.11   241530
3   10   -0.999656   -110.828   241530
3   11   -1.00089   -111.531   241530
3   12   -1.00053   -112.239   241530
3   13   -1.00011   -112.94   241530
3   14   -1.00118   -113.623   241530
3   15   -1.00078   -114.335   241530
3   16   -1.00014   -115.061   241530
3   17   -1.00142   -115.773   241530
3   18   -1.00107   -116.495   241530
3   19   -1.0005   -117.208   241530
3   20   -1.00154   -117.898   241530
3   21   -1.00142   -118.594   241530
3   22   -1.00138   -119.307   241530
3   23   -1.00239   -120.029   241530
3   24   -1.00239   -120.749   241530
3   25   -1.00225   -121.461   241530
3   26   -1.0026   -122.173   241530
3   27   -1.00257   -122.869   241530
3   28   -1.00253   -123.55   241530
3   29   -1.00253   -124.259   241530
3   30   -1.003   -124.988   241530
3   31   -1.00357   -125.706   241530
3   32   -1.00297   -126.415   241530
3   33   -1.00302   -127.117   241530
3   34   -1.00399   -127.821   241530
3   35   -1.003   -128.523   241530
3   36   -1.00293   -129.221   241530
3   37   -1.0041   -129.935   241530
3   38   -1.00356   -130.655   241530
3   39   -1.00396   -131.368   241530
3   40   -1.00466   -132.082   241530
3   41   -1.00352   -132.778   241530
3   42   -1.00387   -133.471   241530
3   43   -1.00496   -134.192   241530
3   44   -1.00422   -134.918   241530
3   45   -1.00472   -135.638   241530
3   46   -1.00551   -136.36   241530
3   47   -1.00433   -137.062   241530
3   48   -1.00428   -137.765   241530
3   49   -1.00489   -138.467   241530
3   50   -1.0048   -139.169   241530
3   51   -1.00505   -139.891   241530
3   52   -1.0054   -140.614   241530
3   53   -1.00544   -141.329   241530
3   54   -1.00559   -142.04   241530
3   55   -1.00632   -142.748   241530
3   56   -1.0066   -143.451   241530
3   57   -1.00656   -144.171   241530
3   58   -1.00711   -144.908   241530
3   59   -1.00772   -145.634   241530
3   60   -1.00785   -146.353   241530
3   61   -1.00787   -147.068   241530
3   62   -1.00831   -147.776   241530
3   63   -1.00899   -148.48   241530
3   64   -1.00971   -149.192   241530
4   1   0.999137   -148.351   241532
4   2   1.00065   -147.705   241532
4   3   1.00101   -147.027   241532
4   4   1.00015   -146.32   241532
4   5   1.00017   -145.62   241532
4   6   0.99975   -144.899   241532
4   7   0.998539   -144.161   241532
4   8   0.999182   -143.448   241532
4   9   0.998644   -142.722   241532
4   10   0.997411   -142.005   241532
4   11   0.99837   -141.326   241532
4   12   0.997913   -140.616   241532
4   13   0.997747   -139.901   241532
4   14   0.998657   -139.199   241532
4   15   0.997388   -138.463   241532
4   16   0.996139   -137.75   241532
4   17   0.996759   -137.073   241532
4   18   0.996592   -136.375   241532
4   19   0.995767   -135.671   241532
4   20   0.996802   -134.972   241532
4   21   0.996704   -134.254   241532
4   22   0.996071   -133.541   241532
4   23   0.996448   -132.838   241532
4   24   0.996349   -132.137   241532
4   25   0.995968   -131.448   241532
4   26   0.996269   -130.748   241532
4   27   0.996215   -130.031   241532
4   28   0.995704   -129.319   241532
4   29   0.995871   -128.6   241532
4   30   0.996092   -127.903   241532
4   31   0.996043   -127.22   241532
4   32   0.996126   -126.517   241532
4   33   0.996177   -125.813   241532
4   34   0.996055   -125.111   241532
4   35   0.996264   -124.397   241532
4   36   0.996384   -123.671   241532
4   37   0.99623   -122.969   241532
4   38   0.995854   -122.28   241532
4   39   0.995947   -121.581   241532
4   40   0.996614   -120.87   241532
4   41   0.996213   -120.152   241532
4   42   0.995999   -119.439   241532
4   43   0.996701   -118.721   241532
4   44   0.996293   -118.023   241532
4   45   0.996048   -117.342   241532
4   46   0.99675   -116.644   241532
4   47   0.996477   -115.936   241532
4   48   0.996399   -115.224   241532
4   49   0.997163   -114.503   241532
4   50   0.996654   -113.784   241532
4   51   0.996527   -113.082   241532
4   52   0.997174   -112.385   241532
4   53   0.996624   -111.695   241532
4   54   0.996065   -111   241532
4   55   0.996484   -110.286   241532
4   56   0.99677   -109.566   241532
4   57   0.996587   -108.843   241532
4   58   0.996613   -108.134   241532
4   59   0.99667   -107.442   241532
4   60   0.996624   -106.751   241532
4   61   0.996596   -106.044   241532
4   62   0.996384   -105.329   241532
4   63   0.996443   -104.608   241532
4   64   0.99712   -103.896   241532
5   1   -0.998527   -103.992   241532
5   2   -0.997689   -104.698   241532
5   3   -0.997951   -105.412   241532
5   4   -0.998249   -106.125   241532
5   5   -0.99814   -106.835   241532
5   6   -0.998097   -107.545   241532
5   7   -0.997917   -108.243   241532
5   8   -0.997643   -108.944   241532
5   9   -0.997655   -109.67   241532
5   10   -0.997663   -110.391   241532
5   11   -0.997492   -111.102   241532
5   12   -0.997753   -111.805   241532
5   13   -0.997894   -112.502   241532
5   14   -0.99819   -113.193   241532
5   15   -0.998334   -113.91   241532
5   16   -0.998023   -114.644   241532
5   17   -0.998148   -115.364   241532
5   18   -0.998113   -116.081   241532
5   19   -0.997844   -116.785   241532
5   20   -0.997845   -117.481   241532
5   21   -0.997995   -118.174   241532
5   22   -0.997996   -118.879   241532
5   23   -0.998261   -119.6   241532
5   24   -0.998401   -120.312   241532
5   25   -0.998421   -121.016   241532
5   26   -0.99875   -121.723   241532
5   27   -0.998399   -122.422   241532
5   28   -0.997739   -123.107   241532
5   29   -0.998127   -123.81   241532
5   30   -0.997972   -124.529   241532
5   31   -0.997408   -125.244   241532
5   32   -0.997912   -125.952   241532
5   33   -0.997768   -126.654   241532
5   34   -0.997354   -127.355   241532
5   35   -0.998031   -128.06   241532
5   36   -0.99809   -128.77   241532
5   37   -0.997371   -129.487   241532
5   38   -0.997074   -130.201   241532
5   39   -0.997481   -130.906   241532
5   40   -0.997858   -131.608   241532
5   41   -0.996971   -132.296   241532
5   42   -0.996825   -132.975   241532
5   43   -0.997575   -133.679   241532
5   44   -0.997027   -134.395   241532
5   45   -0.997149   -135.104   241532
5   46   -0.998081   -135.825   241532
5   47   -0.997452   -136.532   241532
5   48   -0.997741   -137.227   241532
5   49   -0.997991   -137.932   241532
5   50   -0.997291   -138.638   241532
5   51   -0.998136   -139.357   241532
5   52   -0.998835   -140.077   241532
5   53   -0.998565   -140.785   241532
5   54   -0.998678   -141.491   241532
5   55   -0.999017   -142.2   241532
5   56   -0.998121   -142.891   241532
5   57   -0.998677   -143.6   241532
5   58   -1.00046   -144.338   241532
5   59   -1.00038   -145.061   241532
5   60   -1.00002   -145.769   241532
5   61   -1.00015   -146.472   241532
5   62   -1.00233   -147.207   241532
5   63   -1.00275   -147.901   241532
5   64   -1.00153   -148.563   241532
6   1   1.00152   -148.804   241534
6   2   1.00341   -148.154   241534
6   3   1.00312   -147.456   241534
6   4   1.00152   -146.728   241534
6   5   1.00271   -146.041   241534
6   6   1.00259   -145.32   241534
6   7   1.0008   -144.571   241534
6   8   1.00156   -143.861   241534
6   9   1.00162   -143.145   241534
6   10   1.00009   -142.431   241534
6   11   1.00119   -141.755   241534
6   12   1.00124   -141.042   241534
6   13   0.999697   -140.308   241534
6   14   1.00082   -139.606   241534
6   15   1.00058   -138.874   241534
6   16   0.999065   -138.154   241534
6   17   1.00039   -137.482   241534
6   18   1.00043   -136.786   241534
6   19   0.999419   -136.081   241534
6   20   1.00122   -135.387   241534
6   21   1.00055   -134.655   241534
6   22   0.998879   -133.922   241534
6   23   0.999888   -133.229   241534
6   24   0.999194   -132.531   241534
6   25   0.99831   -131.835   241534
6   26   0.99968   -131.142   241534
6   27   0.999302   -130.424   241534
6   28   0.99807   -129.711   241534
6   29   0.999421   -128.997   241534
6   30   0.999411   -128.289   241534
6   31   0.998381   -127.606   241534
6   32   0.999328   -126.916   241534
6   33   0.998956   -126.204   241534
6   34   0.997887   -125.491   241534
6   35   0.999017   -124.777   241534
6   36   0.998729   -124.052   241534
6   37   0.99784   -123.351   241534
6   38   0.998442   -122.658   241534
6   39   0.998398   -121.958   241534
6   40   0.998263   -121.258   241534
6   41   0.998582   -120.54   241534
6   42   0.998452   -119.821   241534
6   43   0.998105   -119.109   241534
6   44   0.998038   -118.403   241534
6   45   0.997905   -117.712   241534
6   46   0.997709   -117.025   241534
6   47   0.997889   -116.315   241534
6   48   0.998133   -115.598   241534
6   49   0.997664   -114.894   241534
6   50   0.99746   -114.17   241534
6   51   0.99797   -113.456   241534
6   52   0.997833   -112.769   241534
6   53   0.997478   -112.072   241534
6   54   0.997528   -111.371   241534
6   55   0.997397   -110.674   241534
6   56   0.997518   -109.954   241534
6   57   0.997884   -109.22   241534
6   58   0.997596   -108.523   241534
6   59   0.997476   -107.835   241534
6   60   0.997698   -107.134   241534
6   61   0.997251   -106.437   241534
6   62   0.997295   -105.722   241534
6   63   0.997506   -104.999   241534
6   64   0.999446   -104.285   241534
7   1   -1.00113   -104.304   241534
7   2   -1.00018   -105.014   241534
7   3   -1.00049   -105.73   241534
7   4   -1.00085   -106.444   241534
7   5   -1.00093   -107.152   241534
7   6   -1.00071   -107.853   241534
7   7   -1.00111   -108.543   241534
7   8   -1.00171   -109.245   241534
7   9   -1.00114   -109.967   241534
7   10   -1.00094   -110.686   241534
7   11   -1.00138   -111.394   241534
7   12   -1.00087   -112.1   241534
7   13   -1.00025   -112.798   241534
7   14   -1.00101   -113.486   241534
7   15   -1.00089   -114.195   241534
7   16   -1.00025   -114.917   241534
7   17   -1.00094   -115.631   241534
7   18   -1.00078   -116.351   241534
7   19   -1.00019   -117.063   241534
7   20   -1.00053   -117.761   241534
7   21   -1.00031   -118.451   241534
7   22   -0.999953   -119.152   241534
7   23   -1.00077   -119.874   241534
7   24   -1.00056   -120.592   241534
7   25   -0.999839   -121.298   241534
7   26   -1.00031   -122.006   241534
7   27   -1.00045   -122.705   241534
7   28   -0.999662   -123.395   241534
7   29   -0.999873   -124.109   241534
7   30   -1.00016   -124.829   241534
7   31   -0.999461   -125.536   241534
7   32   -0.999612   -126.252   241534
7   33   -1.00027   -126.949   241534
7   34   -1.00025   -127.634   241534
7   35   -0.999811   -128.32   241534
7   36   -0.999641   -129.016   241534
7   37   -0.999768   -129.738   241534
7   38   -1.00048   -130.461   241534
7   39   -1.00077   -131.173   241534
7   40   -1.00078   -131.877   241534
7   41   -1.00061   -132.576   241534
7   42   -1.0005   -133.268   241534
7   43   -1.0009   -133.983   241534
7   44   -1.0008   -134.705   241534
7   45   -1.00113   -135.417   241534
7   46   -1.00174   -136.136   241534
7   47   -1.00171   -136.845   241534
7   48   -1.00241   -137.542   241534
7   49   -1.00318   -138.238   241534
7   50   -1.00301   -138.954   241534
7   51   -1.00356   -139.686   241534
7   52   -1.0043   -140.413   241534
7   53   -1.00524   -141.146   241534
7   54   -1.00623   -141.862   241534
7   55   -1.00581   -142.547   241534
7   56   -1.00634   -143.25   241534
7   57   -1.00711   -143.966   241534
7   58   -1.0068   -144.685   241534
7   59   -1.00794   -145.428   241534
7   60   -1.00853   -146.146   241534
7   61   -1.00815   -146.841   241534
7   62   -1.00917   -147.568   241534
7   63   -1.00894   -148.256   241534
7   64   -1.00765   -148.929   241534
8   1   0.999181   -148.498   241536
8   2   1.00037   -147.835   241536
8   3   1.00096   -147.149   241536
8   4   1.00081   -146.445   241536
8   5   1.00004   -145.737   241536
8   6   0.99872   -145.008   241536
8   7   0.998817   -144.29   241536
8   8   0.999852   -143.589   241536
8   9   0.999609   -142.883   241536
8   10   0.999132   -142.179   241536
8   11   0.998731   -141.481   241536
8   12   0.997886   -140.769   241536
8   13   0.998139   -140.054   241536
8   14   0.998734   -139.346   241536
8   15   0.998007   -138.614   241536
8   16   0.99816   -137.904   241536
8   17   0.998874   -137.234   241536
8   18   0.998103   -136.533   241536
8   19   0.998052   -135.828   241536
8   20   0.998318   -135.132   241536
8   21   0.997691   -134.411   241536
8   22   0.997636   -133.679   241536
8   23   0.998122   -132.974   241536
8   24   0.997913   -132.279   241536
8   25   0.998224   -131.583   241536
8   26   0.998593   -130.888   241536
8   27   0.998024   -130.179   241536
8   28   0.998657   -129.461   241536
8   29   0.99921   -128.743   241536
8   30   0.999102   -128.047   241536
8   31   0.999764   -127.364   241536
8   32   0.999825   -126.67   241536
8   33   0.999233   -125.965   241536
8   34   0.999642   -125.259   241536
8   35   0.999972   -124.554   241536
8   36   1.00047   -123.839   241536
8   37   1.00089   -123.129   241536
8   38   0.998996   -122.434   241536
8   39   0.997896   -121.745   241536
8   40   0.998588   -121.038   241536
8   41   0.998166   -120.325   241536
8   42   0.997911   -119.614   241536
8   43   0.998676   -118.891   241536
8   44   0.998079   -118.184   241536
8   45   0.997809   -117.497   241536
8   46   0.998701   -116.794   241536
8   47   0.998393   -116.092   241536
8   48   0.997748   -115.389   241536
8   49   0.998152   -114.671   241536
8   50   0.998165   -113.953   241536
8   51   0.997982   -113.245   241536
8   52   0.998612   -112.55   241536
8   53   0.998366   -111.855   241536
8   54   0.997968   -111.15   241536
8   55   0.998557   -110.436   241536
8   56   0.99842   -109.718   241536
8   57   0.998069   -108.984   241536
8   58   0.998357   -108.266   241536
8   59   0.99825   -107.584   241536
8   60   0.998104   -106.891   241536
8   61   0.998269   -106.175   241536
8   62   0.998195   -105.465   241536
8   63   0.998139   -104.752   241536
8   64   0.999497   -104.027   241536
9   1   -0.997077   -103.872   241536
9   2   -0.996323   -104.578   241536
9   3   -0.996396   -105.296   241536
9   4   -0.996424   -106.016   241536
9   5   -0.996704   -106.714   241536
9   6   -0.996519   -107.416   241536
9   7   -0.996192   -108.107   241536
9   8   -0.99659   -108.803   241536
9   9   -0.996623   -109.528   241536
9   10   -0.996379   -110.247   241536
9   11   -0.996832   -110.953   241536
9   12   -0.996806   -111.656   241536
9   13   -0.996358   -112.358   241536
9   14   -0.996634   -113.042   241536
9   15   -0.996731   -113.746   241536
9   16   -0.996446   -114.472   241536
9   17   -0.996684   -115.185   241536
9   18   -0.996771   -115.896   241536
9   19   -0.996448   -116.601   241536
9   20   -0.996615   -117.295   241536
9   21   -0.996859   -117.979   241536
9   22   -0.996569   -118.677   241536
9   23   -0.996687   -119.396   241536
9   24   -0.996611   -120.108   241536
9   25   -0.996403   -120.811   241536
9   26   -0.996955   -121.515   241536
9   27   -0.996882   -122.212   241536
9   28   -0.996074   -122.893   241536
9   29   -0.996297   -123.597   241536
9   30   -0.996554   -124.319   241536
9   31   -0.99596   -125.032   241536
9   32   -0.996214   -125.747   241536
9   33   -0.996389   -126.448   241536
9   34   -0.995895   -127.139   241536
9   35   -0.995953   -127.829   241536
9   36   -0.996224   -128.532   241536
9   37   -0.996163   -129.25   241536
9   38   -0.996565   -129.964   241536
9   39   -0.996948   -130.667   241536
9   40   -0.996638   -131.36   241536
9   41   -0.996699   -132.058   241536
9   42   -0.996989   -132.752   241536
9   43   -0.997018   -133.458   241536
9   44   -0.997677   -134.189   241536
9   45   -0.997928   -134.908   241536
9   46   -0.996908   -135.601   241536
9   47   -0.997727   -136.31   241536
9   48   -0.998752   -137.019   241536
9   49   -0.998054   -137.702   241536
9   50   -0.998807   -138.413   241536
9   51   -0.999514   -139.141   241536
9   52   -0.998344   -139.835   241536
9   53   -0.998297   -140.538   241536
9   54   -0.999577   -141.261   241536
9   55   -0.9998   -141.963   241536
9   56   -1.0001   -142.652   241536
9   57   -1.00065   -143.364   241536
9   58   -1.00027   -144.078   241536
9   59   -1.00123   -144.81   241536
9   60   -1.00183   -145.537   241536
9   61   -1.00126   -146.235   241536
9   62   -1.00275   -146.957   241536
9   63   -1.00326   -147.656   241536
9   64   -1.00223   -148.32   241536
10   1   1.00401   -149.056   241538
10   2   1.00389   -148.384   241538
10   3   1.00353   -147.684   241538
10   4   1.00337   -146.982   241538
10   5   1.00367   -146.278   241538
10   6   1.00351   -145.556   241538
10   7   1.00248   -144.82   241538
10   8   1.00249   -144.1   241538
10   9   1.00262   -143.401   241538
10   10   1.00246   -142.709   241538
10   11   1.00195   -142.006   241538
10   12   1.00157   -141.304   241538
10   13   1.00146   -140.586   241538
10   14   1.00137   -139.861   241538
10   15   1.00103   -139.134   241538
10   16   1.0008   -138.42   241538
10   17   1.00076   -137.725   241538
10   18   1.00047   -137.025   241538
10   19   1.00023   -136.322   241538
10   20   1.00015   -135.61   241538
10   21   1.00023   -134.891   241538
10   22   1.00005   -134.174   241538
10   23   0.999855   -133.464   241538
10   24   0.999732   -132.764   241538
10   25   0.999453   -132.069   241538
10   26   0.999388   -131.365   241538
10   27   0.999278   -130.65   241538
10   28   0.999083   -129.933   241538
10   29   0.999318   -129.208   241538
10   30   0.999064   -128.499   241538
10   31   0.998778   -127.815   241538
10   32   0.999215   -127.117   241538
10   33   0.998971   -126.406   241538
10   34   0.998599   -125.691   241538
10   35   0.99904   -124.973   241538
10   36   0.998725   -124.249   241538
10   37   0.998263   -123.537   241538
10   38   0.998559   -122.842   241538
10   39   0.998196   -122.143   241538
10   40   0.997736   -121.44   241538
10   41   0.998149   -120.733   241538
10   42   0.998213   -120.014   241538
10   43   0.997587   -119.289   241538
10   44   0.997988   -118.587   241538
10   45   0.998127   -117.9   241538
10   46   0.997443   -117.201   241538
10   47   0.997756   -116.491   241538
10   48   0.997969   -115.776   241538
10   49   0.997693   -115.065   241538
10   50   0.998546   -114.353   241538
10   51   0.998927   -113.652   241538
10   52   0.998263   -112.958   241538
10   53   0.998588   -112.256   241538
10   54   0.998578   -111.549   241538
10   55   0.997845   -110.838   241538
10   56   0.998208   -110.117   241538
10   57   0.998411   -109.384   241538
10   58   0.997694   -108.677   241538
10   59   0.99786   -107.991   241538
10   60   0.998275   -107.291   241538
10   61   0.997815   -106.583   241538
10   62   0.997897   -105.873   241538
10   63   0.998162   -105.155   241538
10   64   0.998445   -104.44   241538
11   1   -0.999535   -104.496   241538
11   2   -0.999143   -105.221   241538
11   3   -0.99879   -105.943   241538
11   4   -0.998607   -106.656   241538
11   5   -0.999384   -107.355   241538
11   6   -0.999077   -108.052   241538
11   7   -0.998427   -108.745   241538
11   8   -0.998762   -109.449   241538
11   9   -0.998362   -110.178   241538
11   10   -0.998028   -110.9   241538
11   11   -0.998741   -111.608   241538
11   12   -0.998689   -112.31   241538
11   13   -0.998294   -113.01   241538
11   14   -0.998664   -113.699   241538
11   15   -0.998536   -114.402   241538
11   16   -0.998046   -115.124   241538
11   17   -0.998791   -115.84   241538
11   18   -0.998921   -116.548   241538
11   19   -0.99846   -117.253   241538
11   20   -0.999044   -117.96   241538
11   21   -0.99892   -118.647   241538
11   22   -0.998423   -119.352   241538
11   23   -0.998941   -120.083   241538
11   24   -0.999005   -120.799   241538
11   25   -0.998661   -121.508   241538
11   26   -0.999106   -122.214   241538
11   27   -0.999163   -122.913   241538
11   28   -0.998554   -123.602   241538
11   29   -0.998864   -124.307   241538
11   30   -0.999125   -125.026   241538
11   31   -0.998665   -125.735   241538
11   32   -0.998831   -126.45   241538
11   33   -0.999078   -127.15   241538
11   34   -0.998705   -127.836   241538
11   35   -0.998717   -128.526   241538
11   36   -0.999223   -129.235   241538
11   37   -0.999001   -129.957   241538
11   38   -0.998778   -130.674   241538
11   39   -0.999405   -131.384   241538
11   40   -0.999295   -132.077   241538
11   41   -0.998781   -132.78   241538
11   42   -0.999534   -133.481   241538
11   43   -0.999682   -134.183   241538
11   44   -0.999048   -134.907   241538
11   45   -0.999426   -135.626   241538
11   46   -0.999536   -136.336   241538
11   47   -0.999063   -137.04   241538
11   48   -0.999876   -137.749   241538
11   49   -1.00018   -138.449   241538
11   50   -0.999597   -139.156   241538
11   51   -1.00036   -139.879   241538
11   52   -1.00121   -140.591   241538
11   53   -1.0009   -141.303   241538
11   54   -1.00117   -142.015   241538
11   55   -1.0014   -142.715   241538
11   56   -1.00103   -143.425   241538
11   57   -1.00184   -144.158   241538
11   58   -1.00255   -144.884   241538
11   59   -1.00249   -145.609   241538
11   60   -1.00317   -146.332   241538
11   61   -1.00375   -147.042   241538
11   62   -1.00296   -147.735   241538
11   63   -1.00256   -148.416   241538
11   64   -1.00177   -149.08   241538
12   1   0.998498   -148.248   241540
12   2   0.999413   -147.588   241540
12   3   0.998847   -146.891   241540
12   4   0.998372   -146.187   241540
12   5   0.999156   -145.493   241540
12   6   0.998341   -144.774   241540
12   7   0.997365   -144.049   241540
12   8   0.998055   -143.338   241540
12   9   0.997588   -142.62   241540
12   10   0.996423   -141.913   241540
12   11   0.996855   -141.22   241540
12   12   0.996716   -140.511   241540
12   13   0.995912   -139.793   241540
12   14   0.996575   -139.083   241540
12   15   0.996452   -138.362   241540
12   16   0.99556   -137.655   241540
12   17   0.996   -136.969   241540
12   18   0.996124   -136.268   241540
12   19   0.995859   -135.567   241540
12   20   0.996933   -134.865   241540
12   21   0.996884   -134.134   241540
12   22   0.995962   -133.404   241540
12   23   0.996423   -132.712   241540
12   24   0.996122   -132.019   241540
12   25   0.995874   -131.319   241540
12   26   0.996614   -130.62   241540
12   27   0.995917   -129.901   241540
12   28   0.995405   -129.191   241540
12   29   0.996409   -128.489   241540
12   30   0.996109   -127.787   241540
12   31   0.995608   -127.098   241540
12   32   0.996221   -126.403   241540
12   33   0.996518   -125.7   241540
12   34   0.996158   -124.994   241540
12   35   0.996382   -124.284   241540
12   36   0.996592   -123.564   241540
12   37   0.996495   -122.866   241540
12   38   0.996578   -122.186   241540
12   39   0.996798   -121.494   241540
12   40   0.997195   -120.794   241540
12   41   0.997213   -120.082   241540
12   42   0.996875   -119.362   241540
12   43   0.996925   -118.642   241540
12   44   0.996933   -117.936   241540
12   45   0.996726   -117.244   241540
12   46   0.997392   -116.55   241540
12   47   0.996904   -115.842   241540
12   48   0.996289   -115.126   241540
12   49   0.996802   -114.413   241540
12   50   0.996472   -113.685   241540
12   51   0.996582   -112.978   241540
12   52   0.997143   -112.297   241540
12   53   0.997235   -111.607   241540
12   54   0.996925   -110.905   241540
12   55   0.996629   -110.191   241540
12   56   0.996647   -109.468   241540
12   57   0.996813   -108.742   241540
12   58   0.997002   -108.041   241540
12   59   0.996853   -107.351   241540
12   60   0.9968   -106.65   241540
12   61   0.996987   -105.95   241540
12   62   0.996874   -105.244   241540
12   63   0.996758   -104.527   241540
12   64   0.998548   -103.807   241540
13   1   -0.99493   -104.151   241540
13   2   -0.993566   -104.875   241540
13   3   -0.993672   -105.588   241540
13   4   -0.993811   -106.298   241540
13   5   -0.994023   -107.002   241540
13   6   -0.994052   -107.692   241540
13   7   -0.993993   -108.377   241540
13   8   -0.994043   -109.084   241540
13   9   -0.994034   -109.807   241540
13   10   -0.993923   -110.521   241540
13   11   -0.99391   -111.228   241540
13   12   -0.994243   -111.922   241540
13   13   -0.994594   -112.612   241540
13   14   -0.994195   -113.306   241540
13   15   -0.993935   -114.015   241540
13   16   -0.994181   -114.738   241540
13   17   -0.994135   -115.451   241540
13   18   -0.994316   -116.159   241540
13   19   -0.994378   -116.86   241540
13   20   -0.994108   -117.557   241540
13   21   -0.994277   -118.241   241540
13   22   -0.994671   -118.938   241540
13   23   -0.994805   -119.662   241540
13   24   -0.99471   -120.376   241540
13   25   -0.994572   -121.084   241540
13   26   -0.994572   -121.786   241540
13   27   -0.994786   -122.472   241540
13   28   -0.994505   -123.154   241540
13   29   -0.993931   -123.856   241540
13   30   -0.99383   -124.577   241540
13   31   -0.993781   -125.303   241540
13   32   -0.993662   -126.018   241540
13   33   -0.993682   -126.721   241540
13   34   -0.993776   -127.417   241540
13   35   -0.993644   -128.099   241540
13   36   -0.99331   -128.802   241540
13   37   -0.993312   -129.528   241540
13   38   -0.99344   -130.241   241540
13   39   -0.992969   -130.946   241540
13   40   -0.992891   -131.65   241540
13   41   -0.993223   -132.345   241540
13   42   -0.993046   -133.031   241540
13   43   -0.993058   -133.737   241540
13   44   -0.993341   -134.46   241540
13   45   -0.992315   -135.175   241540
13   46   -0.992117   -135.885   241540
13   47   -0.993253   -136.584   241540
13   48   -0.993388   -137.275   241540
13   49   -0.993347   -137.96   241540
13   50   -0.993799   -138.671   241540
13   51   -0.993988   -139.401   241540
13   52   -0.993508   -140.116   241540
13   53   -0.993665   -140.828   241540
13   54   -0.993864   -141.53   241540
13   55   -0.993877   -142.221   241540
13   56   -0.994229   -142.916   241540
13   57   -0.994157   -143.622   241540
13   58   -0.993796   -144.341   241540
13   59   -0.994551   -145.08   241540
13   60   -0.994989   -145.802   241540
13   61   -0.994715   -146.498   241540
13   62   -0.995343   -147.2   241540
13   63   -0.995591   -147.896   241540
13   64   -0.992552   -148.531   241540
14   1   1.00247   -148.763   241542
14   2   1.00433   -148.099   241542
14   3   1.00423   -147.399   241542
14   4   1.00446   -146.708   241542
14   5   1.00395   -145.991   241542
14   6   1.00359   -145.267   241542
14   7   1.00297   -144.549   241542
14   8   1.00269   -143.829   241542
14   9   1.00305   -143.124   241542
14   10   1.00245   -142.428   241542
14   11   1.00215   -141.732   241542
14   12   1.002   -141.026   241542
14   13   1.00126   -140.309   241542
14   14   1.00176   -139.595   241542
14   15   1.00144   -138.861   241542
14   16   1.00095   -138.152   241542
14   17   1.00187   -137.48   241542
14   18   1.00154   -136.78   241542
14   19   1.00022   -136.063   241542
14   20   1.00074   -135.354   241542
14   21   1.001   -134.638   241542
14   22   1.00024   -133.912   241542
14   23   1.00033   -133.208   241542
14   24   1.00006   -132.515   241542
14   25   0.999445   -131.814   241542
14   26   0.999907   -131.108   241542
14   27   1.00031   -130.396   241542
14   28   0.999748   -129.68   241542
14   29   1.00015   -128.961   241542
14   30   1.00011   -128.256   241542
14   31   0.999737   -127.568   241542
14   32   0.999823   -126.866   241542
14   33   0.999613   -126.157   241542
14   34   0.999592   -125.452   241542
14   35   0.999958   -124.735   241542
14   36   0.99985   -124.001   241542
14   37   0.999378   -123.294   241542
14   38   0.999493   -122.603   241542
14   39   0.999767   -121.901   241542
14   40   0.999548   -121.199   241542
14   41   0.999542   -120.485   241542
14   42   0.999863   -119.771   241542
14   43   0.999907   -119.052   241542
14   44   0.999322   -118.343   241542
14   45   0.999012   -117.654   241542
14   46   0.999402   -116.963   241542
14   47   0.999739   -116.256   241542
14   48   1.00011   -115.539   241542
14   49   0.999815   -114.825   241542
14   50   0.99956   -114.098   241542
14   51   1.0001   -113.396   241542
14   52   0.99989   -112.715   241542
14   53   0.99928   -112.013   241542
14   54   0.999354   -111.306   241542
14   55   0.999138   -110.602   241542
14   56   0.99929   -109.88   241542
14   57   0.999401   -109.146   241542
14   58   0.998915   -108.446   241542
14   59   0.999292   -107.755   241542
14   60   0.999568   -107.052   241542
14   61   0.999223   -106.349   241542
14   62   0.99941   -105.63   241542
14   63   0.999416   -104.905   241542
14   64   0.999923   -104.202   241542
15   1   -0.998025   -104.384   241542
15   2   -0.996555   -105.104   241542
15   3   -0.996819   -105.816   241542
15   4   -0.997362   -106.524   241542
15   5   -0.99707   -107.23   241542
15   6   -0.997039   -107.922   241542
15   7   -0.997323   -108.609   241542
15   8   -0.996999   -109.318   241542
15   9   -0.996829   -110.046   241542
15   10   -0.996825   -110.768   241542
15   11   -0.996824   -111.474   241542
15   12   -0.997249   -112.165   241542
15   13   -0.997418   -112.855   241542
15   14   -0.997317   -113.547   241542
15   15   -0.99738   -114.255   241542
15   16   -0.997304   -114.985   241542
15   17   -0.997204   -115.708   241542
15   18   -0.997348   -116.417   241542
15   19   -0.997511   -117.119   241542
15   20   -0.997481   -117.817   241542
15   21   -0.997329   -118.509   241542
15   22   -0.997317   -119.21   241542
15   23   -0.997755   -119.931   241542
15   24   -0.997666   -120.655   241542
15   25   -0.997381   -121.369   241542
15   26   -0.997514   -122.069   241542
15   27   -0.997394   -122.762   241542
15   28   -0.997086   -123.45   241542
15   29   -0.997342   -124.154   241542
15   30   -0.997261   -124.881   241542
15   31   -0.997002   -125.595   241542
15   32   -0.997236   -126.301   241542
15   33   -0.99706   -127.004   241542
15   34   -0.997061   -127.703   241542
15   35   -0.997049   -128.397   241542
15   36   -0.996821   -129.106   241542
15   37   -0.996804   -129.832   241542
15   38   -0.996894   -130.553   241542
15   39   -0.997336   -131.265   241542
15   40   -0.997639   -131.971   241542
15   41   -0.997129   -132.659   241542
15   42   -0.997511   -133.338   241542
15   43   -0.997713   -134.041   241542
15   44   -0.99733   -134.769   241542
15   45   -0.998001   -135.495   241542
15   46   -0.99839   -136.205   241542
15   47   -0.997708   -136.9   241542
15   48   -0.998025   -137.597   241542
15   49   -0.998718   -138.296   241542
15   50   -0.998321   -139.002   241542
15   51   -0.998662   -139.725   241542
15   52   -0.998809   -140.444   241542
15   53   -0.998591   -141.15   241542
15   54   -0.999116   -141.858   241542
15   55   -0.999281   -142.565   241542
15   56   -0.999358   -143.261   241542
15   57   -0.999581   -143.97   241542
15   58   -0.999503   -144.687   241542
15   59   -0.999759   -145.405   241542
15   60   -1.00049   -146.126   241542
15   61   -1.00048   -146.828   241542
15   62   -0.999782   -147.514   241542
15   63   -1.00063   -148.223   241542
15   64   -1.00027   -148.907   241542
16   1   1.00155   -148.543   241544
16   2   1.00215   -147.87   241544
16   3   1.0006   -147.156   241544
16   4   0.999902   -146.435   241544
16   5   1.0004   -145.734   241544
16   6   0.99988   -145.016   241544
16   7   0.999899   -144.302   241544
16   8   0.999563   -143.579   241544
16   9   0.998728   -142.859   241544
16   10   0.998647   -142.168   241544
16   11   0.998552   -141.471   241544
16   12   0.997372   -140.75   241544
16   13   0.996717   -140.031   241544
16   14   0.996876   -139.318   241544
16   15   0.996634   -138.592   241544
16   16   0.996205   -137.886   241544
16   17   0.995932   -137.198   241544
16   18   0.995455   -136.493   241544
16   19   0.996171   -135.791   241544
16   20   0.996268   -135.082   241544
16   21   0.994925   -134.357   241544
16   22   0.994717   -133.639   241544
16   23   0.994614   -132.937   241544
16   24   0.994197   -132.245   241544
16   25   0.994119   -131.546   241544
16   26   0.994285   -130.843   241544
16   27   0.994291   -130.135   241544
16   28   0.994213   -129.422   241544
16   29   0.994314   -128.698   241544
16   30   0.994689   -127.992   241544
16   31   0.994683   -127.308   241544
16   32   0.99459   -126.618   241544
16   33   0.994512   -125.918   241544
16   34   0.994248   -125.211   241544
16   35   0.994446   -124.491   241544
16   36   0.994419   -123.767   241544
16   37   0.994417   -123.065   241544
16   38   0.994771   -122.37   241544
16   39   0.995031   -121.669   241544
16   40   0.995012   -120.974   241544
16   41   0.995039   -120.264   241544
16   42   0.995083   -119.547   241544
16   43   0.995075   -118.831   241544
16   44   0.995128   -118.125   241544
16   45   0.995258   -117.43   241544
16   46   0.995181   -116.735   241544
16   47   0.995274   -116.035   241544
16   48   0.995639   -115.32   241544
16   49   0.996061   -114.602   241544
16   50   0.995741   -113.872   241544
16   51   0.995291   -113.162   241544
16   52   0.995559   -112.476   241544
16   53   0.995541   -111.78   241544
16   54   0.995598   -111.077   241544
16   55   0.995849   -110.372   241544
16   56   0.996045   -109.656   241544
16   57   0.995928   -108.93   241544
16   58   0.995634   -108.23   241544
16   59   0.995976   -107.537   241544
16   60   0.996362   -106.838   241544
16   61   0.996033   -106.138   241544
16   62   0.995924   -105.432   241544
16   63   0.99597   -104.717   241544
16   64   0.997813   -103.997   241544
17   1   -0.998356   -103.959   241544
17   2   -0.996688   -104.682   241544
17   3   -0.996645   -105.394   241544
17   4   -0.996754   -106.097   241544
17   5   -0.997484   -106.798   241544
17   6   -0.996995   -107.495   241544
17   7   -0.996377   -108.184   241544
17   8   -0.997182   -108.891   241544
17   9   -0.997122   -109.622   241544
17   10   -0.996771   -110.343   241544
17   11   -0.997251   -111.054   241544
17   12   -0.996832   -111.767   241544
17   13   -0.996514   -112.469   241544
17   14   -0.996827   -113.157   241544
17   15   -0.996766   -113.863   241544
17   16   -0.996669   -114.583   241544
17   17   -0.997327   -115.297   241544
17   18   -0.997203   -116.002   241544
17   19   -0.996722   -116.701   241544
17   20   -0.997636   -117.398   241544
17   21   -0.997559   -118.088   241544
17   22   -0.997017   -118.791   241544
17   23   -0.997808   -119.512   241544
17   24   -0.997793   -120.229   241544
17   25   -0.997322   -120.938   241544
17   26   -0.997897   -121.641   241544
17   27   -0.997886   -122.337   241544
17   28   -0.997061   -123.023   241544
17   29   -0.997071   -123.729   241544
17   30   -0.997402   -124.441   241544
17   31   -0.997094   -125.15   241544
17   32   -0.997155   -125.868   241544
17   33   -0.997795   -126.572   241544
17   34   -0.997354   -127.263   241544
17   35   -0.996961   -127.96   241544
17   36   -0.997542   -128.669   241544
17   37   -0.997254   -129.387   241544
17   38   -0.997427   -130.108   241544
17   39   -0.997894   -130.819   241544
17   40   -0.997364   -131.515   241544
17   41   -0.997257   -132.213   241544
17   42   -0.998032   -132.903   241544
17   43   -0.997931   -133.604   241544
17   44   -0.997247   -134.327   241544
17   45   -0.998012   -135.048   241544
17   46   -0.998262   -135.758   241544
17   47   -0.99836   -136.474   241544
17   48   -0.999153   -137.179   241544
17   49   -0.999212   -137.858   241544
17   50   -0.99956   -138.571   241544
17   51   -1.00034   -139.308   241544
17   52   -1.00026   -140.024   241544
17   53   -1.00036   -140.735   241544
17   54   -1.00144   -141.452   241544
17   55   -1.00158   -142.152   241544
17   56   -1.00124   -142.84   241544
17   57   -1.00165   -143.552   241544
17   58   -1.00245   -144.283   241544
17   59   -1.00276   -145.01   241544
17   60   -1.00283   -145.724   241544
17   61   -1.00282   -146.424   241544
17   62   -1.00396   -147.154   241544
17   63   -1.00467   -147.858   241544
17   64   -1.0024   -148.501   241544
18   1   0.996911   -148.779   241546
18   2   0.99804   -148.114   241546
18   3   0.997761   -147.417   241546
18   4   0.99733   -146.709   241546
18   5   0.998125   -146.02   241546
18   6   0.997411   -145.296   241546
18   7   0.996885   -144.576   241546
18   8   0.997615   -143.871   241546
18   9   0.996899   -143.151   241546
18   10   0.996233   -142.451   241546
18   11   0.996617   -141.759   241546
18   12   0.995485   -141.034   241546
18   13   0.994786   -140.313   241546
18   14   0.995302   -139.615   241546
18   15   0.994642   -138.888   241546
18   16   0.994111   -138.177   241546
18   17   0.994632   -137.499   241546
18   18   0.994274   -136.797   241546
18   19   0.993568   -136.09   241546
18   20   0.994306   -135.397   241546
18   21   0.993564   -134.677   241546
18   22   0.992939   -133.947   241546
18   23   0.994107   -133.251   241546
18   24   0.993703   -132.559   241546
18   25   0.993016   -131.864   241546
18   26   0.994032   -131.17   241546
18   27   0.99397   -130.459   241546
18   28   0.993222   -129.746   241546
18   29   0.993665   -129.038   241546
18   30   0.9936   -128.344   241546
18   31   0.993461   -127.666   241546
18   32   0.993892   -126.982   241546
18   33   0.99356   -126.285   241546
18   34   0.993178   -125.578   241546
18   35   0.993882   -124.867   241546
18   36   0.993593   -124.142   241546
18   37   0.993336   -123.441   241546
18   38   0.994034   -122.758   241546
18   39   0.994353   -122.058   241546
18   40   0.994485   -121.358   241546
18   41   0.995058   -120.653   241546
18   42   0.995024   -119.942   241546
18   43   0.995269   -119.222   241546
18   44   0.995841   -118.522   241546
18   45   0.995932   -117.83   241546
18   46   0.996461   -117.125   241546
18   47   0.996332   -116.421   241546
18   48   0.996187   -115.713   241546
18   49   0.996516   -114.999   241546
18   50   0.996118   -114.282   241546
18   51   0.996091   -113.582   241546
18   52   0.996561   -112.892   241546
18   53   0.996462   -112.198   241546
18   54   0.99616   -111.49   241546
18   55   0.995886   -110.774   241546
18   56   0.996268   -110.055   241546
18   57   0.996639   -109.33   241546
18   58   0.996291   -108.629   241546
18   59   0.996735   -107.947   241546
18   60   0.996883   -107.25   241546
18   61   0.996253   -106.544   241546
18   62   0.996342   -105.832   241546
18   63   0.996555   -105.12   241546
18   64   1.00012   -104.391   241546
19   1   -0.99561   -104.27   241546
19   2   -0.994757   -104.987   241546
19   3   -0.994948   -105.696   241546
19   4   -0.994965   -106.405   241546
19   5   -0.994697   -107.121   241546
19   6   -0.995076   -107.808   241546
19   7   -0.995267   -108.488   241546
19   8   -0.994905   -109.202   241546
19   9   -0.99534   -109.925   241546
19   10   -0.995658   -110.64   241546
19   11   -0.995301   -111.353   241546
19   12   -0.99595   -112.05   241546
19   13   -0.996199   -112.749   241546
19   14   -0.995572   -113.451   241546
19   15   -0.99599   -114.154   241546
19   16   -0.996197   -114.874   241546
19   17   -0.995796   -115.595   241546
19   18   -0.996428   -116.298   241546
19   19   -0.996664   -116.996   241546
19   20   -0.996173   -117.706   241546
19   21   -0.99801   -118.402   241546
19   22   -0.999489   -119.111   241546
19   23   -0.999061   -119.841   241546
19   24   -0.999844   -120.548   241546
19   25   -1.00008   -121.254   241546
19   26   -0.999401   -121.969   241546
19   27   -0.999912   -122.663   241546
19   28   -1.00007   -123.347   241546
19   29   -0.99988   -124.06   241546
19   30   -1.00042   -124.781   241546
19   31   -1.00026   -125.488   241546
19   32   -0.999998   -126.205   241546
19   33   -1.00031   -126.91   241546
19   34   -1.00038   -127.602   241546
19   35   -1.00053   -128.309   241546
19   36   -1.00189   -129.032   241546
19   37   -1.00251   -129.759   241546
19   38   -1.00192   -130.475   241546
19   39   -1.00233   -131.192   241546
19   40   -1.0028   -131.906   241546
19   41   -1.0022   -132.604   241546
19   42   -1.00251   -133.29   241546
19   43   -1.00329   -134.002   241546
19   44   -1.00259   -134.729   241546
19   45   -1.00298   -135.446   241546
19   46   -1.00438   -136.174   241546
19   47   -1.00356   -136.877   241546
19   48   -1.00327   -137.566   241546
19   49   -1.00413   -138.262   241546
19   50   -1.0035   -138.963   241546
19   51   -1.00344   -139.689   241546
19   52   -1.00451   -140.423   241546
19   53   -1.00459   -141.131   241546
19   54   -1.00425   -141.831   241546
19   55   -1.00466   -142.542   241546
19   56   -1.0028   -143.211   241546
19   57   -1.00226   -143.909   241546
19   58   -1.00403   -144.655   241546
19   59   -1.00401   -145.363   241546
19   60   -1.00405   -146.07   241546
19   61   -1.00428   -146.778   241546
19   62   -1.00426   -147.475   241546
19   63   -1.00485   -148.174   241546
19   64   -1.00447   -148.844   241546
20   1   0.996037   -148.474   241548
20   2   0.997763   -147.838   241548
20   3   0.997183   -147.152   241548
20   4   0.997019   -146.452   241548
20   5   0.997579   -145.765   241548
20   6   0.996827   -145.051   241548
20   7   0.99615   -144.328   241548
20   8   0.996567   -143.606   241548
20   9   0.996837   -142.901   241548
20   10   0.996441   -142.209   241548
20   11   0.996331   -141.512   241548
20   12   0.996057   -140.802   241548
20   13   0.995883   -140.09   241548
20   14   0.996525   -139.389   241548
20   15   0.995791   -138.658   241548
20   16   0.995   -137.941   241548
20   17   0.995862   -137.254   241548
20   18   0.995223   -136.548   241548
20   19   0.994902   -135.842   241548
20   20   0.996191   -135.143   241548
20   21   0.996192   -134.421   241548
20   22   0.995962   -133.697   241548
20   23   0.996777   -133.002   241548
20   24   0.997099   -132.309   241548
20   25   0.996595   -131.604   241548
20   26   0.996808   -130.903   241548
20   27   0.997203   -130.19   241548
20   28   0.996921   -129.471   241548
20   29   0.996969   -128.747   241548
20   30   0.997243   -128.039   241548
20   31   0.997492   -127.351   241548
20   32   0.997497   -126.657   241548
20   33   0.99713   -125.957   241548
20   34   0.997141   -125.245   241548
20   35   0.997496   -124.531   241548
20   36   0.997365   -123.8   241548
20   37   0.997402   -123.092   241548
20   38   0.997827   -122.408   241548
20   39   0.997399   -121.711   241548
20   40   0.997149   -121.014   241548
20   41   0.997543   -120.307   241548
20   42   0.997476   -119.59   241548
20   43   0.997546   -118.885   241548
20   44   0.997678   -118.198   241548
20   45   0.997472   -117.512   241548
20   46   0.997443   -116.828   241548
20   47   0.997608   -116.129   241548
20   48   0.997486   -115.417   241548
20   49   0.997432   -114.705   241548
20   50   0.997698   -113.98   241548
20   51   0.997257   -113.273   241548
20   52   0.997356   -112.584   241548
20   53   0.997627   -111.885   241548
20   54   0.9973   -111.181   241548
20   55   0.997649   -110.475   241548
20   56   0.997813   -109.757   241548
20   57   0.997517   -109.022   241548
20   58   0.997719   -108.318   241548
20   59   0.99793   -107.634   241548
20   60   0.997853   -106.935   241548
20   61   0.997763   -106.231   241548
20   62   0.997555   -105.517   241548
20   63   0.997414   -104.794   241548
20   64   0.998133   -104.084   241548
