Real Geometry - ALFAOvFibUp from ATLAS DD Database
Layer, Fibre, Slope, Offset, ZL
Dieter Notz (21.01.2008)
xxxxxxxxxxxxxxxxxxxxxxxxxxxxxxxxxxxxxxxxxxxxxxxxxxxxx
6
1   1   -0.005252   -143.654   241562
1   2   -0.004825   -143.157   241562
1   3   -0.003364   -142.626   241562
1   4   -0.003231   -142.123   241562
1   5   -0.003061   -141.61   241562
1   6   -0.001891   -141.085   241562
1   7   -0.001871   -140.574   241562
1   8   -0.002393   -140.076   241562
1   9   -0.001655   -139.551   241562
1   10   -0.000863   -139.027   241562
1   11   -0.000952   -138.521   241562
1   12   0.000697   -137.988   241562
1   13   0.000658   -137.487   241562
1   14   -0.000545   -137.011   241562
1   15   3.8e-05   -136.489   241562
1   16   0.000796   -135.989   241561
1   17   0.001194   -135.483   241561
1   18   0.000778   -134.997   241561
1   19   0.000565   -134.5   241561
1   20   0.000952   -133.992   241561
1   21   0.001167   -133.485   241561
1   22   0.001001   -132.988   241561
1   23   0.001254   -132.48   241561
1   24   0.001261   -131.984   241561
1   25   0.001151   -131.482   241561
1   26   0.000982   -130.984   241561
1   27   0.000784   -130.491   241561
1   28   0.001004   -129.985   241561
1   29   0.001206   -129.48   241561
1   30   0.000682   -128.998   241561
3   1   -0.00468   -143.954   241566
3   2   -0.004808   -143.469   241566
3   3   -0.003353   -142.939   241566
3   4   -0.003714   -142.454   241566
3   5   -0.004045   -141.965   241566
3   6   -0.002543   -141.425   241566
3   7   -0.002984   -140.942   241566
3   8   -0.003246   -140.451   241566
3   9   -0.001486   -139.917   241566
3   10   -0.001139   -139.414   241566
3   11   -0.001672   -138.924   241566
3   12   0.000256   -138.379   241566
3   13   0.000535   -137.866   241566
3   14   -0.001062   -137.396   241566
3   15   -0.000465   -136.874   241566
3   16   0.002621   -136.284   241565
3   17   0.002736   -135.773   241565
3   18   0.000335   -135.314   241565
3   19   0.000762   -134.795   241565
3   20   0.000864   -134.282   241565
3   21   0.000665   -133.78   241565
3   22   0.001335   -133.271   241565
3   23   0.00149   -132.775   241565
3   24   0.00067   -132.292   241565
3   25   0.001091   -131.782   241565
3   26   0.001798   -131.267   241565
3   27   0.000587   -130.784   241565
3   28   0.001205   -130.258   241565
3   29   0.001835   -129.73   241565
3   30   0.000597   -129.253   241565
5   1   0.001669   -143.799   241566
5   2   0.002585   -143.287   241566
5   3   0.002454   -142.791   241566
5   4   0.002788   -142.291   241566
5   5   0.00311   -141.782   241566
5   6   0.0026   -141.284   241566
5   7   0.002874   -140.78   241566
5   8   0.003189   -140.27   241566
5   9   0.002817   -139.784   241566
5   10   0.004029   -139.258   241566
5   11   0.0045   -138.746   241566
5   12   0.002967   -138.274   241566
5   13   0.003583   -137.76   241566
5   14   0.003916   -137.26   241566
5   15   0.001244   -136.82   241566
5   16   -0.000527   -136.373   241565
5   17   -0.000729   -135.887   241565
5   18   -0.000425   -135.388   241565
5   19   -0.000756   -134.898   241565
5   20   -0.001324   -134.418   241565
5   21   -0.001606   -133.922   241565
5   22   -0.001086   -133.413   241565
5   23   -0.00084   -132.908   241565
5   24   -0.001313   -132.424   241565
5   25   -0.001912   -131.934   241565
5   26   -0.001627   -131.434   241565
5   27   -0.002236   -130.947   241565
5   28   -0.001689   -130.43   241565
5   29   0.000301   -129.885   241565
5   30   -0.001307   -129.424   241565
2   1   0.000953   -143.59   241562
2   2   -0.003747   -142.997   241562
2   3   -0.005185   -142.47   241562
2   4   -0.005185   -141.971   241562
2   5   -0.004992   -141.476   241562
2   6   -0.005278   -140.964   241562
2   7   -0.005516   -140.446   241562
2   8   -0.005329   -139.947   241562
2   9   -0.006256   -139.417   241562
2   10   -0.005009   -138.936   241562
2   11   -0.003163   -138.466   241562
2   12   -0.004024   -137.939   241562
2   13   -0.003594   -137.444   241562
2   14   -0.003051   -136.96   241562
2   15   -0.004846   -136.431   241562
2   16   -0.000476   -136.021   241561
2   17   -0.001195   -135.499   241561
2   18   -0.001573   -134.996   241561
2   19   -0.001738   -134.493   241561
2   20   -0.00217   -133.981   241561
2   21   -0.002103   -133.477   241561
2   22   -0.002361   -132.97   241561
2   23   -0.002746   -132.46   241561
2   24   -0.002534   -131.959   241561
2   25   -0.002512   -131.459   241561
2   26   -0.002522   -130.954   241561
2   27   -0.002208   -130.459   241561
2   28   -0.001998   -129.963   241561
2   29   -0.00178   -129.461   241561
2   30   -0.001076   -128.966   241561
4   1   -0.001145   -143.825   241566
4   2   -0.001126   -143.339   241566
4   3   -0.002223   -142.818   241566
4   4   -0.001717   -142.341   241566
4   5   -0.001232   -141.865   241566
4   6   -0.002365   -141.342   241566
4   7   -0.002561   -140.845   241566
4   8   -0.002098   -140.352   241566
4   9   -0.001607   -139.868   241566
4   10   -0.001842   -139.37   241566
4   11   -0.002122   -138.861   241566
4   12   -0.001689   -138.359   241566
4   13   -0.002508   -137.828   241566
4   14   -0.00318   -137.307   241566
4   15   0.000398   -136.879   241566
4   16   -0.000902   -136.316   241565
4   17   -0.000488   -135.815   241565
4   18   1.2e-05   -135.321   241565
4   19   -0.000431   -134.799   241565
4   20   -0.001123   -134.273   241565
4   21   -0.00116   -133.774   241565
4   22   -0.000858   -133.276   241565
4   23   -0.001042   -132.773   241565
4   24   -0.000638   -132.284   241565
4   25   -7.5e-05   -131.795   241565
4   26   -0.000317   -131.288   241565
4   27   -0.000502   -130.771   241565
4   28   -0.000651   -130.256   241565
4   29   -0.000374   -129.748   241565
4   30   0.001993   -129.29   241565
6   1   -0.008366   -143.614   241566
6   2   -0.006629   -143.163   241566
6   3   -0.006889   -142.663   241566
6   4   -0.006879   -142.173   241566
6   5   -0.006995   -141.67   241566
6   6   -0.007062   -141.166   241566
6   7   -0.00661   -140.669   241566
6   8   -0.006625   -140.17   241566
6   9   -0.007081   -139.667   241566
6   10   -0.007171   -139.161   241566
6   11   -0.006991   -138.67   241566
6   12   -0.007219   -138.168   241566
6   13   -0.007285   -137.673   241566
6   14   -0.006504   -137.199   241566
6   15   -0.004101   -136.761   241566
6   16   -0.000736   -136.335   241565
6   17   -0.001463   -135.81   241565
6   18   -0.004822   -135.246   241565
6   19   -0.00525   -134.737   241565
6   20   -0.005029   -134.233   241565
6   21   -0.005024   -133.735   241565
6   22   -0.00524   -133.231   241565
6   23   -0.005307   -132.729   241565
6   24   -0.005306   -132.232   241565
6   25   -0.006113   -131.702   241565
6   26   -0.005738   -131.215   241565
6   27   -0.004527   -130.746   241565
6   28   -0.006388   -130.202   241565
6   29   -0.008615   -129.66   241565
6   30   -0.007678   -129.184   241565
