### This is an XML list
                                            L1_EM2 	; [1000] 	; [(0,1)]
                                            L1_EM3 	; [1000] 	; [(0,1)]
                                            L1_EM5 	; [1000] 	; [(0,1)]
                                           L1_EM10 	; [1000] 	; [(0,1)]
                                          L1_EM10I 	; [1000] 	; [(0,1)]
                                           L1_EM14 	; [1000] 	; [(0,1)]
                                          L1_EM14I 	; [1000] 	; [(0,1)]
                                           L1_EM85 	; [1000] 	; [(0,1)]
                                           L1_2EM2 	; [1000] 	; [(0,1)]
                                           L1_2EM3 	; [1000] 	; [(0,1)]
                                           L1_2EM5 	; [1000] 	; [(0,1)]
                                          L1_2EM14 	; [1000] 	; [(0,1)]
                                          L1_2EM10 	; [1000] 	; [(0,1)]
                                   L1_EM2_UNPAIRED 	; [1000] 	; [(0,1)]
                                      L1_EM3_EMPTY 	; [1000] 	; [(0,1)]
                                 L1_EM3_FIRSTEMPTY 	; [1000] 	; [(0,1)]
                                            L1_MU0 	; [1000] 	; [(0,1)]
                                       L1_MU0_COMM 	; [1000] 	; [(0,1)]
                                            L1_MU6 	; [1000] 	; [(0,1)]
                                           L1_MU10 	; [1000] 	; [(0,1)]
                                           L1_MU15 	; [1000] 	; [(0,1)]
                                           L1_MU20 	; [1000] 	; [(0,1)]
                                           L1_2MU0 	; [1000] 	; [(0,1)]
                                           L1_2MU6 	; [1000] 	; [(0,1)]
                                          L1_2MU10 	; [1000] 	; [(0,1)]
                                          L1_2MU20 	; [1000] 	; [(0,1)]
                                   L1_MU0_UNPAIRED 	; [1000] 	; [(0,1)]
                                      L1_MU0_EMPTY 	; [1000] 	; [(0,-1)]
                                 L1_MU0_FIRSTEMPTY 	; [1000] 	; [(0,1)]
                              L1_MU0_COMM_UNPAIRED 	; [1000] 	; [(0,1)]
                                 L1_MU0_COMM_EMPTY 	; [1000] 	; [(0,-1)]
                            L1_MU0_COMM_FIRSTEMPTY 	; [1000] 	; [(0,1)]
                                 L1_MU6_FIRSTEMPTY 	; [1000] 	; [(0,1)]
                                L1_MU10_FIRSTEMPTY 	; [1000] 	; [(0,1)]
                                L1_2MU0_FIRSTEMPTY 	; [1000] 	; [(0,1)]
                                           L1_TAU5 	; [1000] 	; [(0,1)]
                                           L1_TAU6 	; [1000] 	; [(0,1)]
                                          L1_TAU6I 	; [1000] 	; [(0,1)]
                                          L1_TAU50 	; [1000] 	; [(0,1)]
                                          L1_TAU11 	; [1000] 	; [(0,1)]
                                         L1_TAU11I 	; [1000] 	; [(0,-1)]
                                          L1_TAU20 	; [1000] 	; [(0,1)]
                                          L1_TAU30 	; [1000] 	; [(0,1)]
                                          L1_2TAU5 	; [1000] 	; [(0,1)]
                                          L1_2TAU6 	; [1000] 	; [(0,1)]
                                         L1_2TAU11 	; [1000] 	; [(0,1)]
                                  L1_TAU5_UNPAIRED 	; [1000] 	; [(0,1)]
                                     L1_TAU5_EMPTY 	; [1000] 	; [(0,1)]
                                L1_TAU5_FIRSTEMPTY 	; [1000] 	; [(0,1)]
                                             L1_J5 	; [1000] 	; [(200,0)]
                                            L1_J10 	; [1000] 	; [(30,0)]
                                            L1_J15 	; [1000:2000] 	; [(0,1):(50,0)]
                                            L1_J30 	; [1000] 	; [(0,1)]
                                            L1_J55 	; [1000] 	; [(0,1)]
                                            L1_J75 	; [1000] 	; [(0,1)]
                                            L1_J95 	; [1000] 	; [(0,1)]
                                           L1_J115 	; [1000] 	; [(0,1)]
                                    L1_J5_UNPAIRED 	; [1000] 	; [(0,1)]
                                       L1_J5_EMPTY 	; [1000] 	; [(0,1)]
                                  L1_J5_FIRSTEMPTY 	; [1000] 	; [(0,1)]
                                      L1_J10_EMPTY 	; [1000] 	; [(0,1)]
                                      L1_J30_EMPTY 	; [1000] 	; [(0,1)]
                                   L1_J10_UNPAIRED 	; [1000] 	; [(0,1)]
                                   L1_J30_UNPAIRED 	; [1000] 	; [(0,1)]
                                 L1_J10_FIRSTEMPTY 	; [1000] 	; [(0,1)]
                                 L1_J30_FIRSTEMPTY 	; [1000] 	; [(0,1)]
                                            L1_4J5 	; [1000] 	; [(0,1)]
                                            L1_2J5 	; [1000:2000] 	; [(5,0):(60,0)]
                                           L1_2J10 	; [1000:2000] 	; [(5,0):(30,0)]
                                           L1_2J15 	; [1000] 	; [(0,1)]
                                           L1_2J30 	; [1000] 	; [(0,1)]
                                           L1_2J55 	; [1000] 	; [(0,1)]
                                           L1_2J95 	; [1000] 	; [(0,1)]
                                           L1_3J10 	; [1000] 	; [(0,1)]
                                           L1_3J15 	; [1000] 	; [(0,1)]
                                           L1_4J10 	; [1000] 	; [(0,1)]
                                           L1_4J15 	; [1000] 	; [(0,1)]
                                           L1_5J10 	; [1000] 	; [(0,1)]
                                           L1_6J10 	; [1000] 	; [(0,1)]
                                           L1_3J30 	; [1000] 	; [(0,1)]
                                           L1_4J30 	; [1000] 	; [(0,1)]
                                        L1_3J5_J30 	; [1000] 	; [(0,1)]
                                        L1_4J5_J15 	; [1000] 	; [(0,1)]
                                        L1_4J5_J30 	; [1000] 	; [(0,1)]
                                       L1_2J10_J30 	; [1000] 	; [(0,1)]
                                       L1_2J10_J55 	; [1000] 	; [(0,1)]
                                       L1_2J15_J75 	; [1000] 	; [(0,1)]
                                      L1_3J10_2J30 	; [1000] 	; [(0,1)]
                                      L1_4J10_3J15 	; [1000] 	; [(0,1)]
                                           L1_FJ10 	; [1000:2000] 	; [(0,1):(6,0)]
                                           L1_FJ30 	; [1000] 	; [(0,1)]
                                           L1_FJ55 	; [1000] 	; [(0,1)]
                                           L1_FJ95 	; [1000] 	; [(0,1)]
                                  L1_FJ10_UNPAIRED 	; [1000] 	; [(0,1)]
                                     L1_FJ10_EMPTY 	; [1000] 	; [(0,1)]
                                L1_FJ10_FIRSTEMPTY 	; [1000] 	; [(0,1)]
                                          L1_2FJ10 	; [1000] 	; [(0,1)]
                                          L1_2FJ30 	; [1000] 	; [(0,1)]
                                          L1_2FJ55 	; [1000] 	; [(0,1)]
                                       L1_J10_FJ10 	; [1000] 	; [(0,1)]
                                           L1_JE60 	; [1000] 	; [(0,1)]
                                          L1_JE100 	; [1000] 	; [(0,1)]
                                          L1_JE140 	; [1000] 	; [(0,1)]
                                          L1_JE200 	; [1000] 	; [(0,1)]
                                           L1_XE10 	; [1000] 	; [(0,1)]
                                           L1_XE15 	; [1000] 	; [(0,1)]
                                           L1_XE20 	; [1000] 	; [(0,1)]
                                           L1_XE25 	; [1000] 	; [(0,1)]
                                           L1_XE30 	; [1000] 	; [(0,1)]
                                           L1_XE35 	; [1000] 	; [(0,1)]
                                           L1_XE40 	; [1000] 	; [(0,1)]
                                           L1_XE50 	; [1000] 	; [(0,1)]
                                           L1_TE20 	; [1000] 	; [(5,0)]
                                           L1_TE50 	; [1000] 	; [(0,1)]
                                          L1_TE100 	; [1000] 	; [(0,1)]
                                          L1_TE180 	; [1000] 	; [(0,1)]
                                      L1_2TAU5_EM5 	; [1000] 	; [(0,1)]
                                      L1_2TAU6_EM5 	; [1000] 	; [(0,1)]
                                     L1_2TAU6_EM10 	; [1000] 	; [(0,1)]
                                      L1_TAU5_XE10 	; [1000] 	; [(0,1)]
                                       L1_TAU5_MU6 	; [1000] 	; [(0,1)]
                                      L1_TAU6_MU10 	; [1000] 	; [(0,1)]
                                      L1_TAU6_MU15 	; [1000] 	; [(0,1)]
                                      L1_TAU6_XE10 	; [1000] 	; [(0,1)]
                                  L1_TAU5_4J5_3J15 	; [1000] 	; [(0,1)]
                                  L1_TAU5_3J5_2J15 	; [1000] 	; [(0,1)]
                                  L1_TAU6_4J5_3J15 	; [1000] 	; [(0,1)]
                                  L1_TAU6_3J5_2J15 	; [1000] 	; [(0,1)]
                                         L1_MU0_J5 	; [1000] 	; [(0,1)]
                                        L1_MU0_J10 	; [1000] 	; [(0,1)]
                                        L1_MU0_J15 	; [1000] 	; [(0,1)]
                                        L1_MU0_J30 	; [1000] 	; [(0,1)]
                                        L1_MU0_J55 	; [1000] 	; [(0,1)]
                                        L1_MU0_EM3 	; [1000] 	; [(0,1)]
                                        L1_MU6_EM3 	; [1000] 	; [(0,1)]
                                       L1_2MU6_EM5 	; [1000] 	; [(0,1)]
                                         L1_MU6_J5 	; [1000] 	; [(0,1)]
                                       L1_MU10_J10 	; [1000] 	; [(0,1)]
                                       L1_2MU0_MU6 	; [1000] 	; [(0,1)]
                                  L1_J15_XE15_MU15 	; [1000] 	; [(0,1)]
                                      L1_4J10_MU15 	; [1000] 	; [(0,1)]
                                       L1_J30_XE10 	; [1000] 	; [(0,1)]
                                       L1_J30_XE15 	; [1000] 	; [(0,1)]
                                       L1_J30_XE25 	; [1000] 	; [(0,1)]
                                      L1_2J15_XE10 	; [1000] 	; [(0,1)]
                                      L1_2J15_XE15 	; [1000] 	; [(0,1)]
                                      L1_2J15_XE25 	; [1000] 	; [(0,1)]
                                  L1_J15_XE15_EM10 	; [1000] 	; [(0,1)]
                                      L1_4J10_EM10 	; [1000] 	; [(0,1)]
                                        L1_EM5_MU6 	; [1000] 	; [(0,1)]
                                       L1_EM5_MU10 	; [1000] 	; [(0,1)]
                                      L1_EM14_XE10 	; [1000] 	; [(0,1)]
                                      L1_EM14_XE15 	; [1000] 	; [(0,1)]
                                         L1_J10_MV 	; [1000] 	; [(0,1)]
                                         L1_J15_MV 	; [1000] 	; [(0,1)]
                                         L1_J15_LV 	; [1000] 	; [(0,1)]
                                         L1_J15_NL 	; [1000] 	; [(0,1)]
                                         L1_MU0_MV 	; [1000] 	; [(0,1)]
                                         L1_EM3_MV 	; [1000] 	; [(0,1)]
                                        L1_TAU5_MV 	; [1000] 	; [(0,1)]
                                     L1_RD0_FILLED 	; [1000] 	; [(0,150)]
                                 L1_RD0_FIRSTEMPTY 	; [1000] 	; [(0,15000)]
                                   L1_RD0_UNPAIRED 	; [1000] 	; [(0,14)]
                                      L1_RD0_EMPTY 	; [1000] 	; [(0,500000)]
                                     L1_RD1_FILLED 	; [1000] 	; [(0,20000)]
                                      L1_RD1_EMPTY 	; [1000] 	; [(0,5000000)]
                                   L1_BCM_HT_BGRP0 	; [1000] 	; [(1600,0)]
                                 L1_BCM_Wide_BGRP0 	; [1000] 	; [(400,0)]
                                L1_BCM_AC_CA_BGRP0 	; [1000] 	; [(4000,0)]
                                            L1_ZDC 	; [1000] 	; [(8000,0)]
                                          L1_ZDC_A 	; [1000] 	; [(30000,0)]
                                          L1_ZDC_C 	; [1000] 	; [(30000,0)]
                                        L1_ZDC_A_C 	; [1000] 	; [(30000,0)]
                                        L1_ZDC_AND 	; [1000] 	; [(30000,0)]
                                   L1_ZDC_UNPAIRED 	; [1000] 	; [(250,0)]
                                      L1_ZDC_EMPTY 	; [1000] 	; [(80,0)]
                                  L1_ZDC_A_C_EMPTY 	; [1000] 	; [(0,1)]
                                  L1_ZDC_AND_EMPTY 	; [1000] 	; [(0,1)]
                                         L1_MBTS_1 	; [1000] 	; [(6000,0)]
                                         L1_MBTS_2 	; [1000] 	; [(25,0)]
                                       L1_MBTS_1_1 	; [1000] 	; [(80000,0)]
                                       L1_MBTS_4_4 	; [1000] 	; [(40000,0)]
                                   L1_MBTS_1_EMPTY 	; [1000] 	; [(5000,0)]
                                   L1_MBTS_2_EMPTY 	; [1000] 	; [(5000,0)]
                                 L1_MBTS_1_1_EMPTY 	; [1000] 	; [(1600,0)]
                                L1_MBTS_1_UNPAIRED 	; [1000] 	; [(1600,0)]
                                L1_MBTS_2_UNPAIRED 	; [1000] 	; [(250,0)]
                              L1_MBTS_1_1_UNPAIRED 	; [1000] 	; [(250,0)]
                              L1_MBTS_4_4_UNPAIRED 	; [1000] 	; [(250,0)]
                               L1_MBTS_1_UNPAIRED1 	; [1000] 	; [(250,0)]
                               L1_MBTS_1_UNPAIRED2 	; [1000] 	; [(250,0)]
                             L1_MBTS_1_1_UNPAIRED1 	; [1000] 	; [(250,0)]
                             L1_MBTS_1_1_UNPAIRED2 	; [1000] 	; [(250,0)]
                                        L1_LUCID_A 	; [1000] 	; [(60000,0)]
                                        L1_LUCID_C 	; [1000] 	; [(60000,0)]
                                      L1_LUCID_A_C 	; [1000] 	; [(60000,0)]
                                          L1_LUCID 	; [1000] 	; [(60000,0)]
                                     L1_LUCID_COMM 	; [1000] 	; [(60000,0)]
                                  L1_LUCID_A_EMPTY 	; [1000] 	; [(0,1)]
                                  L1_LUCID_C_EMPTY 	; [1000] 	; [(0,1)]
                                L1_LUCID_A_C_EMPTY 	; [1000] 	; [(0,1)]
                                    L1_LUCID_EMPTY 	; [1000] 	; [(4000,0)]
                               L1_LUCID_COMM_EMPTY 	; [1000] 	; [(0,1)]
                               L1_LUCID_A_UNPAIRED 	; [1000] 	; [(0,1)]
                               L1_LUCID_C_UNPAIRED 	; [1000] 	; [(0,1)]
                             L1_LUCID_A_C_UNPAIRED 	; [1000] 	; [(0,1)]
                                             L1_ZB 	; [1000] 	; [(15,0)]
                                    L1_BPTX0_BGRP0 	; [1000] 	; [(0,-1)]
                                    L1_BPTX1_BGRP0 	; [1000] 	; [(0,-1)]
                                          L1_BGRP1 	; [1000] 	; [(0,-1)]
                                        L1_CALREQ0 	; [1000] 	; [(0,-1)]
                                        L1_CALREQ1 	; [1000] 	; [(0,-1)]
                                        L1_CALREQ2 	; [1000] 	; [(0,1)]
                                    L1_NIM_S9C0A20 	; [1000] 	; [(0,-1)]
                                    L1_NIM_S9C1C19 	; [1000] 	; [(0,-1)]
                                    L1_NIM_S9C1C20 	; [1000] 	; [(0,-1)]
                                    L1_NIM_S8C2B21 	; [1000] 	; [(0,-1)]
                                    L1_NIM_S8C2B22 	; [1000] 	; [(0,-1)]
                                    L1_NIM_S8C2B23 	; [1000] 	; [(0,-1)]
                                    L1_NIM_S8C2B24 	; [1000] 	; [(0,-1)]
                                    L1_NIM_S8C2B25 	; [1000] 	; [(0,-1)]
                                    L1_NIM_S8C2B26 	; [1000] 	; [(0,-1)]
                                    L1_NIM_S8C2B27 	; [1000] 	; [(0,-1)]
                                    L1_NIM_S9C0B21 	; [1000] 	; [(0,-1)]
                                    L1_NIM_S9C0B22 	; [1000] 	; [(0,-1)]
                                    L1_NIM_S9C0B23 	; [1000] 	; [(0,-1)]
                                    L1_NIM_S9C0B24 	; [1000] 	; [(0,-1)]
                                            L1_TRT 	; [1000] 	; [(0,-1)]
                                        L1_L1A_Mon 	; [1000] 	; [(0,-1)]
                      L2_tau12_loose_3j30_jetNoCut 	; [1000] 	; [(0,1)]  	 ; [(0,-999)] 	 ; [1]
                                   L2_2j25_deta3_5 	; [1000] 	; [(0,1)]  	 ; [(0,-999)] 	 ; [0]
                                   L2_e5_medium_MV 	; [1000] 	; [(0,1)]  	 ; [(0,-999)] 	 ; [0]
                                  L2_j115_jetNoCut 	; [1000] 	; [(0,1)]  	 ; [(0,-999)] 	 ; [0]
                      L2_trk29_Central_Tau_IDCalib 	; [1000] 	; [(0,1)]  	 ; [(0,-999)] 	 ; [0]
                              L2_MU4_DiMu_SiTrk_FS 	; [1000] 	; [(0,1)]  	 ; [(0,-999)] 	 ; [0]
                                    L2_tau12_loose 	; [1000:2000] 	; [(0,1):(100,0)] ; [(0,-999):(0,-999)] ; [0:0]
                            L2_e5_NoCut_firstempty 	; [1000] 	; [(500,0)]  	 ; [(0,-999)] 	 ; [0]
                        L2_tau12_loose_EFxe12_noMu 	; [1000] 	; [(0,1)]  	 ; [(0,-999)] 	 ; [0]
                                L2_rd1_empty_NoAlg 	; [1000] 	; [(750,0)]  	 ; [(0,-999)] 	 ; [0]
                                      L2_e15_tight 	; [1000] 	; [(0,1)]  	 ; [(0,-999)] 	 ; [0]
                         L2_fj45_jetNoCut_larcalib 	; [1000] 	; [(0,1)]  	 ; [(0,-999)] 	 ; [0]
                                    L2_trk16_loose 	; [1000] 	; [(10,0)]  	 ; [(0,-999)] 	 ; [0]
                          L2_tau16_loose_e10_loose 	; [1000] 	; [(0,1)]  	 ; [(0,-999)] 	 ; [0]
                                  L2_mu4_DiMu_noOS 	; [1000] 	; [(0,1)]  	 ; [(0,-999)] 	 ; [0]
                         L2_j45_jetNoCut_xe20_noMu 	; [1000] 	; [(0,1)]  	 ; [(0,-999)] 	 ; [1]
                                    L2_3b15_4L1J15 	; [1000] 	; [(0,1)]  	 ; [(0,-999)] 	 ; [1]
                                     L2_PixelNoise 	; [1000] 	; [(0,1)]  	 ; [(0,-999)] 	 ; [0]
                                      L2_e15_loose 	; [1000] 	; [(0,1)]  	 ; [(0,-999)] 	 ; [20]
                                     L2_mu10_NoAlg 	; [1000] 	; [(0,1)]  	 ; [(0,-999)] 	 ; [0]
                                      L2_xe15_noMu 	; [1000] 	; [(0,1)]  	 ; [(0,-999)] 	 ; [0]
                                   L2_cost_monitor 	; [1000] 	; [(0,100)]  	 ; [(0,-999)] 	 ; [0]
                             L2_mbRd0_eff_unpaired 	; [1000] 	; [(0,1)]  	 ; [(0,-999)] 	 ; [0]
                          L2_j15_jetNoCut_larcalib 	; [1000] 	; [(5,0)]  	 ; [(0,-999)] 	 ; [0]
                              L2_mu4_l1j30_matched 	; [1000] 	; [(0,1)]  	 ; [(0,-999)] 	 ; [1]
                                     L2_2mu6_Bmumu 	; [1000] 	; [(0,-1)]  	 ; [(0,-999)] 	 ; [0]
                                 L2_mu6_IDTrkNoCut 	; [1000] 	; [(0,1)]  	 ; [(0,-999)] 	 ; [0]
                           L2_2mu4_DiMu_noVtx_noOS 	; [1000] 	; [(0,1)]  	 ; [(0,-999)] 	 ; [0]
                               L2_mu4_j25_jetNoCut 	; [1000] 	; [(0,-1)]  	 ; [(0,-999)] 	 ; [1]
                                L2_mbSpBg_unpaired 	; [1000] 	; [(0,1)]  	 ; [(0,-999)] 	 ; [0]
                                    L2_allL1_noHLT 	; [1000] 	; [(0,-1)]  	 ; [(0,-999)] 	 ; [0]
                              L2_4j15_j30_jetNoCut 	; [1000] 	; [(0,-1)]  	 ; [(0,-999)] 	 ; [1]
                                       L2_SCTNoise 	; [1000] 	; [(0,1)]  	 ; [(0,-999)] 	 ; [0]
                         L2_mbLucid_C_eff_unpaired 	; [1000] 	; [(0,1)]  	 ; [(0,-999)] 	 ; [0]
                                      L2_e10_loose 	; [1000] 	; [(0,1)]  	 ; [(0,-999)] 	 ; [0]
                                   L2_L1J115_NoAlg 	; [1000] 	; [(0,-1)]  	 ; [(0,-999)] 	 ; [0]
                                  L2_2mu6_Jpsimumu 	; [1000] 	; [(0,1)]  	 ; [(0,-999)] 	 ; [0]
                               L2_mu4_l1j5_matched 	; [1000] 	; [(0,1)]  	 ; [(0,-999)] 	 ; [0]
                                      L2_mu6_SiTrk 	; [1000] 	; [(0,1)]  	 ; [(0,-999)] 	 ; [0]
                                    L2_tau38_loose 	; [1000] 	; [(0,1)]  	 ; [(0,-999)] 	 ; [0]
                                       L2_MU4_DiMu 	; [1000] 	; [(0,1)]  	 ; [(0,-999)] 	 ; [0]
                                   L2_tau125_loose 	; [1000] 	; [(0,1)]  	 ; [(0,-999)] 	 ; [1]
                                      L2_g11_etcut 	; [1000:2000] 	; [(0,1):(80,0)] ; [(0,-999):(0,-999)] 	 ; [0:0]
                                      L2_g17_etcut      ; [1000]        ; [(0,1)]        ; [(0,-999)]    ; [0]
				L2_e5_medium_SiTrk 	; [1000] 	; [(0,-1)]  	 ; [(0,-999)] 	 ; [0]
                                      L2_g10_loose 	; [1000] 	; [(0,1)]  	 ; [(0,-999)] 	 ; [0]
                                    L2_L2IdScan_FS 	; [1000] 	; [(0,-1)]  	 ; [(0,-999)] 	 ; [1]
                                     L2_mu20_NoAlg 	; [1000] 	; [(0,1)]  	 ; [(0,-999)] 	 ; [0]
                                    L2_mu4_DiMu_FS 	; [1000] 	; [(0,1)]  	 ; [(0,-999)] 	 ; [0]
                                           L2_j255 	; [1000] 	; [(0,1)]  	 ; [(0,-999)] 	 ; [0]
                                   L2_e3_loose_TRT 	; [1000] 	; [(0,-1)]  	 ; [(0,-999)] 	 ; [0]
                                     L2_2mu6_NoAlg 	; [1000] 	; [(0,1)]  	 ; [(0,-999)] 	 ; [0]
                                 L2_2fj45_jetNoCut 	; [1000] 	; [(0,1)]  	 ; [(0,-999)] 	 ; [0]
                                  L2_2j25_jetNoCut 	; [1000] 	; [(0,-1)]  	 ; [(0,-999)] 	 ; [0]
                                      L2_g20_tight 	; [1000] 	; [(0,-1)]  	 ; [(0,-999)] 	 ; [0]
                                 L2_e10_medium_TRT 	; [1000] 	; [(0,1)]  	 ; [(0,-999)] 	 ; [0]
                                    L2_InDetMon_FS 	; [1000] 	; [(3.0,0)]  	 ; [(0,-999)] 	 ; [0]
                                      L2_e3_medium 	; [1000] 	; [(30,0)]  	 ; [(0,-999)] 	 ; [50]
                                   L2_L1FJ95_NoAlg 	; [1000] 	; [(0,-1)]  	 ; [(0,-999)] 	 ; [0]
                              L2_MU4_DiMu_FS_noRoI 	; [1000] 	; [(0,1)]  	 ; [(0,-999)] 	 ; [0]
                                            L2_mu4 	; [1000] 	; [(0,1)]  	 ; [(0,-999)] 	 ; [0]
                                            L2_mu6 	; [1000] 	; [(0,1)]  	 ; [(0,-999)] 	 ; [0]
                                      L2_mbRd1_eff 	; [1000] 	; [(0,1)]  	 ; [(0,-999)] 	 ; [0]
                                    L2_2b15_3L1J15 	; [1000] 	; [(0,1)]  	 ; [(0,-999)] 	 ; [1]
                                  L2_em105_passHLT 	; [1000] 	; [(0,1)]  	 ; [(0,-999)] 	 ; [0]
                                   L2_mu4_Jpsie5e3 	; [1000] 	; [(0,1)]  	 ; [(0,-999)]	 ; [0]
                                     L2_xe30_allL1 	; [1000] 	; [(0,0)]  	 ; [(0,-999)] 	 ; [0]
                                     L2_2e5_medium 	; [1000] 	; [(0,1)]  	 ; [(0,-999)] 	 ; [0]
                                    L2_mu10i_loose 	; [1000] 	; [(0,1)]  	 ; [(0,-999)] 	 ; [0]
                              L2_j25_fj10_jetNoCut 	; [1000] 	; [(0,-1)]  	 ; [(0,-999)] 	 ; [0]
                                      L2_mu6_Bmumu 	; [1000] 	; [(0,-1)]  	 ; [(0,-999)] 	 ; [0]
             L2_CosmicsAllTeTRTxK_TRTTrkHypo_Pixel 	; [1000] 	; [(0,-1)]  	 ; [(0,-999)] 	 ; [0]
                               L2_hadCalib_trk9phi 	; [1000] 	; [(10,0)]  	 ; [(0,-999)] 	 ; [0]
                               L2_tau12_IDTrkNoCut 	; [1000] 	; [(0,-1)]  	 ; [(0,-999)] 	 ; [0]
                               L2_xe40_medium_noMu 	; [1000] 	; [(0,1)]  	 ; [(0,-999)] 	 ; [1]
                     L2_tauNoCut_hasTrk6_xe20_noMu 	; [1000] 	; [(0,1)]  	 ; [(0,-999)] 	 ; [0]
                       L2_mu4_MSonly_MB2_noL2_EFFS 	; [1000] 	; [(20,0)]  	 ; [(0,-999)] 	 ; [0]
                                   L2_mu4_Trk_Jpsi 	; [1000] 	; [(0,1)]  	 ; [(0,-999)] 	 ; [0]
                                      L2_b15_4L1J5 	; [1000] 	; [(0,1)]  	 ; [(0,-999)] 	 ; [1]
                                   L2_mu4_unpaired 	; [1000] 	; [(0,1)]  	 ; [(0,-999)] 	 ; [0]
                                      L2_g15_loose 	; [1000] 	; [(0,1)]  	 ; [(0,-999)] 	 ; [0]
                            L2_j45_jetNoCut_cosmic 	; [1000] 	; [(0,-1)]  	 ; [(0,-999)] 	 ; [0]
                                       L2_g5_loose 	; [1000] 	; [(0,1)]  	 ; [(0,-999)] 	 ; [0]
                                  L2_5j25_jetNoCut 	; [1000] 	; [(0,1)]  	 ; [(0,-999)] 	 ; [0]
                                   L2_tau50_medium 	; [1000] 	; [(0,1)]  	 ; [(0,-999)] 	 ; [0]
                                L2_mu4mu6_Jpsimumu 	; [1000] 	; [(0,1)]  	 ; [(0,-999)] 	 ; [0]
                          L2_tau12_loose_xe20_noMu 	; [1000] 	; [(0,1)]  	 ; [(0,-999)] 	 ; [0]
              L2_tauNoCut_hasTrk6_IdScan_xe20_noMu 	; [1000] 	; [(0,1)]  	 ; [(0,-999)] 	 ; [0]
                          L2_trk16_Fwd_Tau_IDCalib 	; [1000] 	; [(0,1)]  	 ; [(0,-999)] 	 ; [0]
                                     L2_2g10_loose 	; [1000:2000] 	; [(0,1):(0,1)]  	 ; [(0,-999):(0,-999)] 	 ; [1:0]
                      L2_tauNoCut_hasTrk_xe20_noMu 	; [1000] 	; [(0,1)]  	 ; [(0,-999)] 	 ; [0]
                               L2_rd0_filled_NoAlg 	; [1000] 	; [(750,0)]  	 ; [(0,-999)] 	 ; [0]
                                     L2_3b10_4L1J5 	; [1000] 	; [(0,1)]  	 ; [(0,-999)] 	 ; [1]
                                L2_TileCalib_laser 	; [1000] 	; [(0,1)]  	 ; [(0,-999)] 	 ; [0]
                                       L2_mu4_DiMu 	; [1000] 	; [(0,1)]  	 ; [(0,-999)] 	 ; [0]
                              L2_tauNoCut_unpaired 	; [1000] 	; [(0,-1)]  	 ; [(0,-999)] 	 ; [1]
                                 L2_2e5_medium_TRT 	; [1000] 	; [(0,-1)]  	 ; [(0,-999)] 	 ; [0]
                                 L2_MU4_DiMu_MG_FS 	; [1000] 	; [(0,1)]  	 ; [(0,-999)] 	 ; [0]
                                    L2_mu4mu6_DiMu 	; [1000] 	; [(0,1)]  	 ; [(0,-999)] 	 ; [0]
                                 L2_2MUL1_l2j30_HV 	; [1000] 	; [(0,1)]  	 ; [(0,-999)] 	 ; [1]
                              L2_tau50_loose_SiTrk 	; [1000] 	; [(0,1)]  	 ; [(0,-999)] 	 ; [1]
                               L2_mb_BCM_AC_CA_eff 	; [1000] 	; [(0,1)]  	 ; [(0,-999)] 	 ; [0]
                               L2_2e5_medium_SiTrk 	; [1000] 	; [(0,-1)]  	 ; [(0,-999)] 	 ; [0]
                                   L2_2tau29_loose 	; [1000] 	; [(0,1)]  	 ; [(0,-999)] 	 ; [1]
                          L2_j25_jetNoCut_unpaired 	; [1000] 	; [(0,-1)]  	 ; [(0,-999)] 	 ; [0]
                                       L2_mu6_DiMu 	; [1000] 	; [(0,1)]  	 ; [(0,-999)] 	 ; [0]
                               L2_tau12_loose_mu10 	; [1000] 	; [(0,1)]  	 ; [(0,-999)] 	 ; [1]
                          L2_tau16_loose_e15_loose 	; [1000] 	; [(0,1)]  	 ; [(0,-999)] 	 ; [1]
        L2_CosmicsAllTeTRTxK_TRTTrkHypo_AllPhysics 	; [1000] 	; [(0,-1)]  	 ; [(0,-999)] 	 ; [0]
                                   L2_mu4_Jpsimumu 	; [1000] 	; [(0,1)]  	 ; [(0,-999)] 	 ; [0]
                                          L2_je135 	; [1000] 	; [(0,1)]  	 ; [(0,-999)] 	 ; [0]
                             L2_mu4_Trk_Jpsi_loose 	; [1000] 	; [(0,1)]  	 ; [(0,-999)] 	 ; [0]
                          L2_mu4_Jpsie5e3_SiTrk_FS 	; [1000] 	; [(0,1)]  	 ; [(0,-999)] 	 ; [0]
                                   L2_2tau38_loose 	; [1000] 	; [(0,1)]  	 ; [(0,-999)] 	 ; [1]
                                     L2_mu6_MSonly 	; [1000] 	; [(0,1)]  	 ; [(0,-999)] 	 ; [0]
                         L2_fj25_jetNoCut_larcalib 	; [1000] 	; [(10,0)]  	 ; [(0,-999)] 	 ; [0]
                             L2_4j25_3j30_jetNoCut 	; [1000] 	; [(0,1)]  	 ; [(0,-999)] 	 ; [0]
                                L2_tauNoCut_cosmic 	; [1000] 	; [(170,0)]  	 ; [(0,-999)] 	 ; [1]
                           L2_trk9_Fwd_Tau_IDCalib 	; [1000] 	; [(25,0)]  	 ; [(0,-999)] 	 ; [0]
                                  L2_2mu4_Jpsimumu 	; [1000] 	; [(0,1)]  	 ; [(0,-999)] 	 ; [0]
                          L2_tau12_loose_e10_loose 	; [1000:2000] 	; [(0,1):(0,1)]  ; [(0,-999):(0,-999)] 	 ; [1:0]
                          L2_mu6_Jpsie5e3_SiTrk_FS 	; [1000] 	; [(0,1)]  	 ; [(0,-999)] 	 ; [0]
                                      L2_2e3_tight 	; [1000] 	; [(0,1)]  	 ; [(0,-999)] 	 ; [0]
                                   L2_mu6_Trk_Jpsi 	; [1000] 	; [(0,1)]  	 ; [(0,-999)] 	 ; [0]
                         L2_j45_jetNoCut_xe12_noMu 	; [1000] 	; [(0,-1)]  	 ; [(0,-999)] 	 ; [0]
                                   L2_j45_jetNoCut 	; [1000] 	; [(0,1)]  	 ; [(0,-999)] 	 ; [0]
                                     L2_2g15_loose 	; [1000] 	; [(0,1)]  	 ; [(0,-999)] 	 ; [0]
                                 L2_mu4_firstempty 	; [1000] 	; [(0,1)]  	 ; [(0,-999)] 	 ; [0]
                                   L2_L2SiTrack_FS 	; [1000] 	; [(0,-1)]  	 ; [(0,-999)] 	 ; [1]
                                L2_mu10_IDTrkNoCut 	; [1000] 	; [(0,1)]  	 ; [(0,-999)] 	 ; [0]
                                      L2_e5_medium 	; [1000] 	; [(0,1)]  	 ; [(0,-999)] 	 ; [500]
                                   L2_j90_jetNoCut 	; [1000] 	; [(0,1)]  	 ; [(0,-999)] 	 ; [0]
                          L2_mbMbts_1_eff_unpaired 	; [1000] 	; [(0,1)]  	 ; [(0,-999)] 	 ; [0]
                                      L2_mu4_SiTrk 	; [1000] 	; [(0,1)]  	 ; [(0,-999)] 	 ; [0]
                                     L2_2j15_deta5 	; [1000] 	; [(0,1)]  	 ; [(0,-999)] 	 ; [0]
                             L2_mu0_unpaired_NoAlg 	; [1000] 	; [(0,1)]  	 ; [(0,-999)] 	 ; [0]
                                 L2_2fj70_jetNoCut 	; [1000] 	; [(0,1)]  	 ; [(0,-999)] 	 ; [0]
                                      L2_xe30_noMu 	; [1000] 	; [(0,1)]  	 ; [(0,-999)] 	 ; [0]
                                          L2_je195 	; [1000] 	; [(0,1)]  	 ; [(0,-999)] 	 ; [0]
                               L2_xe12_medium_noMu 	; [1000] 	; [(0,1)]  	 ; [(0,-999)] 	 ; [0]
                                 L2_mu4_DiMu_SiTrk 	; [1000] 	; [(0,1)]  	 ; [(0,-999)] 	 ; [0]
                                   L2_mu4mu6_Bmumu 	; [1000] 	; [(0,1)]  	 ; [(0,-999)] 	 ; [0]
                                    L2_te100_loose 	; [1000] 	; [(0,1)]  	 ; [(0,-999)] 	 ; [0]
                               L2_mu4_j20_jetNoCut 	; [1000] 	; [(0,-1)]  	 ; [(0,-999)] 	 ; [0]
                                  L2_fj70_jetNoCut 	; [1000] 	; [(0,1)]  	 ; [(0,-999)] 	 ; [0]
                                    L2_2mu4_Bmumux 	; [1000] 	; [(0,1)]  	 ; [(0,-999)] 	 ; [0]
                                        L2_TileMon 	; [1000] 	; [(0,1)]  	 ; [(0,-999)] 	 ; [0]
                                   L2_mbMbts_1_eff 	; [1000] 	; [(0,1)]  	 ; [(0,-999)] 	 ; [0]
                                  L2_2mu4_Upsimumu 	; [1000] 	; [(0,1)]  	 ; [(0,-999)] 	 ; [0]
                                 L2_e15_medium_TRT 	; [1000] 	; [(0,1)]  	 ; [(0,-999)] 	 ; [0]
                        L2_2j35_jetNoCut_xe30_noMu 	; [1000] 	; [(0,1)]  	 ; [(0,-999)] 	 ; [1]
                                   L2_mu6_Jpsie5e3 	; [1000] 	; [(0,1)]  	 ; [(0,-999)] 	 ; [0]
                                L2_mu4_comm_cosmic 	; [1000] 	; [(0,1)]  	 ; [(0,-999)] 	 ; [0]
                                L2_g5_NoCut_cosmic 	; [1000] 	; [(500,0)]  	 ; [(0,-999)] 	 ; [0]
                                     L2_te50_tight 	; [1000] 	; [(0,-1)]  	 ; [(0,-999)] 	 ; [0]
                                  L2_2mu6_Upsimumu 	; [1000] 	; [(0,-1)]  	 ; [(0,-999)] 	 ; [0]
                                  L2_e3_medium_TRT 	; [1000] 	; [(0,-1)]  	 ; [(0,-999)] 	 ; [0]
                                        L2_mbSpTrk 	; [1000] 	; [(30,0)]  	 ; [(0,-999)] 	 ; [0]
                                          L2_te180 	; [1000] 	; [(0,1)]  	 ; [(0,-999)] 	 ; [0]
                                L2_mu4_tile_cosmic 	; [1000] 	; [(0,1)]  	 ; [(0,-999)] 	 ; [0]
                                L2_2mu4_DiMu_noVtx 	; [1000] 	; [(0,1)]  	 ; [(0,-999)] 	 ; [0]
                       L2_mbLucidComm_cosmic_NoAlg 	; [1000] 	; [(0,1)]  	 ; [(0,-999)] 	 ; [0]
                                    L2_mbLucid_eff 	; [1000] 	; [(0,1)]  	 ; [(0,-999)] 	 ; [0]
                        L2_2j35_jetNoCut_xe20_noMu 	; [1000] 	; [(0,1)]  	 ; [(0,-999)] 	 ; [0]
                                    L2_tau84_loose 	; [1000] 	; [(0,1)]  	 ; [(0,-999)] 	 ; [1]
                                   L2_tau38_medium 	; [1000] 	; [(0,1)]        ; [(0,-999)] 	 ; [0]
                                     L2_e10_medium 	; [1000] 	; [(0,1)]  	 ; [(0,-999)] 	 ; [0]
                                L2_2mu4_DiMu_SiTrk 	; [1000] 	; [(0,1)]  	 ; [(0,-999)] 	 ; [0]
                                   L2_mu20_passHLT 	; [1000] 	; [(0,1)]  	 ; [(0,-999)] 	 ; [0]
                                 L2_2e3_medium_TRT 	; [1000] 	; [(0,1)]  	 ; [(0,-999)] 	 ; [0]
                                      L2_xe12_noMu 	; [1000:3000] 	; [(0,1):(10,0)]  	 ; [(0,-999):(0,-999)] 	 ; [0:0]
                                L2_mu4_Upsimumu_FS 	; [1000] 	; [(0,1)]  	 ; [(0,-999)] 	 ; [0]
                                  L2_4j25_jetNoCut 	; [1000] 	; [(0,1)]  	 ; [(0,-999)] 	 ; [0]
                                 L2_mu0_outOfTime2 	; [1000] 	; [(0,1)]  	 ; [(0,-999)] 	 ; [0]
                                 L2_mu0_outOfTime1 	; [1000:2000] 	; [(0,1):(50,0)] ; [(0,-999):(0,-999)] 	 ; [0:0]
                                   L2_j30_jetNoCut 	; [1000] 	; [(0,1)]  	 ; [(0,-999)] 	 ; [0]
                                      L2_2g5_loose 	; [1000] 	; [(0,1)]  	 ; [(0,-999)] 	 ; [0]
                                    L2_te20_medium 	; [1000] 	; [(0,-1)]  	 ; [(0,-999)] 	 ; [0]
                               L2_xe60_medium_noMu 	; [1000] 	; [(0,1)]  	 ; [(0,-999)] 	 ; [1]
                                   L2_2tau16_loose 	; [1000:2000] 	; [(0,1):(0,1)]  ; [(0,-999):(0,-999)] ; [1:0]
                                     L2_mu4_BmumuX 	; [1000] 	; [(0,1)]  	 ; [(0,-999)] 	 ; [0]
                                  L2_2j30_jetNoCut 	; [1000] 	; [(0,-1)]  	 ; [(0,-999)] 	 ; [0]
                               L2_mu4_DiMu_FS_noOS 	; [1000] 	; [(0,1)]  	 ; [(0,-999)] 	 ; [0]
                                 L2_e3_loose_SiTrk 	; [1000] 	; [(0,-1)]  	 ; [(0,-999)] 	 ; [0]
                       L2_mu4_L2MSonly_EFFS_passL2 	; [1000] 	; [(300,0)]  	 ; [(0,-999)] 	 ; [1]
                                       L2_e3_loose 	; [1000] 	; [(80,0)]  	 ; [(0,-999)] 	 ; [0]
                                    L2_L1J95_NoAlg 	; [1000] 	; [(0,1)]  	 ; [(0,-999)] 	 ; [0]
                                      L2_xe45_noMu 	; [1000] 	; [(0,1)]  	 ; [(0,-999)] 	 ; [1]
                                      L2_mu6_NoAlg 	; [1000] 	; [(0,1)]  	 ; [(0,-999)] 	 ; [0]
                        L2_j25_jetNoCut_firstempty 	; [1000] 	; [(0,1)]  	 ; [(0,-999)] 	 ; [0]
                        L2_j45_jetNoCut_firstempty 	; [1000] 	; [(0,-1)]  	 ; [(0,-999)] 	 ; [0]
                            L2_j25_jetNoCut_cosmic 	; [1000] 	; [(0,-1)]  	 ; [(0,-999)] 	 ; [0]
                                    L2_2mu10_NoAlg 	; [1000] 	; [(0,1)]  	 ; [(0,-999)] 	 ; [0]
                         L2_fj95_jetNoCut_larcalib 	; [1000] 	; [(0,1)]  	 ; [(0,-999)] 	 ; [0]
                             L2_xe20_unbiased_noMu 	; [1000] 	; [(0,1)]  	 ; [(0,-999)] 	 ; [0]
                            L2_mbMbts_2_Monitoring 	; [1000] 	; [(0,1)]  	 ; [(0,-999)] 	 ; [0]
                              L2_4j15_j45_jetNoCut 	; [1000] 	; [(0,-1)]  	 ; [(0,-999)] 	 ; [0]
                              L2_mu4_MSonly_cosmic 	; [1000] 	; [(0,1)]  	 ; [(0,-999)] 	 ; [0]
                                     L2_2e3_medium 	; [1000] 	; [(0,1)]  	 ; [(0,-999)] 	 ; [0]
                                  L2_2j15_jetNoCut 	; [1000] 	; [(0,-1)]  	 ; [(0,-999)] 	 ; [0]
                            L2_g20_loose_xe20_noMu 	; [1000] 	; [(0,1)]  	 ; [(0,-999)] 	 ; [1]
                          L2_tau16_loose_xe30_noMu 	; [1000] 	; [(0,1)]  	 ; [(0,-999)] 	 ; [0]
                      L2_mu0_comm_firstempty_NoAlg 	; [1000] 	; [(0,1)]  	 ; [(0,-999)] 	 ; [0]
                                           L2_mu20 	; [1000] 	; [(0,-1)]  	 ; [(0,-999)] 	 ; [0]
                                       L2_g7_loose 	; [1000] 	; [(20,0)]  	 ; [(0,-999)] 	 ; [0]
                                      L2_g40_tight 	; [1000] 	; [(0,1)]  	 ; [(0,-999)] 	 ; [0]
                              L2_mu4_comm_unpaired 	; [1000] 	; [(0,1)]  	 ; [(0,-999)] 	 ; [0]
                               L2_CosmicsAllTeEFID 	; [1000] 	; [(0,-1)]  	 ; [(0,-999)] 	 ; [0]
                                L2_xe12_loose_noMu 	; [1000] 	; [(0,1)]  	 ; [(0,-999)] 	 ; [0]
                             L2_mu4_Jpsie5e3_SiTrk 	; [1000] 	; [(0,-1)]  	 ; [(0,-999)] 	 ; [0]
                                      L2_g30_loose 	; [1000] 	; [(0,1)]  	 ; [(0,-999)] 	 ; [0]
                                  L2_2j45_jetNoCut 	; [1000] 	; [(0,-1)]  	 ; [(0,-999)] 	 ; [0]
                              L2_3j15_j45_jetNoCut 	; [1000] 	; [(0,-1)]  	 ; [(0,-999)] 	 ; [0]
                               L2_mbMbts_2_SpTrkMh 	; [1000] 	; [(0,150)]  	 ; [(0,-999)] 	 ; [0]
                               L2_e10_medium_SiTrk 	; [1000] 	; [(0,1)]  	 ; [(0,-999)] 	 ; [0]
                                     L2_mu4_MSonly 	; [1000] 	; [(0,1)]  	 ; [(0,-999)] 	 ; [0]
                                   L2_j25_jetNoCut 	; [1000] 	; [(0,1)]  	 ; [(0,-999)] 	 ; [0]
                                   L2_2j15_deta3_5 	; [1000] 	; [(0,1)]  	 ; [(0,-999)] 	 ; [0]
                                       L2_tauNoCut 	; [1000] 	; [(0,-1)]  	 ; [(0,-999)] 	 ; [1]
                                      L2_xe35_noMu 	; [1000] 	; [(0,1)]  	 ; [(0,-999)] 	 ; [1]
                             L2_tauNoCut_hasTrk_MV 	; [1000] 	; [(0,1)]  	 ; [(0,-999)] 	 ; [0]
                                     L2_trk9_loose 	; [1000] 	; [(10,0)]  	 ; [(0,-999)] 	 ; [0]
                                      L2_xe20_noMu 	; [1000:2000] 	; [(0,1):(0,1)]  	 ; [(0,-999):(0,-999)] 	 ; [1:0]
                              L2_g3_NoCut_unpaired 	; [1000] 	; [(500,0)]  	 ; [(0,-999)] 	 ; [0]
                                 L2_xe30_allL1_FEB 	; [1000] 	; [(0,-1)]  	 ; [(0,-999)] 	 ; [0]
                          L2_e10_medium_IDTrkNoCut 	; [1000] 	; [(0,1)]  	 ; [(0,-999)] 	 ; [0]
                         L2_j45_jetNoCut_xe30_noMu 	; [1000] 	; [(0,1)]  	 ; [(0,-999)] 	 ; [0]
                               L2_e20_loose_passEF 	; [1000] 	; [(0,1)]  	 ; [(0,-999)] 	 ; [0]
                                    L2_tau29_loose 	; [1000:2000] 	; [(0,1):(0,1)]  	 ; [(0,-999):(0,-999)] 	 ; [1:0]
                                      L2_g20_loose 	; [1000] 	; [(0,1)]  	 ; [(0,-999)] 	 ; [0]
                                      L2_2mu4_DiMu 	; [1000] 	; [(0,1)]  	 ; [(0,-999)] 	 ; [0]
                                    L2_mu4_DiMu_MG 	; [1000] 	; [(0,-1)]  	 ; [(0,-999)] 	 ; [0]
                             L2_mu6_Jpsie5e3_SiTrk 	; [1000] 	; [(0,1)]  	 ; [(0,-999)] 	 ; [0]
   L2_CosmicsAllTeSiTrack_AllPhysics_4Hits_TrkHypo 	; [1000] 	; [(0,-1)]  	 ; [(0,-999)] 	 ; [0]
                                 L2_2fj25_nojetcut 	; [1000] 	; [(0,1)]  	 ; [(0,-999)] 	 ; [0]
                                  L2_3j45_jetNoCut 	; [1000] 	; [(0,1)]  	 ; [(0,-999)] 	 ; [0]
                            L2_mu4_comm_firstempty 	; [1000] 	; [(0,1)]  	 ; [(0,-999)] 	 ; [0]
                                      L2_g50_loose 	; [1000] 	; [(0,-1)]  	 ; [(0,-999)] 	 ; [0]
                                      L2_xe25_noMu 	; [1000] 	; [(0,1)]  	 ; [(0,-999)] 	 ; [0]
                                      L2_mu0_NoAlg 	; [1000] 	; [(0,-1)]  	 ; [(0,-999)] 	 ; [0]
                            L2_tauNoCut_firstempty 	; [1000] 	; [(0,-1)]  	 ; [(0,-999)] 	 ; [1]
                                  L2_6j25_jetNoCut 	; [1000] 	; [(0,1)]  	 ; [(0,-999)] 	 ; [0]
                                            L2_b30 	; [1000] 	; [(0,1)]  	 ; [(0,-999)] 	 ; [0]
                          L2_tau16_loose_xe25_noMu 	; [1000] 	; [(0,1)]  	 ; [(0,-999)] 	 ; [0]
                                L2_mu0_empty_NoAlg 	; [1000] 	; [(0,1)]  	 ; [(0,-999)] 	 ; [0]
                                          L2_2mu10 	; [1000] 	; [(0,1)]  	 ; [(0,-999)] 	 ; [0]
                                L2_mu4mu6_Upsimumu 	; [1000] 	; [(0,1)]  	 ; [(0,-999)] 	 ; [0]
                               L2_mbSpTrk_unpaired 	; [1000] 	; [(0,1)]  	 ; [(0,-999)] 	 ; [0]
                                       L2_mu4_trod 	; [1000] 	; [(0,1)]  	 ; [(0,-999)] 	 ; [0]
                                      L2_g40_loose 	; [1000] 	; [(0,1)]  	 ; [(0,-999)] 	 ; [0]
                                      L2_e10_tight 	; [1000] 	; [(0,1)]  	 ; [(0,-999)] 	 ; [0]
                                L2_mu4_Jpsie5e3_FS 	; [1000] 	; [(0,1)]  	 ; [(0,-999)] 	 ; [0]
                                 L2_e10_loose_mu10 	; [1000] 	; [(0,-1)]  	 ; [(0,-999)] 	 ; [0]
                                  L2_2j70_jetNoCut 	; [1000] 	; [(0,-1)]  	 ; [(0,-999)] 	 ; [0]
                                L2_mb_BCM_Wide_eff 	; [1000] 	; [(0,1)]  	 ; [(0,-999)] 	 ; [0]
                                 L2_zerobias_NoAlg 	; [1000] 	; [(0,1)]  	 ; [(0,-999)] 	 ; [0]
                        L2_2j35_jetNoCut_xe40_noMu 	; [1000] 	; [(0,1)]  	 ; [(0,-999)] 	 ; [0]
                             L2_mbZdc_eff_unpaired 	; [1000] 	; [(0,1)]  	 ; [(0,-999)] 	 ; [0]
                                L2_mu4_Trk_Jpsi_FS 	; [1000] 	; [(0,1)]  	 ; [(0,-999)] 	 ; [0]
                           L2_e20_loose_IDTrkNoCut 	; [1000] 	; [(0,1)]  	 ; [(0,-999)] 	 ; [0]
                                         L2_mu6_MG 	; [1000] 	; [(0,1)]  	 ; [(0,-999)] 	 ; [0]
                            L2_g25_loose_xe30_noMu 	; [1000] 	; [(0,1)]  	 ; [(0,-999)] 	 ; [1]
                               L2_2e3_medium_SiTrk 	; [1000] 	; [(0,1)]  	 ; [(0,-999)] 	 ; [0]
                         L2_mu4_MSonly_EFFS_passL2 	; [1000] 	; [(300,0)]  	 ; [(0,-999)] 	 ; [1]
                                   L2_j15_jetNoCut 	; [1000] 	; [(0,1)]  	 ; [(0,-999)] 	 ; [0]
                              L2_mu4_l1j55_matched 	; [1000] 	; [(0,1)]  	 ; [(0,-999)] 	 ; [1]
                                  L2_hadCalib_trk9 	; [1000] 	; [(10,0)]  	 ; [(0,-999)] 	 ; [0]
                                    L2_2mu6_Bmumux 	; [1000] 	; [(0,1)]  	 ; [(0,-999)] 	 ; [0]
                                        L2_mu10_MG 	; [1000] 	; [(0,1)]  	 ; [(0,-999)] 	 ; [0]
         L2_CosmicsAllTeSiTrack_AllPhysics_TrkHypo 	; [1000] 	; [(0,-1)]  	 ; [(0,-999)] 	 ; [0]
                         L2_mu4_comm_MSonly_cosmic 	; [1000] 	; [(0,1)]  	 ; [(0,-999)] 	 ; [0]
    L2_CosmicsAllTeIDSCAN_AllPhysics_4Hits_TrkHypo 	; [1000] 	; [(0,-1)]  	 ; [(0,-999)] 	 ; [0]
                      L2_trk16_Central_Tau_IDCalib 	; [1000] 	; [(0,1)]  	 ; [(0,-999)] 	 ; [0]
                                    L2_mu0_rpcOnly 	; [1000:2000] 	; [(0,1):(80,0)] ; [(0,-999):(0,-999)] 	 ; [0:0]
                          L2_j45_jetNoCut_larcalib 	; [1000] 	; [(0,1)]  	 ; [(0,-999)] 	 ; [0]
                           L2_j5_jetNoCut_unpaired 	; [1000] 	; [(0,-1)]  	 ; [(0,-999)] 	 ; [0]
                                L2_mu6_Upsimumu_FS 	; [1000] 	; [(0,1)]  	 ; [(0,-999)] 	 ; [0]
                                           L2_mu10 	; [1000] 	; [(0,1)]  	 ; [(0,-999)] 	 ; [0]
                                           L2_mu13 	; [1000] 	; [(0,1)]  	 ; [(0,-999)] 	 ; [0]
                                           L2_mu15 	; [1000] 	; [(0,1)]  	 ; [(0,-999)] 	 ; [0]
                                  L2_mu6_muCombTag 	; [1000] 	; [(0,1)]  	 ; [(0,-999)] 	 ; [0]
                                 L2_b10_IDTrkNoCut 	; [1000] 	; [(0,1)]  	 ; [(0,-999)] 	 ; [0]
                                    L2_mu20_MSonly 	; [1000] 	; [(0,1)]  	 ; [(0,-999)] 	 ; [0]
                                     L2_mu10_SiTrk 	; [1000] 	; [(0,1)]  	 ; [(0,-999)] 	 ; [0]
                       L2_trk9_Central_Tau_IDCalib 	; [1000] 	; [(0,1)]  	 ; [(0,-999)] 	 ; [0]
                                    L2_mu30_MSonly 	; [1000] 	; [(0,1)]  	 ; [(0,-999)] 	 ; [0]
                 L2_vtxbeamspot_activeTE_SiTrk_peb 	; [1000] 	; [(100,0)]  	 ; [(0,-999)] 	 ; [0]
                                  L2_tau125_medium 	; [1000] 	; [(0,1)]  	 ; [(0,-999)] 	 ; [1]
                                      L2_2g7_loose 	; [1000] 	; [(0,1)]  	 ; [(0,-999)] 	 ; [0]
                                 L2_mu0_missingRoi 	; [1000] 	; [(0,1)]  	 ; [(0,-999)] 	 ; [0]
          L2_CosmicsAllTeIDSCAN_AllPhysics_TrkHypo 	; [1000] 	; [(0,-1)]  	 ; [(0,-999)] 	 ; [0]
                             L2_3j25_2j45_jetNoCut 	; [1000] 	; [(0,-1)]  	 ; [(0,-999)] 	 ; [0]
                              L2_3j25_j45_jetNoCut 	; [1000] 	; [(0,-1)]  	 ; [(0,-999)] 	 ; [0]
                                      L2_2mu6_DiMu 	; [1000] 	; [(0,1)]  	 ; [(0,-999)] 	 ; [0]
                                            L2_b15 	; [1000] 	; [(0,1)]  	 ; [(0,-999)] 	 ; [1]
                                            L2_b10 	; [1000] 	; [(0,1)]  	 ; [(0,-999)] 	 ; [1]
                                  L2_4j30_jetNoCut 	; [1000] 	; [(0,1)]  	 ; [(0,-999)] 	 ; [0]
                                   L2_mu6_Jpsimumu 	; [1000] 	; [(0,1)]  	 ; [(0,-999)] 	 ; [0]
                           L2_mu0_comm_empty_NoAlg 	; [1000] 	; [(0,1)]  	 ; [(0,-999)] 	 ; [0]
                                L2_mu4_Trk_Upsi_FS 	; [1000] 	; [(0,1)]  	 ; [(0,-999)] 	 ; [0]
                               L2_tau50_IDTrkNoCut 	; [1000] 	; [(0,1)]  	 ; [(0,-999)] 	 ; [1]
                          L2_tau20_loose_xe25_noMu 	; [1000] 	; [(0,1)]  	 ; [(0,-999)] 	 ; [0]
                                      L2_e10_NoCut 	; [1000] 	; [(150,0)]  	 ; [(0,-999)] 	 ; [1]
                                 L2_mu4_DiMu_MG_FS 	; [1000] 	; [(0,1)]  	 ; [(0,-999)] 	 ; [0]
                           L2_mu0_firstempty_NoAlg 	; [1000] 	; [(100,0)]  	 ; [(0,-999)] 	 ; [0]
                                  L2_2e3_loose_TRT 	; [1000] 	; [(0,1)]  	 ; [(0,-999)] 	 ; [0]
                            L2_g20_loose_xe30_noMu 	; [1000] 	; [(0,1)]  	 ; [(0,-999)] 	 ; [1]
                                        L2_mu4_mu6 	; [1000] 	; [(0,1)]  	 ; [(0,-999)] 	 ; [0]
                        L2_SeededStreamerWarmStart 	; [1000] 	; [(0,-1)]  	 ; [(0,-999)] 	 ; [0]
                                  L2_e10_loose_mu6 	; [1000] 	; [(0,1)]  	 ; [(0,-999)] 	 ; [0]
                                      L2_2e3_loose 	; [1000] 	; [(0,1)]  	 ; [(0,-999)] 	 ; [0]
                                   L2_2tau12_loose 	; [1000:2000] 	; [(0,1):(0,1)]  ; [(0,-999):(0,-999)] 	 ; [1:0]
                                     L2_e15_medium 	; [1000] 	; [(0,1)]  	 ; [(0,-999)] 	 ; [0]
                                 L2_EFInsideOut_FS 	; [1000] 	; [(0,-1)]  	 ; [(0,-999)] 	 ; [1]
                               L2_e15_medium_SiTrk 	; [1000] 	; [(0,-1)]  	 ; [(0,-999)] 	 ; [0]
                            L2_e20_loose_xe30_noMu 	; [1000] 	; [(0,1)]  	 ; [(0,-999)] 	 ; [1]
                               L2_tau12_loose_2b15 	; [1000] 	; [(0,1)]  	 ; [(0,-999)] 	 ; [1]
        L2_Cosmics_MU0_COMM_TRTxK_TRTTrkHypo_Pixel 	; [1000] 	; [(0,-1)]  	 ; [(0,-999)] 	 ; [0]
                                    L2_tau20_loose 	; [1000:3000] 	; [(0,1):(15,0)]  	 ; [(0,-999):(0,-999)] 	 ; [0:0]
                                  L2_e5_medium_mu4 	; [1000] 	; [(0,1)]  	 ; [(0,-999)] 	 ; [0]
                          L2_mbRmMbts_1_NoCut_Time 	; [1000] 	; [(50,0)]  	 ; [(0,-999)] 	 ; [0]
                                      L2_g30_tight 	; [1000] 	; [(0,1)]  	 ; [(0,-999)] 	 ; [1]
                                    L2_tau50_loose 	; [1000] 	; [(0,1)]  	 ; [(0,-999)] 	 ; [1]
                          L2_tau12_loose_xe15_noMu 	; [1000] 	; [(0,1)]  	 ; [(0,-999)] 	 ; [8]
                                     L2_e20_medium 	; [1000] 	; [(0,1)]  	 ; [(0,-999)] 	 ; [1]
                                           L2_xe12 	; [1000] 	; [(0,1)]  	 ; [(0,-999)] 	 ; [0]
                                   L2_2j30_deta3_5 	; [1000] 	; [(0,1)]  	 ; [(0,-999)] 	 ; [0]
                                  L2_fj25_jetNoCut 	; [1000] 	; [(0,1)]  	 ; [(0,-999)] 	 ; [0]
                                L2_mu6_Jpsie5e3_FS 	; [1000] 	; [(0,1)]  	 ; [(0,-999)] 	 ; [0]
                                   L2_2tau20_loose 	; [1000:2000] 	; [(0,1):(0,1)]  ; [(0,-999):(0,-999)] ; [1:0]
                                     L2_mu4_cosmic 	; [1000] 	; [(0,1)]  	 ; [(0,-999)] 	 ; [0]
                                  L2_mu4_muCombTag 	; [1000] 	; [(0,1)]  	 ; [(0,-999)] 	 ; [0]
                                 L2_MU4_DiMu_SiTrk 	; [1000] 	; [(0,1)]  	 ; [(0,-999)] 	 ; [0]
                            L2_e20_loose_xe20_noMu 	; [1000] 	; [(0,1)]  	 ; [(0,-999)] 	 ; [1]
                          L2_j90_jetNoCut_larcalib 	; [1000] 	; [(0,1)]  	 ; [(0,-999)] 	 ; [0]
                                     L2_mu6_BmumuX 	; [1000] 	; [(0,1)]  	 ; [(0,-999)] 	 ; [0]
                                L2_mu4_trod_cosmic 	; [1000] 	; [(0,1)]  	 ; [(0,-999)] 	 ; [0]
                            L2_xe30_allL1_allCells 	; [1000] 	; [(0,-1)]  	 ; [(0,-999)] 	 ; [0]
                               L2_fj10_empty_NoAlg 	; [1000] 	; [(0,-1)]  	 ; [(0,-999)] 	 ; [0]
                          L2_trk29_Fwd_Tau_IDCalib 	; [1000] 	; [(0,1)]  	 ; [(0,-999)] 	 ; [0]
                                    L2_mu10_MSonly 	; [1000] 	; [(0,1)]  	 ; [(0,-999)] 	 ; [0]
                                       L2_mu4_tile 	; [1000] 	; [(5,0)]  	 ; [(0,-999)] 	 ; [0]
                         L2_mbLucid_A_eff_unpaired 	; [1000] 	; [(0,1)]  	 ; [(0,-999)] 	 ; [0]
                     L2_vtxbeamspot_FSTracks_SiTrk 	; [1000] 	; [(0,1)]  	 ; [(0,-999)] 	 ; [0]
                               L2_xe15_medium_noMu 	; [1000] 	; [(0,1)]  	 ; [(0,-999)] 	 ; [0]
                                  L2_fj45_jetNoCut 	; [1000] 	; [(0,1)]  	 ; [(0,-999)] 	 ; [0]
                               L2_tau16_loose_2b15 	; [1000] 	; [(0,1)]  	 ; [(0,-999)] 	 ; [0]
                                    L2_tau16_loose 	; [1000:2000] 	; [(0,1):(5,0)]  ; [(0,-999):(0,-999)] 	 ; [0:0]
                                   L2_j70_jetNoCut 	; [1000] 	; [(0,1)]  	 ; [(0,-999)] 	 ; [0]
                               L2_e20_loose_passL2 	; [1000] 	; [(0,1)]  	 ; [(0,-999)] 	 ; [1]
                                     L2_2mu4_Bmumu 	; [1000] 	; [(0,1)]  	 ; [(0,-999)] 	 ; [0]
                                 L2_mu0_comm_NoAlg 	; [1000] 	; [(0,1)]  	 ; [(0,-999)] 	 ; [0]
                                     L2_mu15_NoAlg 	; [1000] 	; [(0,1)]  	 ; [(0,-999)] 	 ; [0]
                                L2_2e3_loose_SiTrk 	; [1000] 	; [(0,1)]  	 ; [(0,-999)] 	 ; [0]
                                L2_e3_medium_SiTrk 	; [1000] 	; [(0,-1)]  	 ; [(0,-999)] 	 ; [0]
                                   L2_j30_L1TAU_HV 	; [1000] 	; [(0,1)]  	 ; [(0,-999)] 	 ; [0]
L2_CosmicsAllTeTRTxK_TRTTrkHypo_AllPhysics_NoField 	; [1000] 	; [(0,-1)]  	 ; [(0,-999)] 	 ; [0]
                                      L2_mu4_Bmumu 	; [1000] 	; [(0,1)]  	 ; [(0,-999)] 	 ; [0]
                                  L2_mb_BCM_HT_eff 	; [1000] 	; [(0,1)]  	 ; [(0,-999)] 	 ; [0]
                                      L2_e20_loose 	; [1000] 	; [(0,1)]  	 ; [(0,-999)] 	 ; [8]
                                    L2_3b10_4L1J10 	; [1000] 	; [(0,1)]  	 ; [(0,-999)] 	 ; [1]
                                  L2_e5_medium_TRT 	; [1000] 	; [(0,-1)]  	 ; [(0,-999)] 	 ; [0]
                               L2_tau16_loose_mu15 	; [1000] 	; [(0,1)]  	 ; [(0,-999)] 	 ; [0]
                               L2_tau16_loose_mu10 	; [1000] 	; [(0,1)]  	 ; [(0,-999)] 	 ; [0]
                   L2_tauNoCut_hasTrk6_EFxe15_noMu 	; [1000] 	; [(0,1)]  	 ; [(0,-999)] 	 ; [0]
                                  L2_4j45_jetNoCut 	; [1000] 	; [(0,1)]  	 ; [(0,-999)] 	 ; [0]
                                     L2_b10_4L1J10 	; [1000] 	; [(0,1)]  	 ; [(0,-999)] 	 ; [1]
                              L2_mu4_DiMu_SiTrk_FS 	; [1000] 	; [(0,1)]  	 ; [(0,-999)] 	 ; [0]
                   L2_tau12_loose_IdScan_xe15_noMu 	; [1000] 	; [(0,1)]  	 ; [(0,-999)] 	 ; [0]
                                           L2_2mu4 	; [1000] 	; [(0,1)]  	 ; [(0,-999)] 	 ; [0]
                                           L2_2mu6 	; [1000] 	; [(0,1)]  	 ; [(0,-999)] 	 ; [0]
                                 L2_mu4_IDTrkNoCut 	; [1000] 	; [(0,1)]  	 ; [(0,-999)] 	 ; [0]
                          L2_mu4_Trk_Upsi_loose_FS 	; [1000] 	; [(0,1)]  	 ; [(0,-999)] 	 ; [0]
                          L2_tau16_loose_xe20_noMu 	; [1000] 	; [(0,1)]  	 ; [(0,-999)] 	 ; [0]
                                         L2_mu4_MV 	; [1000] 	; [(0,1)]  	 ; [(0,-999)] 	 ; [0]
                                         L2_mu4_MG 	; [1000] 	; [(0,1)]  	 ; [(0,-999)] 	 ; [0]
                                  L2_3j30_jetNoCut 	; [1000] 	; [(0,1)]  	 ; [(0,-999)] 	 ; [0]
                                    L2_MU4_DiMu_FS 	; [1000] 	; [(0,1)]  	 ; [(0,-999)] 	 ; [0]
                            L2_trk6_IDSCAN_IDCalib 	; [1000] 	; [(0,-1)]  	 ; [(0,-999)] 	 ; [0]
                                   L2_tau84_medium 	; [1000] 	; [(0,1)]  	 ; [(0,-999)] 	 ; [1]
                        L2_mu0_comm_unpaired_NoAlg 	; [1000] 	; [(0,1)]  	 ; [(0,-999)] 	 ; [0]
                    L2_vtxbeamspot_allTE_SiTrk_peb 	; [1000] 	; [(0,1)]  	 ; [(0,-999)] 	 ; [0]
                                    L2_MU4_DiMu_MG 	; [1000] 	; [(0,1)]  	 ; [(0,-999)] 	 ; [0]
                                     L2_2mu0_NoAlg 	; [1000] 	; [(0,1)]  	 ; [(0,-999)] 	 ; [0]
                                 L2_j5_empty_NoAlg 	; [1000] 	; [(170,0)]  	 ; [(0,-999)] 	 ; [0]
                               L2_j30_Trackless_HV 	; [1000] 	; [(0,1)]  	 ; [(0,-999)] 	 ; [0]
                              L2_mu4_l1j10_matched 	; [1000] 	; [(0,1)]  	 ; [(0,-999)] 	 ; [0]
                              L2_mu4_l1j15_matched 	; [1000] 	; [(0,1)]  	 ; [(0,-999)] 	 ; [0]
                                   L2_EFTRTOnly_FS 	; [1000] 	; [(0,-1)]  	 ; [(0,-999)] 	 ; [1]
                                      L2_mbZdc_eff 	; [1000] 	; [(0,1)]  	 ; [(0,-999)] 	 ; [0]
                                L2_rd0_empty_NoAlg 	; [1000] 	; [(750,0)]  	 ; [(0,-999)] 	 ; [0]
                      L2_tau16_loose_3j30_jetNoCut 	; [1000] 	; [(0,1)]  	 ; [(0,-999)] 	 ; [1]
                                          L2_je350 	; [1000] 	; [(0,1)]  	 ; [(0,-999)] 	 ; [0]
                     L2_tauNoCut_hasTrk9_xe20_noMu 	; [1000] 	; [(0,1)]  	 ; [(0,-999)] 	 ; [0]
                                    L2_2b10_3L1J10 	; [1000] 	; [(0,1)]  	 ; [(0,-999)] 	 ; [1]
                         L2_j115_jetNoCut_larcalib 	; [1000] 	; [(0,1)]  	 ; [(0,-999)] 	 ; [0]
                                     L2_2b10_4L1J5 	; [1000] 	; [(0,1)]  	 ; [(0,-999)] 	 ; [1]
                           L2_e15_loose_IDTrkNoCut 	; [1000] 	; [(0,1)]  	 ; [(0,-999)] 	 ; [0]
                      EF_tau12_loose_3j35_jetNoCut 	; [1000] 	; [(0,1)]  	 ; [(0,-999)] 	 ; [0]
                                   EF_2j30_deta3_5 	; [1000] 	; [(0,1)]  	 ; [(0,-999)] 	 ; [0]
                                   EF_e5_medium_MV 	; [1000] 	; [(0,1)]  	 ; [(0,-999)] 	 ; [0]
                                  EF_j115_jetNoCut 	; [1000] 	; [(0,1)]  	 ; [(0,-999)] 	 ; [0]
                              EF_MU4_DiMu_SiTrk_FS 	; [1000] 	; [(0,1)]  	 ; [(0,-999)] 	 ; [0]
                                    EF_tau12_loose 	; [1000] 	; [(0,1)]  	 ; [(80,0)] 	 ; [0]
                            EF_e5_NoCut_firstempty 	; [1000] 	; [(0,1)]  	 ; [(0,-999)] 	 ; [0]
                        EF_tau12_loose_EFxe12_noMu 	; [1000] 	; [(0,1)]  	 ; [(0,-999)] 	 ; [0]
                                EF_rd1_empty_NoAlg 	; [1000] 	; [(0,1)]  	 ; [(0,-999)] 	 ; [0]
                                      EF_e15_tight 	; [1000] 	; [(0,1)]  	 ; [(0,-999)] 	 ; [0]
                         EF_fj50_jetNoCut_larcalib 	; [1000] 	; [(0,1)]  	 ; [(0,-999)] 	 ; [0]
                                    EF_trk16_loose 	; [1000] 	; [(0,1)]  	 ; [(0,-999)] 	 ; [0]
                          EF_tau16_loose_e10_loose 	; [1000] 	; [(0,1)]  	 ; [(0,-999)] 	 ; [0]
                                  EF_mu4_DiMu_noOS 	; [1000] 	; [(0,1)]  	 ; [(0,-999)] 	 ; [200]
                         EF_j50_jetNoCut_xe30_noMu 	; [1000] 	; [(0,1)]  	 ; [(0,-999)] 	 ; [0]
                                    EF_3b15_4L1J15 	; [1000] 	; [(0,1)]  	 ; [(0,-999)] 	 ; [1]
                                      EF_e15_loose 	; [1000:10000] 	; [(0,1):(0,1)]  ; [(2,0):(0,-999)] 	 ; [0:0]
                                     EF_mu10_NoAlg 	; [1000] 	; [(0,1)]  	 ; [(0,-999)] 	 ; [0]
                                      EF_xe25_noMu 	; [1000] 	; [(0,1)]  	 ; [(0,-999)] 	 ; [0]
                                   EF_cost_monitor 	; [1000] 	; [(0,100)]  	 ; [(0,-999)] 	 ; [0]
                             EF_mbRd0_eff_unpaired 	; [1000] 	; [(0,1)]  	 ; [(0,-999)] 	 ; [0]
                          EF_j20_jetNoCut_larcalib 	; [1000] 	; [(10,0)]  	 ; [(0,-999)] 	 ; [0]
                              EF_mu4_l1j30_matched 	; [1000] 	; [(0,1)]  	 ; [(0,-999)] 	 ; [0]
                                     EF_2mu6_Bmumu 	; [1000] 	; [(0,1)]  	 ; [(0,-999)] 	 ; [0]
                                 EF_mu6_IDTrkNoCut 	; [1000:10000] 	; [(0,1):(0,1)]  ; [(5,0):(0,-999)] 	 ; [0:0]
                           EF_2mu4_DiMu_noVtx_noOS 	; [1000] 	; [(0,1)]  	 ; [(0,-999)] 	 ; [0]
                               EF_mu4_j30_jetNoCut 	; [1000] 	; [(0,1)]  	 ; [(0,-999)] 	 ; [0]
                                EF_mbSpBg_unpaired 	; [1000] 	; [(0,1)]  	 ; [(0,-999)] 	 ; [0]
                                    EF_allL1_noHLT 	; [1000] 	; [(0,-1)]  	 ; [(0,-999)] 	 ; [0]
                              EF_4j20_j35_jetNoCut 	; [1000] 	; [(0,1)]  	 ; [(0,-999)] 	 ; [0]
                         EF_mbLucid_C_eff_unpaired 	; [1000] 	; [(0,1)]  	 ; [(0,-999)] 	 ; [0]
                                      EF_e10_loose 	; [1000] 	; [(0,1)]  	 ; [(0,-999)] 	 ; [0]
                                   EF_L1J115_NoAlg 	; [1000] 	; [(0,1)]  	 ; [(0,1)] 	 ; [0]
                                  EF_2mu6_Jpsimumu 	; [1000] 	; [(0,1)]  	 ; [(0,-999)] 	 ; [0]
                               EF_mu4_l1j5_matched 	; [1000] 	; [(0,1)]  	 ; [(0,-999)] 	 ; [0]
                                      EF_mu6_SiTrk 	; [1000] 	; [(0,1)]  	 ; [(0,-999)] 	 ; [0]
                                    EF_tau38_loose 	; [1000] 	; [(0,1)]  	 ; [(0,-999)] 	 ; [0]
                                       EF_MU4_DiMu 	; [1000] 	; [(0,1)]  	 ; [(0,-999)] 	 ; [200]
                                   EF_tau125_loose 	; [1000] 	; [(0,1)]  	 ; [(0,-999)] 	 ; [0]
                                      EF_g11_etcut 	; [1000] 	; [(0,1)]  	 ; [(0,-999)] 	 ; [0]
                                      EF_g17_etcut      ; [1000]        ; [(0,1)]        ; [(0,-999)]    ; [0]
				EF_e5_medium_SiTrk 	; [1000] 	; [(0,1)]  	 ; [(0,-999)] 	 ; [0]
                                      EF_g10_loose 	; [1000:10000] 	; [(0,1):(0,1) 	 ; [(20,0):(0,-999)] 	 ; [0:0]
                                    EF_L2IdScan_FS 	; [1000] 	; [(0,1)]  	 ; [(0,1)] 	 ; [1]
                                     EF_mu20_NoAlg 	; [1000] 	; [(0,1)]  	 ; [(0,-999)] 	 ; [0]
                                    EF_mu4_DiMu_FS 	; [1000] 	; [(0,1)]  	 ; [(0,-999)] 	 ; [200]
                                     EF_je255_noEF 	; [1000] 	; [(0,1)]  	 ; [(0,-999)] 	 ; [0]
                                   EF_e3_loose_TRT 	; [1000] 	; [(0,1)]  	 ; [(0,-999)] 	 ; [0]
                                     EF_2mu6_NoAlg 	; [1000] 	; [(0,1)]  	 ; [(0,-999)] 	 ; [0]
                                 EF_2fj50_jetNoCut 	; [1000] 	; [(0,1)]  	 ; [(0,-999)] 	 ; [0]
                                  EF_2j30_jetNoCut 	; [1000] 	; [(0,1)]  	 ; [(0,-999)] 	 ; [0]
                                      EF_g20_tight 	; [1000] 	; [(0,1)]  	 ; [(0,-999)] 	 ; [0]
                                 EF_e10_medium_TRT 	; [1000] 	; [(0,1)]  	 ; [(0,-999)] 	 ; [0]
                                    EF_InDetMon_FS 	; [1000] 	; [(0,1)]  	 ; [(3,0)] 	 ; [0]
                                      EF_e3_medium 	; [1000] 	; [(0,1)]  	 ; [(0,-999)] 	 ; [0]
                                   EF_L1FJ95_NoAlg 	; [1000] 	; [(0,1)]  	 ; [(0,-999)] 	 ; [0]
                              EF_MU4_DiMu_FS_noRoI 	; [1000] 	; [(0,1)]  	 ; [(0,-999)] 	 ; [0]
                                            EF_mu4 	; [1000:10000] 	; [(0,1):(0,1)]	 ; [(10,0):(0,-999) ; [0:0]
                                            EF_mu6 	; [1000] 	; [(0,1)]  	 ; [(0,1)] 	 ; [0]
                                      EF_mbRd1_eff 	; [1000] 	; [(0,1)]  	 ; [(0,1)] 	 ; [0]
                                    EF_2b15_3L1J15 	; [1000] 	; [(0,1)]  	 ; [(0,-999)] 	 ; [1]
                                  EF_em105_passHLT 	; [1000] 	; [(0,1)]  	 ; [(0,-999)] 	 ; [1]
                                   EF_mu4_Jpsie5e3 	; [1000] 	; [(0,1)]  	 ; [(0,-999)] 	 ; [0]
                                     EF_xe30_allL1 	; [1000] 	; [(0,0)]  	 ; [(0,-999)] 	 ; [0]
                                     EF_2e5_medium 	; [1000] 	; [(0,1)]  	 ; [(0,-999)] 	 ; [0]
                                    EF_mu10i_loose 	; [1000] 	; [(0,1)]  	 ; [(0,-999)] 	 ; [0]
                              EF_j30_fj10_jetNoCut 	; [1000] 	; [(0,1)]  	 ; [(0,-999)] 	 ; [0]
                                      EF_mu6_Bmumu 	; [1000] 	; [(0,1)]  	 ; [(0,-999)] 	 ; [0]
             EF_CosmicsAllTeTRTxK_TRTTrkHypo_Pixel 	; [1000] 	; [(0,-1)]  	 ; [(0,-999)] 	 ; [0]
                               EF_hadCalib_trk9phi 	; [1000] 	; [(0,1)]  	 ; [(0,-999)] 	 ; [0]
                               EF_tau12_IDTrkNoCut 	; [1000] 	; [(0,1)]  	 ; [(0,1)] 	 ; [0]
                               EF_xe60_medium_noMu 	; [1000] 	; [(0,1)]  	 ; [(0,-999)] 	 ; [1]
                     EF_tauNoCut_hasTrk6_xe20_noMu 	; [1000] 	; [(0,1)]  	 ; [(0,-999)] 	 ; [0]
                       EF_mu4_MSonly_MB2_noL2_EFFS 	; [1000] 	; [(0,1)]  	 ; [(0,-999)] 	 ; [0]
                                   EF_mu4_Trk_Jpsi 	; [1000] 	; [(0,1)]  	 ; [(0,-999)] 	 ; [1]
                                      EF_b15_4L1J5 	; [1000] 	; [(0,1)]  	 ; [(0,-999)] 	 ; [0]
                                   EF_mu4_unpaired 	; [1000] 	; [(0,1)]  	 ; [(0,-999)] 	 ; [0]
                             EF_g50_loose_larcalib 	; [1000] 	; [(0,1)]  	 ; [(0,-999)] 	 ; [0]
                                      EF_g15_loose 	; [1000] 	; [(0,1)]  	 ; [(0,-999)] 	 ; [0]
                            EF_j50_jetNoCut_cosmic 	; [1000] 	; [(0,1)]  	 ; [(0,-999)] 	 ; [0]
                                       EF_g5_loose 	; [1000] 	; [(90,0)]  	 ; [(0,-999)] 	 ; [0]
                             EF_g40_loose_larcalib 	; [1000] 	; [(0,1)]  	 ; [(0,-999)] 	 ; [0]
                                  EF_5j30_jetNoCut 	; [1000] 	; [(0,1)]  	 ; [(0,-999)] 	 ; [0]
                                   EF_tau50_medium 	; [1000] 	; [(0,1)]  	 ; [(0,-999)] 	 ; [0]
                                EF_mu4mu6_Jpsimumu 	; [1000] 	; [(0,1)]  	 ; [(0,-999)] 	 ; [0]
                          EF_tau12_loose_xe20_noMu 	; [1000] 	; [(0,1)]  	 ; [(0,-999)] 	 ; [0]
              EF_tauNoCut_hasTrk6_IdScan_xe20_noMu 	; [1000] 	; [(0,1)]  	 ; [(0,-999)] 	 ; [0]
                                     EF_2g10_loose 	; [1000:2000] 	; [(0,1):(0,1)]  	 ; [(0,-999):(0,-999)] 	 ; [1:0]
                      EF_tauNoCut_hasTrk_xe20_noMu 	; [1000] 	; [(0,1)]  	 ; [(0,-999)] 	 ; [0]
                               EF_rd0_filled_NoAlg 	; [1000] 	; [(0,1)]  	 ; [(0,-999)] 	 ; [0]
                                     EF_3b10_4L1J5 	; [1000] 	; [(0,1)]  	 ; [(0,-999)] 	 ; [1]
                                EF_TileCalib_laser 	; [1000] 	; [(0,1)]  	 ; [(0,-999)] 	 ; [0]
                                       EF_mu4_DiMu 	; [1000] 	; [(0,1)]  	 ; [(0,-999)] 	 ; [0]
                              EF_tauNoCut_unpaired 	; [1000] 	; [(0,1)]  	 ; [(0,-999)] 	 ; [1]
                             EF_g10_loose_larcalib 	; [1000] 	; [(8,0)]  	 ; [(0,-999)] 	 ; [0]
                                 EF_2e5_medium_TRT 	; [1000] 	; [(0,1)]  	 ; [(0,-999)] 	 ; [0]
                                 EF_MU4_DiMu_MG_FS 	; [1000] 	; [(0,1)]  	 ; [(0,-999)] 	 ; [200]
                                    EF_mu4mu6_DiMu 	; [1000] 	; [(0,1)]  	 ; [(0,-999)] 	 ; [0]
                                 EF_2MUL1_l2j30_HV 	; [1000] 	; [(0,1)]  	 ; [(0,-999)] 	 ; [0]
                              EF_tau50_loose_SiTrk 	; [1000] 	; [(0,1)]  	 ; [(0,-999)] 	 ; [1]
                               EF_mb_BCM_AC_CA_eff 	; [1000] 	; [(0,1)]  	 ; [(0,-999)] 	 ; [0]
                               EF_2e5_medium_SiTrk 	; [1000] 	; [(0,1)]  	 ; [(0,-999)] 	 ; [0]
                                   EF_2tau29_loose 	; [1000] 	; [(0,1)]  	 ; [(0,-999)] 	 ; [0]
                          EF_j30_jetNoCut_unpaired 	; [1000] 	; [(0,1)]  	 ; [(0,-999)] 	 ; [0]
                                       EF_mu6_DiMu 	; [1000] 	; [(0,1)]  	 ; [(0,-999)] 	 ; [0]
                               EF_tau12_loose_mu10 	; [1000] 	; [(0,1)]  	 ; [(0,-999)] 	 ; [0]
                          EF_tau16_loose_e15_loose 	; [1000] 	; [(0,1)]  	 ; [(0,-999)] 	 ; [0]
        EF_CosmicsAllTeTRTxK_TRTTrkHypo_AllPhysics 	; [1000] 	; [(0,-1)]  	 ; [(0,-999)] 	 ; [0]
                                   EF_mu4_Jpsimumu 	; [1000] 	; [(0,1)]  	 ; [(0,-999)] 	 ; [0]
                                     EF_je135_noEF 	; [1000] 	; [(0,1)]  	 ; [(0,-999)] 	 ; [0]
                             EF_mu4_Trk_Jpsi_loose 	; [1000] 	; [(0,1)]  	 ; [(0,-999)] 	 ; [1]
                          EF_mu4_Jpsie5e3_SiTrk_FS 	; [1000] 	; [(0,1)]  	 ; [(0,-999)] 	 ; [0]
                                   EF_2tau38_loose 	; [1000] 	; [(0,1)]  	 ; [(0,-999)] 	 ; [0]
                                     EF_mu6_MSonly 	; [1000] 	; [(0,1)]  	 ; [(0,-999)] 	 ; [0]
                         EF_fj30_jetNoCut_larcalib 	; [1000] 	; [(0,1)]  	 ; [(0,-999)] 	 ; [0]
                             EF_4j30_3j35_jetNoCut 	; [1000] 	; [(0,1)]  	 ; [(0,-999)] 	 ; [0]
                                EF_tauNoCut_cosmic 	; [1000] 	; [(0,1)]  	 ; [(0,-999)] 	 ; [1]
                                  EF_2mu4_Jpsimumu 	; [1000] 	; [(0,1)]  	 ; [(0,1)] 	 ; [0]
                          EF_tau12_loose_e10_loose 	; [1000] 	; [(0,1)]  	 ; [(0,-999)] 	 ; [0]
                          EF_mu6_Jpsie5e3_SiTrk_FS 	; [1000] 	; [(0,1)]  	 ; [(0,-999)] 	 ; [0]
                                      EF_2e3_tight 	; [1000] 	; [(0,1)]  	 ; [(0,-999)] 	 ; [0]
                                   EF_mu6_Trk_Jpsi 	; [1000] 	; [(0,1)]  	 ; [(0,-999)] 	 ; [0]
                         EF_j50_jetNoCut_xe20_noMu 	; [1000] 	; [(0,1)]  	 ; [(0,-999)] 	 ; [0]
                                   EF_j50_jetNoCut 	; [1000] 	; [(0,1)]  	 ; [(0,-999)] 	 ; [0]
                                     EF_2g15_loose 	; [1000] 	; [(0,1)]  	 ; [(0,-999)] 	 ; [0]
                                 EF_mu4_firstempty 	; [1000] 	; [(0,1)]  	 ; [(0,-999)] 	 ; [0]
                                   EF_L2SiTrack_FS 	; [1000] 	; [(0,1)]  	 ; [(0,1)] 	 ; [1]
                                EF_mu10_IDTrkNoCut 	; [1000:10000] 	; [(0,1):(0,1)]  ; [(0,-999):(20,0)]; [0:0]
                                      EF_e5_medium 	; [1000] 	; [(0,1)]  	 ; [(0,-999)] 	 ; [0]
                                   EF_j95_jetNoCut 	; [1000] 	; [(0,1)]  	 ; [(0,-999)] 	 ; [0]
                          EF_mbMbts_1_eff_unpaired 	; [1000] 	; [(0,1)]  	 ; [(0,-999)] 	 ; [0]
                                      EF_mu4_SiTrk 	; [1000] 	; [(0,1)]  	 ; [(0,-999)] 	 ; [0]
                                     EF_2j20_deta5 	; [1000] 	; [(0,1)]  	 ; [(0,-999)] 	 ; [0]
                             EF_mu0_unpaired_NoAlg 	; [1000] 	; [(0,1)]  	 ; [(0,-999)] 	 ; [0]
                                 EF_2fj75_jetNoCut 	; [1000] 	; [(0,1)]  	 ; [(0,-999)] 	 ; [0]
                                      EF_xe40_noMu 	; [1000] 	; [(0,1)]  	 ; [(0,-999)] 	 ; [0]
                                     EF_je195_noEF 	; [1000] 	; [(0,1)]  	 ; [(0,-999)] 	 ; [0]
                               EF_xe25_medium_noMu 	; [1000] 	; [(0,1)]  	 ; [(0,-999)] 	 ; [0]
                                 EF_mu4_DiMu_SiTrk 	; [1000] 	; [(0,1)]  	 ; [(0,-999)] 	 ; [0]
                                   EF_mu4mu6_Bmumu 	; [1000] 	; [(0,1)]  	 ; [(0,-999)] 	 ; [0]
                                    EF_te300_loose 	; [1000] 	; [(0,1)]  	 ; [(0,-999)] 	 ; [0]
                               EF_mu4_j20_jetNoCut 	; [1000] 	; [(0,1)]  	 ; [(0,-999)] 	 ; [0]
                                  EF_fj75_jetNoCut 	; [1000] 	; [(0,1)]  	 ; [(0,1)] 	 ; [0]
                                    EF_2mu4_Bmumux 	; [1000] 	; [(0,1)]  	 ; [(0,-999)] 	 ; [0]
                                        EF_TileMon 	; [1000] 	; [(0,1)]  	 ; [(0,-999)] 	 ; [0]
                                   EF_mbMbts_1_eff 	; [1000] 	; [(0,1)]  	 ; [(10,0)] 	 ; [0]
                                  EF_2mu4_Upsimumu 	; [1000] 	; [(0,1)]  	 ; [(0,1)] 	 ; [0]
                                 EF_e15_medium_TRT 	; [1000] 	; [(0,-1)]  	 ; [(0,-999)] 	 ; [0]
                        EF_2j35_jetNoCut_xe30_noMu 	; [1000] 	; [(0,1)]  	 ; [(0,-999)] 	 ; [0]
                                   EF_mu6_Jpsie5e3 	; [1000] 	; [(0,1)]  	 ; [(0,-999)] 	 ; [0]
                                EF_mu4_comm_cosmic 	; [1000] 	; [(0,1)]  	 ; [(0,-999)] 	 ; [0]
                                EF_g5_NoCut_cosmic 	; [1000] 	; [(0,1)]  	 ; [(0,-999)] 	 ; [0]
                                    EF_te150_tight 	; [1000] 	; [(0,1)]  	 ; [(0,-999)] 	 ; [0]
                                  EF_2mu6_Upsimumu 	; [1000] 	; [(0,1)]  	 ; [(0,-999)] 	 ; [0]
                                  EF_e3_medium_TRT 	; [1000] 	; [(0,1)]  	 ; [(0,-999)] 	 ; [0]
                                        EF_mbSpTrk 	; [1000] 	; [(0,1)]  	 ; [(0,-999)] 	 ; [1]
                                          EF_te250 	; [1000] 	; [(0,1)]  	 ; [(0,1)] 	 ; [0]
                                EF_mu4_tile_cosmic 	; [1000] 	; [(0,1)]  	 ; [(0,-999)] 	 ; [0]
                                EF_2mu4_DiMu_noVtx 	; [1000] 	; [(0,1)]  	 ; [(0,-999)] 	 ; [0]
                       EF_mbLucidComm_cosmic_NoAlg 	; [1000] 	; [(0,1)]  	 ; [(0,-999)] 	 ; [0]
                                    EF_mbLucid_eff 	; [1000] 	; [(0,1)]  	 ; [(0,-999)] 	 ; [0]
                        EF_2j35_jetNoCut_xe20_noMu 	; [1000] 	; [(0,1)]  	 ; [(0,-999)] 	 ; [0]
                                    EF_tau84_loose 	; [1000] 	; [(0,1)]  	 ; [(8,0)] 	 ; [0]
                                   EF_tau38_medium 	; [1000] 	; [(0,1)]  	 ; [(0,-999)] 	 ; [0]
                                     EF_e10_medium 	; [1000] 	; [(0,1)]  	 ; [(0,-999)] 	 ; [0]
                                EF_2mu4_DiMu_SiTrk 	; [1000] 	; [(0,1)]  	 ; [(0,-999)] 	 ; [0]
                                   EF_mu20_passHLT 	; [1000] 	; [(0,1)]  	 ; [(0,-999)] 	 ; [1]
                                 EF_2e3_medium_TRT 	; [1000] 	; [(0,1)]  	 ; [(0,-999)] 	 ; [0]
                                      EF_xe15_noMu 	; [1000] 	; [(0,1)]  	 ; [(0,-999)] 	 ; [0]
                                EF_mu4_Upsimumu_FS 	; [1000] 	; [(0,1)]  	 ; [(0,-999)] 	 ; [0]
                                  EF_4j30_jetNoCut 	; [1000] 	; [(0,1)]  	 ; [(0,-999)] 	 ; [0]
                                 EF_mu0_outOfTime2 	; [1000] 	; [(0,1)]  	 ; [(0,-999)] 	 ; [0]
                                 EF_mu0_outOfTime1 	; [1000] 	; [(0,1)]  	 ; [(0,-999)] 	 ; [0]
                                   EF_j35_jetNoCut 	; [1000] 	; [(0,1)]  	 ; [(0,-999)] 	 ; [0]
                                      EF_2g5_loose 	; [1000] 	; [(0,1)]  	 ; [(0,-999)] 	 ; [0]
                                    EF_te90_medium 	; [1000] 	; [(0,1)]  	 ; [(0,-999)] 	 ; [0]
                               EF_xe80_medium_noMu 	; [1000] 	; [(0,1)]  	 ; [(0,-999)] 	 ; [1]
                                   EF_2tau16_loose 	; [1000] 	; [(0,1)]  	 ; [(0,-999)] 	 ; [0]
                                     EF_mu4_BmumuX 	; [1000] 	; [(0,1)]  	 ; [(0,-999)] 	 ; [0]
                                  EF_2j35_jetNoCut 	; [1000] 	; [(0,1)]  	 ; [(0,-999)] 	 ; [0]
                               EF_mu4_DiMu_FS_noOS 	; [1000] 	; [(0,1)]  	 ; [(0,-999)] 	 ; [200]
                                 EF_e3_loose_SiTrk 	; [1000] 	; [(0,1)]  	 ; [(0,-999)] 	 ; [0]
                       EF_mu4_L2MSonly_EFFS_passL2 	; [1000] 	; [(0,1)]  	 ; [(0,-999)] 	 ; [0]
                                       EF_e3_loose 	; [1000] 	; [(0,1)]  	 ; [(0,-999)] 	 ; [0]
                                    EF_L1J95_NoAlg 	; [1000] 	; [(0,1)]  	 ; [(0,-999)] 	 ; [0]
                                      EF_xe55_noMu 	; [1000] 	; [(0,1)]  	 ; [(0,-999)] 	 ; [1]
                                      EF_mu6_NoAlg 	; [1000] 	; [(0,1)]  	 ; [(0,-999)] 	 ; [0]
                        EF_j30_jetNoCut_firstempty 	; [1000] 	; [(0,1)]  	 ; [(0,-999)] 	 ; [0]
                        EF_j50_jetNoCut_firstempty 	; [1000] 	; [(0,1)]  	 ; [(0,-999)] 	 ; [0]
                            EF_j30_jetNoCut_cosmic 	; [1000] 	; [(0,1)]  	 ; [(0,-999)] 	 ; [0]
                                    EF_2mu10_NoAlg 	; [1000] 	; [(0,1)]  	 ; [(0,-999)] 	 ; [0]
                         EF_fj95_jetNoCut_larcalib 	; [1000] 	; [(0,1)]  	 ; [(0,-999)] 	 ; [0]
                             EF_xe20_unbiased_noMu 	; [1000] 	; [(0,1)]  	 ; [(0,-999)] 	 ; [0]
                              EF_4j20_j50_jetNoCut 	; [1000] 	; [(0,1)]  	 ; [(0,-999)] 	 ; [0]
                              EF_mu4_MSonly_cosmic 	; [1000] 	; [(0,1)]  	 ; [(0,-999)] 	 ; [0]
                                     EF_2e3_medium 	; [1000] 	; [(0,1)]  	 ; [(0,1)] 	 ; [0]
                                  EF_2j20_jetNoCut 	; [1000] 	; [(0,1)]  	 ; [(0,-999)] 	 ; [0]
                            EF_g20_loose_xe20_noMu 	; [1000] 	; [(0,1)]  	 ; [(0,-999)] 	 ; [0]
                          EF_tau16_loose_xe30_noMu 	; [1000] 	; [(0,1)]  	 ; [(0,-999)] 	 ; [0]
                      EF_mu0_comm_firstempty_NoAlg 	; [1000] 	; [(0,1)]  	 ; [(0,-999)] 	 ; [0]
                                           EF_mu20 	; [1000] 	; [(0,1)]  	 ; [(0,-999)] 	 ; [0]
                                       EF_g7_loose 	; [1000] 	; [(0,1)]  	 ; [(0,-999)] 	 ; [0]
                                      EF_g40_tight 	; [1000] 	; [(0,1)]  	 ; [(0,-999)] 	 ; [0]
                              EF_mu4_comm_unpaired 	; [1000] 	; [(0,1)]  	 ; [(0,-999)] 	 ; [0]
                               EF_CosmicsAllTeEFID 	; [1000] 	; [(0,-1)]  	 ; [(0,-999)] 	 ; [0]
                                EF_xe30_loose_noMu 	; [1000] 	; [(0,1)]  	 ; [(0,-999)] 	 ; [0]
                             EF_mu4_Jpsie5e3_SiTrk 	; [1000] 	; [(0,1)]  	 ; [(0,-999)] 	 ; [0]
                                      EF_g30_loose 	; [1000] 	; [(0,1)]  	 ; [(0,-999)] 	 ; [0]
                                  EF_2j50_jetNoCut 	; [1000] 	; [(0,1)]  	 ; [(0,-999)] 	 ; [0]
                              EF_3j20_j50_jetNoCut 	; [1000] 	; [(0,1)]  	 ; [(0,-999)] 	 ; [0]
                               EF_mbMbts_2_SpTrkMh 	; [1000] 	; [(0,1)]  	 ; [(0,-999)] 	 ; [0]
                               EF_e10_medium_SiTrk 	; [1000] 	; [(0,1)]  	 ; [(0,-999)] 	 ; [0]
                                     EF_mu4_MSonly 	; [1000] 	; [(0,1)]  	 ; [(0,-999)] 	 ; [0]
                                   EF_j30_jetNoCut 	; [1000] 	; [(0,1)]  	 ; [(15,0)] 	 ; [0]
                                   EF_2j20_deta3_5 	; [1000] 	; [(0,1)]  	 ; [(0,-999)] 	 ; [0]
                                       EF_tauNoCut 	; [1000] 	; [(0,1)]  	 ; [(0,1)] 	 ; [1]
                                      EF_xe45_noMu 	; [1000] 	; [(0,1)]  	 ; [(0,-999)] 	 ; [1]
                             EF_tauNoCut_hasTrk_MV 	; [1000] 	; [(0,1)]  	 ; [(0,-999)] 	 ; [0]
                                     EF_trk9_loose 	; [1000] 	; [(10,0)]  	 ; [(0,-999)] 	 ; [0]
                                      EF_xe30_noMu 	; [1000] 	; [(0,1)]  	 ; [(0,-999)] 	 ; [0]
                              EF_g3_NoCut_unpaired 	; [1000] 	; [(0,1)]  	 ; [(0,-999)] 	 ; [0]
                                 EF_xe30_allL1_FEB 	; [1000] 	; [(0,0)]  	 ; [(0,-999)] 	 ; [0]
                          EF_e10_medium_IDTrkNoCut 	; [1000:10000] 	; [(0,1):(0,1)]  ; [(15,0):(0,-999)] 	 ; [0:0]
                         EF_j50_jetNoCut_xe40_noMu 	; [1000] 	; [(0,1)]  	 ; [(0,-999)] 	 ; [0]
                               EF_e20_loose_passEF 	; [1000] 	; [(0,1)]  	 ; [(0,-999)] 	 ; [1]
                                    EF_tau29_loose 	; [1000] 	; [(0,1)]  	 ; [(0,-999)] 	 ; [0]
                                      EF_g20_loose 	; [1000] 	; [(0,1)]  	 ; [(15,0)] 	 ; [0]
                                      EF_2mu4_DiMu 	; [1000] 	; [(0,1)]  	 ; [(0,-999)] 	 ; [0]
                                    EF_mu4_DiMu_MG 	; [1000] 	; [(0,1)]  	 ; [(0,-999)] 	 ; [0]
                             EF_mu6_Jpsie5e3_SiTrk 	; [1000] 	; [(0,1)]  	 ; [(0,-999)] 	 ; [0]
   EF_CosmicsAllTeSiTrack_AllPhysics_4Hits_TrkHypo 	; [1000] 	; [(0,-1)]  	 ; [(0,-999)] 	 ; [0]
                                 EF_2fj30_jetNoCut 	; [1000] 	; [(0,1)]  	 ; [(0,-999)] 	 ; [0]
                                  EF_3j50_jetNoCut 	; [1000] 	; [(0,1)]  	 ; [(0,-999)] 	 ; [0]
                            EF_mu4_comm_firstempty 	; [1000] 	; [(0,1)]  	 ; [(0,-999)] 	 ; [0]
                                      EF_g50_loose 	; [1000] 	; [(0,1)]  	 ; [(0,-999)] 	 ; [0]
                                      EF_xe35_noMu 	; [1000] 	; [(0,1)]  	 ; [(0,-999)] 	 ; [0]
                                      EF_mu0_NoAlg 	; [1000] 	; [(0,1)]  	 ; [(0,-999)] 	 ; [0]
                            EF_tauNoCut_firstempty 	; [1000] 	; [(0,1)]  	 ; [(0,-999)] 	 ; [1]
                                  EF_6j30_jetNoCut 	; [1000] 	; [(0,1)]  	 ; [(0,-999)] 	 ; [0]
                                            EF_b30 	; [1000] 	; [(0,1)]  	 ; [(0,-999)] 	 ; [0]
                          EF_tau16_loose_xe25_noMu 	; [1000] 	; [(0,1)]  	 ; [(0,-999)] 	 ; [0]
                                EF_mu0_empty_NoAlg 	; [1000] 	; [(0,1)]  	 ; [(0,-999)] 	 ; [0]
                                          EF_2mu10 	; [1000:10000] 	; [(0,1):(0,1)]	 ; [(0,1):(0,-999)] 	 ; [0:0]
                                EF_mu4mu6_Upsimumu 	; [1000] 	; [(0,1)]  	 ; [(0,-999)] 	 ; [0]
                               EF_mbSpTrk_unpaired 	; [1000] 	; [(0,1)]  	 ; [(0,-999)] 	 ; [1]
                                       EF_mu4_trod 	; [1000] 	; [(0,1)]  	 ; [(0,-999)] 	 ; [0]
                                      EF_g40_loose 	; [1000] 	; [(0,1)]  	 ; [(0,-999)] 	 ; [0]
                                      EF_e10_tight 	; [1000] 	; [(0,1)]  	 ; [(0,-999)] 	 ; [0]
                                EF_mu4_Jpsie5e3_FS 	; [1000] 	; [(0,1)]  	 ; [(0,-999)] 	 ; [0]
                                 EF_e10_loose_mu10 	; [1000] 	; [(0,1)]  	 ; [(0,-999)] 	 ; [0]
                                  EF_2j75_jetNoCut 	; [1000] 	; [(0,1)]  	 ; [(0,-999)] 	 ; [0]
                                EF_mb_BCM_Wide_eff 	; [1000] 	; [(0,1)]  	 ; [(0,-999)] 	 ; [0]
                                 EF_zerobias_NoAlg 	; [1000] 	; [(0,1)]  	 ; [(0,-999)] 	 ; [0]
                        EF_2j35_jetNoCut_xe40_noMu 	; [1000] 	; [(0,1)]  	 ; [(0,-999)] 	 ; [0]
                             EF_mbZdc_eff_unpaired 	; [1000] 	; [(0,1)]  	 ; [(0,-999)] 	 ; [0]
                                EF_mu4_Trk_Jpsi_FS 	; [1000] 	; [(0,1)]  	 ; [(0,-999)] 	 ; [1]
                           EF_e20_loose_IDTrkNoCut 	; [1000] 	; [(0,1)]  	 ; [(0,-999)] 	 ; [0]
                                         EF_mu6_MG 	; [1000] 	; [(0,1)]  	 ; [(0,-999)] 	 ; [0]
                             EF_g20_loose_larcalib 	; [1000] 	; [(0,1)]  	 ; [(0,-999)] 	 ; [0]
                            EF_g25_loose_xe30_noMu 	; [1000] 	; [(0,1)]  	 ; [(0,-999)] 	 ; [0]
                               EF_2e3_medium_SiTrk 	; [1000] 	; [(0,1)]  	 ; [(0,-999)] 	 ; [0]
                         EF_mu4_MSonly_EFFS_passL2 	; [1000] 	; [(0,1)]  	 ; [(0,-999)] 	 ; [0]
                                   EF_j20_jetNoCut 	; [1000] 	; [(0,1)]  	 ; [(3,0)] 	 ; [0]
                              EF_mu4_l1j55_matched 	; [1000] 	; [(0,1)]  	 ; [(0,-999)] 	 ; [0]
                                  EF_hadCalib_trk9 	; [1000] 	; [(0,1)]  	 ; [(0,-999)] 	 ; [0]
                                    EF_2mu6_Bmumux 	; [1000] 	; [(0,1)]  	 ; [(0,-999)] 	 ; [0]
                                        EF_mu10_MG 	; [1000] 	; [(0,1)]  	 ; [(0,-999)] 	 ; [0]
         EF_CosmicsAllTeSiTrack_AllPhysics_TrkHypo 	; [1000] 	; [(0,-1)]  	 ; [(0,-999)] 	 ; [0]
                         EF_mu4_comm_MSonly_cosmic 	; [1000] 	; [(0,1)]  	 ; [(0,-999)] 	 ; [0]
    EF_CosmicsAllTeIDSCAN_AllPhysics_4Hits_TrkHypo 	; [1000] 	; [(0,-1)]  	 ; [(0,-999)] 	 ; [0]
                                    EF_mu0_rpcOnly 	; [1000] 	; [(0,1)]  	 ; [(0,-999)] 	 ; [0]
                          EF_j50_jetNoCut_larcalib 	; [1000] 	; [(0,1)]  	 ; [(0,-999)] 	 ; [0]
                          EF_j50_jetNoCut_unpaired 	; [1000] 	; [(0,1)]  	 ; [(0,-999)] 	 ; [0]
                                EF_mu6_Upsimumu_FS 	; [1000] 	; [(0,1)]  	 ; [(0,-999)] 	 ; [0]
                                           EF_mu10 	; [1000:10000] 	; [(0,1):(0,1)]	 ; [(0,1):(0,-999)] 	 ; [0:0]
                                           EF_mu13 	; [1000] 	; [(0,1)]  	 ; [(0,-999)] 	 ; [0]
                                           EF_mu15 	; [1000] 	; [(0,1)]  	 ; [(0,1)] 	 ; [0]
                                  EF_mu6_muCombTag 	; [1000] 	; [(0,1)]  	 ; [(0,-999)] 	 ; [0]
                                 EF_b10_IDTrkNoCut 	; [1000] 	; [(0,1)]  	 ; [(15,0)] 	 ; [0]
                                    EF_mu20_MSonly 	; [1000:10000] 	; [(0,1):(0,1)]	 ; [(2,0):(0,-999)] 	 ; [0:0]
                                     EF_mu10_SiTrk 	; [1000] 	; [(0,1)]  	 ; [(0,-999)] 	 ; [0]
                                    EF_mu30_MSonly 	; [1000] 	; [(0,1)]  	 ; [(0,1)] 	 ; [0]
                                  EF_tau125_medium 	; [1000] 	; [(0,1)]  	 ; [(0,-999)] 	 ; [0]
                                      EF_2g7_loose 	; [1000] 	; [(0,1)]  	 ; [(0,-999)] 	 ; [0]
                                 EF_mu0_missingRoi 	; [1000] 	; [(0,1)]  	 ; [(0,-999)] 	 ; [0]
          EF_CosmicsAllTeIDSCAN_AllPhysics_TrkHypo 	; [1000] 	; [(0,-1)]  	 ; [(0,-999)] 	 ; [0]
                             EF_3j30_2j50_jetNoCut 	; [1000] 	; [(0,1)]  	 ; [(0,-999)] 	 ; [0]
                              EF_3j30_j50_jetNoCut 	; [1000] 	; [(0,1)]  	 ; [(0,-999)] 	 ; [0]
                                      EF_2mu6_DiMu 	; [1000] 	; [(0,1)]  	 ; [(0,-999)] 	 ; [0]
                                            EF_b15 	; [1000] 	; [(0,1)]  	 ; [(0,-999)] 	 ; [0]
                                            EF_b10 	; [1000] 	; [(0,1)]  	 ; [(15,0)] 	 ; [0]
                                  EF_4j35_jetNoCut 	; [1000] 	; [(0,1)]  	 ; [(0,-999)] 	 ; [0]
                                   EF_mu6_Jpsimumu 	; [1000] 	; [(0,1)]  	 ; [(0,-999)] 	 ; [0]
                           EF_mu0_comm_empty_NoAlg 	; [1000] 	; [(0,1)]  	 ; [(0,-999)] 	 ; [0]
                                EF_mu4_Trk_Upsi_FS 	; [1000] 	; [(0,1)]  	 ; [(0,-999)] 	 ; [0]
                               EF_tau50_IDTrkNoCut 	; [1000] 	; [(0,1)]  	 ; [(20,0)] 	 ; [0]
                          EF_tau20_loose_xe25_noMu 	; [1000] 	; [(0,1)]  	 ; [(0,-999)] 	 ; [0]
                                      EF_e10_NoCut 	; [1000] 	; [(0,1)]  	 ; [(0,-999)] 	 ; [1]
                                 EF_mu4_DiMu_MG_FS 	; [1000] 	; [(0,1)]  	 ; [(0,-999)] 	 ; [0]
                           EF_mu0_firstempty_NoAlg 	; [1000] 	; [(0,1)]  	 ; [(0,-999)] 	 ; [0]
                                  EF_2e3_loose_TRT 	; [1000] 	; [(0,1)]  	 ; [(0,-999)] 	 ; [0]
                            EF_g20_loose_xe30_noMu 	; [1000] 	; [(0,1)]  	 ; [(0,-999)] 	 ; [0]
                                        EF_mu4_mu6 	; [1000] 	; [(0,1)]  	 ; [(0,-999)] 	 ; [0]
                        EF_SeededStreamerWarmStart 	; [1000] 	; [(0,-1)]  	 ; [(0,-999)] 	 ; [0]
                                  EF_e10_loose_mu6 	; [1000] 	; [(0,1)]  	 ; [(0,-999)] 	 ; [0]
                                      EF_2e3_loose 	; [1000:10000] 	; [(0,1):(0,1)]	 ; [(2,0):(0,-999)]      ; [0:0]
                                   EF_2tau12_loose 	; [1000] 	; [(0,1)]  	 ; [(0,-999)] 	 ; [0]
                                     EF_e15_medium 	; [1000] 	; [(0,1)]  	 ; [(0,-999)] 	 ; [0]
                                 EF_EFInsideOut_FS 	; [1000] 	; [(0,1)]  	 ; [(5,0)] 	 ; [1]
                               EF_e15_medium_SiTrk 	; [1000] 	; [(0,1)]  	 ; [(0,-999)] 	 ; [0]
                            EF_e20_loose_xe30_noMu 	; [1000] 	; [(0,1)]  	 ; [(0,-999)] 	 ; [0]
                               EF_tau12_loose_2b15 	; [1000] 	; [(0,1)]  	 ; [(0,-999)] 	 ; [0]
        EF_Cosmics_MU0_COMM_TRTxK_TRTTrkHypo_Pixel 	; [1000] 	; [(0,-1)]  	 ; [(0,-999)] 	 ; [0]
                                    EF_tau20_loose 	; [1000] 	; [(0,1)]  	 ; [(0,-999)] 	 ; [0]
                                  EF_e5_medium_mu4 	; [1000] 	; [(0,1)]  	 ; [(0,-999)] 	 ; [0]
                          EF_mbRmMbts_1_NoCut_Time 	; [1000] 	; [(0,1)]  	 ; [(0,-999)] 	 ; [0]
                                      EF_g30_tight 	; [1000] 	; [(0,1)]  	 ; [(0,-999)] 	 ; [0]
                                    EF_tau50_loose 	; [1000] 	; [(0,1)]  	 ; [(15,0)] 	 ; [1]
                          EF_tau12_loose_xe15_noMu 	; [1000] 	; [(0,1)]  	 ; [(0,-999)] 	 ; [0]
                                     EF_e20_medium 	; [1000] 	; [(0,1)]  	 ; [(0,-999)] 	 ; [0]
                                           EF_xe20 	; [1000] 	; [(0,1)]  	 ; [(10,0)] 	 ; [0]
                                   EF_2j35_deta3_5 	; [1000] 	; [(0,1)]  	 ; [(0,-999)] 	 ; [0]
                                  EF_fj30_jetNoCut 	; [1000] 	; [(0,1)]  	 ; [(0,-999)] 	 ; [0]
                                EF_mu6_Jpsie5e3_FS 	; [1000] 	; [(0,1)]  	 ; [(0,-999)] 	 ; [0]
                                   EF_2tau20_loose 	; [1000] 	; [(0,1)]  	 ; [(0,-999)] 	 ; [0]
                                     EF_mu4_cosmic 	; [1000] 	; [(0,1)]  	 ; [(0,-999)] 	 ; [0]
                                  EF_mu4_muCombTag 	; [1000] 	; [(0,1)]  	 ; [(0,-999)] 	 ; [0]
                                 EF_MU4_DiMu_SiTrk 	; [1000] 	; [(0,1)]  	 ; [(0,-999)] 	 ; [0]
                            EF_e20_loose_xe20_noMu 	; [1000] 	; [(0,1)]  	 ; [(0,-999)] 	 ; [0]
                          EF_j95_jetNoCut_larcalib 	; [1000] 	; [(0,1)]  	 ; [(0,-999)] 	 ; [0]
                                     EF_mu6_BmumuX 	; [1000] 	; [(0,1)]  	 ; [(0,-999)] 	 ; [0]
                                EF_mu4_trod_cosmic 	; [1000] 	; [(0,1)]  	 ; [(0,-999)] 	 ; [0]
                            EF_xe30_allL1_allCells 	; [1000] 	; [(0,0)]  	 ; [(0,-999)] 	 ; [0]
                               EF_fj10_empty_NoAlg 	; [1000] 	; [(0,1)]  	 ; [(0,-999)] 	 ; [0]
                                    EF_mu10_MSonly 	; [1000] 	; [(0,1)]  	 ; [(0,-999)] 	 ; [0]
                                       EF_mu4_tile 	; [1000] 	; [(0,1)]  	 ; [(0,-999)] 	 ; [0]
                         EF_mbLucid_A_eff_unpaired 	; [1000] 	; [(0,1)]  	 ; [(0,-999)] 	 ; [0]
                               EF_xe30_medium_noMu 	; [1000] 	; [(0,1)]  	 ; [(0,-999)] 	 ; [0]
                                  EF_fj50_jetNoCut 	; [1000] 	; [(0,1)]  	 ; [(0,-999)] 	 ; [0]
                               EF_tau16_loose_2b15 	; [1000] 	; [(0,1)]  	 ; [(0,-999)] 	 ; [0]
                                    EF_tau16_loose 	; [1000] 	; [(0,1)]  	 ; [(30,0)] 	 ; [0]
                                   EF_j75_jetNoCut 	; [1000] 	; [(0,1)]  	 ; [(0,-999)] 	 ; [0]
                               EF_e20_loose_passL2 	; [1000] 	; [(0,1)]  	 ; [(0,-999)] 	 ; [0]
                                     EF_2mu4_Bmumu 	; [1000] 	; [(0,1)]  	 ; [(0,-999)] 	 ; [0]
                                 EF_mu0_comm_NoAlg 	; [1000] 	; [(0,1)]  	 ; [(0,-999)] 	 ; [0]
                                     EF_mu15_NoAlg 	; [1000] 	; [(0,1)]  	 ; [(0,-999)] 	 ; [0]
                                EF_2e3_loose_SiTrk 	; [1000] 	; [(0,1)]  	 ; [(0,-999)] 	 ; [0]
                                EF_e3_medium_SiTrk 	; [1000] 	; [(0,1)]  	 ; [(0,-999)] 	 ; [0]
                                   EF_j35_L1TAU_HV 	; [1000] 	; [(0,1)]  	 ; [(0,-999)] 	 ; [0]
                              EF_g5_loose_larcalib 	; [1000] 	; [(100,0)]  	 ; [(0,-999)] 	 ; [0]
EF_CosmicsAllTeTRTxK_TRTTrkHypo_AllPhysics_NoField 	; [1000] 	; [(0,-1)]  	 ; [(0,-999)] 	 ; [0]
                                      EF_mu4_Bmumu 	; [1000] 	; [(0,1)]  	 ; [(0,-999)] 	 ; [0]
                                  EF_mb_BCM_HT_eff 	; [1000] 	; [(0,1)]  	 ; [(0,-999)] 	 ; [0]
                                      EF_e20_loose 	; [1000] 	; [(0,1)]  	 ; [(0,-999)] 	 ; [0]
                                    EF_3b10_4L1J10 	; [1000] 	; [(0,1)]  	 ; [(0,-999)] 	 ; [1]
                                  EF_e5_medium_TRT 	; [1000] 	; [(0,1)]  	 ; [(0,-999)] 	 ; [0]
                               EF_tau16_loose_mu15 	; [1000] 	; [(0,1)]  	 ; [(0,-999)] 	 ; [0]
                               EF_tau16_loose_mu10 	; [1000] 	; [(0,1)]  	 ; [(0,-999)] 	 ; [0]
                   EF_tauNoCut_hasTrk6_EFxe15_noMu 	; [1000] 	; [(0,1)]  	 ; [(0,-999)] 	 ; [0]
                                  EF_4j50_jetNoCut 	; [1000] 	; [(0,1)]  	 ; [(0,-999)] 	 ; [0]
                                     EF_b10_4L1J10 	; [1000] 	; [(0,1)]  	 ; [(0,-999)] 	 ; [0]
                              EF_mu4_DiMu_SiTrk_FS 	; [1000] 	; [(0,1)]  	 ; [(0,-999)] 	 ; [200]
                   EF_tau12_loose_IdScan_xe15_noMu 	; [1000] 	; [(0,1)]  	 ; [(0,-999)] 	 ; [0]
                                           EF_2mu4 	; [1000:10000] 	; [(0,1):(0,1)]	 ; [(2,0):(0,-999)] 	 ; [0:0]
                                           EF_2mu6 	; [1000] 	; [(0,1)]  	 ; [(0,-999)] 	 ; [0]
                                 EF_mu4_IDTrkNoCut 	; [1000] 	; [(0,1)]  	 ; [(60,-999)] 	 ; [0]
                                      EF_xe20_noMu 	; [1000] 	; [(0,1)]  	 ; [(0,-999)] 	 ; [0]
                          EF_mu4_Trk_Upsi_loose_FS 	; [1000] 	; [(0,1)]  	 ; [(0,-999)] 	 ; [0]
                          EF_tau16_loose_xe20_noMu 	; [1000] 	; [(0,1)]  	 ; [(0,-999)] 	 ; [0]
                                         EF_mu4_MV 	; [1000] 	; [(0,1)]  	 ; [(0,-999)] 	 ; [0]
                                         EF_mu4_MG 	; [1000] 	; [(0,1)]  	 ; [(0,-999)] 	 ; [0]
                                  EF_3j35_jetNoCut 	; [1000] 	; [(0,1)]  	 ; [(0,-999)] 	 ; [0]
                                    EF_MU4_DiMu_FS 	; [1000] 	; [(0,1)]  	 ; [(0,-999)] 	 ; [200]
                                   EF_tau84_medium 	; [1000] 	; [(0,1)]  	 ; [(0,-999)] 	 ; [0]
                        EF_mu0_comm_unpaired_NoAlg 	; [1000] 	; [(0,1)]  	 ; [(0,-999)] 	 ; [0]
                                    EF_MU4_DiMu_MG 	; [1000] 	; [(0,1)]  	 ; [(0,-999)] 	 ; [0]
                                     EF_2mu0_NoAlg 	; [1000] 	; [(0,1)]  	 ; [(0,-999)] 	 ; [0]
                                 EF_j5_empty_NoAlg 	; [1000] 	; [(0,1)]  	 ; [(0,-999)] 	 ; [0]
                             EF_l2j30_Trackless_HV 	; [1000] 	; [(0,1)]  	 ; [(0,-999)] 	 ; [0]
                              EF_mu4_l1j10_matched 	; [1000] 	; [(0,1)]  	 ; [(0,-999)] 	 ; [0]
                              EF_mu4_l1j15_matched 	; [1000] 	; [(0,1)]  	 ; [(0,-999)] 	 ; [0]
                                   EF_EFTRTOnly_FS 	; [1000] 	; [(0,1)]  	 ; [(0,1)] 	 ; [1]
                                      EF_mbZdc_eff 	; [1000] 	; [(0,1)]  	 ; [(5,0)] 	 ; [0]
                                EF_rd0_empty_NoAlg 	; [1000] 	; [(0,1)]  	 ; [(0,1)] 	 ; [0]
                      EF_tau16_loose_3j35_jetNoCut 	; [1000] 	; [(0,1)]  	 ; [(0,-999)] 	 ; [0]
                                     EF_je350_noEF 	; [1000] 	; [(0,1)]  	 ; [(0,-999)] 	 ; [0]
                     EF_tauNoCut_hasTrk9_xe20_noMu 	; [1000] 	; [(0,1)]  	 ; [(0,-999)] 	 ; [0]
                                    EF_2b10_3L1J10 	; [1000] 	; [(0,1)]  	 ; [(0,-999)] 	 ; [1]
                         EF_j115_jetNoCut_larcalib 	; [1000] 	; [(0,1)]  	 ; [(0,-999)] 	 ; [0]
                                     EF_2b10_4L1J5 	; [1000] 	; [(0,1)]  	 ; [(0,-999)] 	 ; [1]
                           EF_e15_loose_IDTrkNoCut 	; [1000] 	; [(0,1)]  	 ; [(0,-999)] 	 ; [0]
