2 0 0 -2.2089 -2.1918
2 0 1 -2.1918 -2.1744
2 0 2 -2.1744 -2.1566
2 0 3 -2.1566 -2.1385
2 0 4 -2.1385 -2.1199
2 0 5 -2.1199 -2.1010
2 0 6 -2.1010 -2.0816
2 0 7 -2.0816 -2.0618
2 1 0 -2.0464 -2.0260
2 1 1 -2.0260 -2.0052
2 1 2 -2.0052 -1.9839
2 1 3 -1.9839 -1.9621
2 1 4 -1.9621 -1.9398
2 1 5 -1.9398 -1.9168
2 1 6 -1.9168 -1.8933
2 1 7 -1.8933 -1.8692
2 2 0 -1.8534 -1.8285
2 2 1 -1.8285 -1.8030
2 2 2 -1.8030 -1.7767
2 2 3 -1.7767 -1.7497
2 2 4 -1.7497 -1.7219
2 2 5 -1.7219 -1.6932
2 2 6 -1.6932 -1.6636
2 2 7 -1.6636 -1.6331
2 3 0 -1.6170 -1.5854
2 3 1 -1.5854 -1.5528
2 3 2 -1.5528 -1.5190
2 3 3 -1.5190 -1.4841
2 3 4 -1.4841 -1.4479
2 3 5 -1.4479 -1.4104
2 3 6 -1.4104 -1.3715
2 3 7 -1.3715 -1.3310
2 4 0 -1.3143 -1.2722
2 4 1 -1.2722 -1.2283
2 4 2 -1.2283 -1.1826
2 4 3 -1.1826 -1.1349
2 4 4 -1.1349 -1.0852
2 4 5 -1.0852 -1.0332
2 4 6 -1.0332 -0.9789
2 4 7 -0.9789 -0.9220
2 5 0 -0.9052 -0.8458
2 5 1 -0.8458 -0.7836
2 5 2 -0.7836 -0.7185
2 5 3 -0.7185 -0.6505
2 5 4 -0.6505 -0.5795
2 5 5 -0.5795 -0.5056
2 5 6 -0.5056 -0.4287
2 5 7 -0.4287 -0.3492
2 6 0 -0.3371 -0.2549
2 6 1 -0.2549 -0.1709
2 6 2 -0.1709 -0.0858
2 6 3 -0.0858 0.0000
2 6 4 0.0000 0.0858
2 6 5 0.0858 0.1709
2 6 6 0.1709 0.2549
2 6 7 0.2549 0.3371
2 7 0 0.3492 0.4287
2 7 1 0.4287 0.5056
2 7 2 0.5056 0.5795
2 7 3 0.5795 0.6505
2 7 4 0.6505 0.7185
2 7 5 0.7185 0.7836
2 7 6 0.7836 0.8458
2 7 7 0.8458 0.9052
2 8 0 0.9220 0.9789
2 8 1 0.9789 1.0332
2 8 2 1.0332 1.0852
2 8 3 1.0852 1.1349
2 8 4 1.1349 1.1826
2 8 5 1.1826 1.2283
2 8 6 1.2283 1.2722
2 8 7 1.2722 1.3143
2 9 0 1.3310 1.3715
2 9 1 1.3715 1.4104
2 9 2 1.4104 1.4479
2 9 3 1.4479 1.4841
2 9 4 1.4841 1.5190
2 9 5 1.5190 1.5528
2 9 6 1.5528 1.5854
2 9 7 1.5854 1.6170
2 10 0 1.6331 1.6636
2 10 1 1.6636 1.6932
2 10 2 1.6932 1.7219
2 10 3 1.7219 1.7497
2 10 4 1.7497 1.7767
2 10 5 1.7767 1.8030
2 10 6 1.8030 1.8285
2 10 7 1.8285 1.8534
2 11 0 1.8692 1.8933
2 11 1 1.8933 1.9168
2 11 2 1.9168 1.9398
2 11 3 1.9398 1.9621
2 11 4 1.9621 1.9839
2 11 5 1.9839 2.0052
2 11 6 2.0052 2.0260
2 11 7 2.0260 2.0464
2 12 0 2.0618 2.0816
2 12 1 2.0816 2.1010
2 12 2 2.1010 2.1199
2 12 3 2.1199 2.1385
2 12 4 2.1385 2.1566
2 12 5 2.1566 2.1744
2 12 6 2.1744 2.1918
2 12 7 2.1918 2.2089
