0 0 0 -2.9953 -2.9321
0 1 0 -2.9313 -2.8638
0 2 0 -2.8630 -2.7906
0 3 0 -2.7897 -2.7116
0 4 0 -2.7097 -2.6249
0 4 1 -2.6249 -2.5324
0 5 0 -2.5290 -2.4268
0 5 1 -2.4268 -2.3132
0 6 0 -2.3090 -2.1805
0 6 1 -2.1805 -2.0336
0 7 0 -2.0281 -1.8559
0 7 1 -1.8559 -1.6499
0 8 0 -1.6420 -1.3851
0 8 1 -1.3851 -1.0531
0 9 0 -1.0399 -0.5894
0 9 1 -0.5894 -0.0106
0 10 0 0.0106 0.5894
0 10 1 0.5894 1.0399
0 11 0 1.0531 1.3851
0 11 1 1.3851 1.6420
0 12 0 1.6499 1.8559
0 12 1 1.8559 2.0281
0 13 0 2.0336 2.1805
0 13 1 2.1805 2.3090
0 14 0 2.3132 2.4268
0 14 1 2.4268 2.5290
0 15 0 2.5324 2.6249
0 15 1 2.6249 2.7097
0 16 0 2.7116 2.7897
0 17 0 2.7906 2.8630
0 18 0 2.8638 2.9313
0 19 0 2.9321 2.9953
