3 0 0 -1.8963 -1.8791
3 0 1 -1.8791 -1.8617
3 0 2 -1.8617 -1.8438
3 0 3 -1.8438 -1.8257
3 0 4 -1.8257 -1.8071
3 0 5 -1.8071 -1.7882
3 0 6 -1.7882 -1.7689
3 0 7 -1.7689 -1.7492
3 1 0 -1.7377 -1.7175
3 1 1 -1.7175 -1.6969
3 1 2 -1.6969 -1.6758
3 1 3 -1.6758 -1.6543
3 1 4 -1.6543 -1.6323
3 1 5 -1.6323 -1.6097
3 1 6 -1.6097 -1.5867
3 1 7 -1.5867 -1.5630
3 2 0 -1.5512 -1.5270
3 2 1 -1.5270 -1.5021
3 2 2 -1.5021 -1.4766
3 2 3 -1.4766 -1.4504
3 2 4 -1.4504 -1.4236
3 2 5 -1.4236 -1.3960
3 2 6 -1.3960 -1.3677
3 2 7 -1.3677 -1.3385
3 3 0 -1.3265 -1.2965
3 3 1 -1.2965 -1.2656
3 3 2 -1.2656 -1.2338
3 3 3 -1.2338 -1.2011
3 3 4 -1.2011 -1.1674
3 3 5 -1.1674 -1.1326
3 3 6 -1.1326 -1.0967
3 3 7 -1.0967 -1.0596
3 4 0 -1.0475 -1.0092
3 4 1 -1.0092 -0.9697
3 4 2 -0.9697 -0.9289
3 4 3 -0.9289 -0.8868
3 4 4 -0.8868 -0.8432
3 4 5 -0.8432 -0.7982
3 4 6 -0.7982 -0.7517
3 4 7 -0.7517 -0.7036
3 5 0 -0.6918 -0.6424
3 5 1 -0.6424 -0.5913
3 5 2 -0.5913 -0.5387
3 5 3 -0.5387 -0.4846
3 5 4 -0.4846 -0.4290
3 5 5 -0.4290 -0.3720
3 5 6 -0.3720 -0.3137
3 5 7 -0.3137 -0.2542
3 6 0 -0.2457 -0.1851
3 6 1 -0.1851 -0.1238
3 6 2 -0.1238 -0.0620
3 6 3 -0.0620 0.0000
3 6 4 0.0000 0.0620
3 6 5 0.0620 0.1238
3 6 6 0.1238 0.1851
3 6 7 0.1851 0.2457
3 7 0 0.2542 0.3137
3 7 1 0.3137 0.3720
3 7 2 0.3720 0.4290
3 7 3 0.4290 0.4846
3 7 4 0.4846 0.5387
3 7 5 0.5387 0.5913
3 7 6 0.5913 0.6424
3 7 7 0.6424 0.6918
3 8 0 0.7036 0.7517
3 8 1 0.7517 0.7982
3 8 2 0.7982 0.8432
3 8 3 0.8432 0.8868
3 8 4 0.8868 0.9289
3 8 5 0.9289 0.9697
3 8 6 0.9697 1.0092
3 8 7 1.0092 1.0475
3 9 0 1.0596 1.0967
3 9 1 1.0967 1.1326
3 9 2 1.1326 1.1674
3 9 3 1.1674 1.2011
3 9 4 1.2011 1.2338
3 9 5 1.2338 1.2656
3 9 6 1.2656 1.2965
3 9 7 1.2965 1.3265
3 10 0 1.3385 1.3677
3 10 1 1.3677 1.3960
3 10 2 1.3960 1.4236
3 10 3 1.4236 1.4504
3 10 4 1.4504 1.4766
3 10 5 1.4766 1.5021
3 10 6 1.5021 1.5270
3 10 7 1.5270 1.5512
3 11 0 1.5630 1.5867
3 11 1 1.5867 1.6097
3 11 2 1.6097 1.6323
3 11 3 1.6323 1.6543
3 11 4 1.6543 1.6758
3 11 5 1.6758 1.6969
3 11 6 1.6969 1.7175
3 11 7 1.7175 1.7377
3 12 0 1.7492 1.7689
3 12 1 1.7689 1.7882
3 12 2 1.7882 1.8071
3 12 3 1.8071 1.8257
3 12 4 1.8257 1.8438
3 12 5 1.8438 1.8617
3 12 6 1.8617 1.8791
3 12 7 1.8791 1.8963
