3 0 0 -0.0040 0.0603 
3 0 1 0.0603 0.1218 
3 1 0 0.1169 0.1812 
3 1 1 0.1812 0.2426 
3 2 0 0.2377 0.3020 
3 2 1 0.3020 0.3634 
3 3 0 0.3585 0.4228 
3 3 1 0.4228 0.4842 
3 4 0 0.4794 0.5437 
3 4 1 0.5437 0.6051 
3 5 0 0.6002 0.6645 
3 5 1 0.6645 0.7259 
3 6 0 0.7210 0.7853 
3 6 1 0.7853 0.8467 
3 7 0 0.8419 0.9061 
3 7 1 0.9061 0.9676 
3 8 0 0.9627 1.0270 
3 8 1 1.0270 1.0884 
3 9 0 1.0835 1.1478 
3 9 1 1.1478 1.2092 
3 10 0 1.2044 1.2686 
3 10 1 1.2686 1.3301 
3 11 0 1.3252 1.3895 
3 11 1 1.3895 1.4509 
3 12 0 1.4460 1.5103 
3 12 1 1.5103 1.5717 
3 13 0 1.5668 1.6311 
3 13 1 1.6311 1.6925 
3 14 0 1.6877 1.7520 
3 14 1 1.7520 1.8134 
3 15 0 1.8085 1.8728 
3 15 1 1.8728 1.9342 
3 16 0 1.9293 1.9936 
3 16 1 1.9936 2.0550 
3 17 0 2.0502 2.1145 
3 17 1 2.1145 2.1759 
3 18 0 2.1710 2.2353 
3 18 1 2.2353 2.2967 
3 19 0 2.2918 2.3561 
3 19 1 2.3561 2.4175 
3 20 0 2.4127 2.4769 
3 20 1 2.4769 2.5384 
3 21 0 2.5335 2.5978 
3 21 1 2.5978 2.6592 
3 22 0 2.6543 2.7186 
3 22 1 2.7186 2.7800 
3 23 0 2.7752 2.8394 
3 23 1 2.8394 2.9009 
3 24 0 2.8960 2.9603 
3 24 1 2.9603 3.0217 
3 25 0 3.0168 3.0811 
3 25 1 3.0811 -3.1407 
3 26 0 3.1376 -3.0813 
3 26 1 -3.0813 -3.0198 
3 27 0 -3.0247 -2.9604 
3 27 1 -2.9604 -2.8990 
3 28 0 -2.9039 -2.8396 
3 28 1 -2.8396 -2.7782 
3 29 0 -2.7831 -2.7188 
3 29 1 -2.7188 -2.6574 
3 30 0 -2.6622 -2.5979 
3 30 1 -2.5979 -2.5365 
3 31 0 -2.5414 -2.4771 
3 31 1 -2.4771 -2.4157 
3 32 0 -2.4206 -2.3563 
3 32 1 -2.3563 -2.2949 
3 33 0 -2.2997 -2.2354 
3 33 1 -2.2354 -2.1740 
3 34 0 -2.1789 -2.1146 
3 34 1 -2.1146 -2.0532 
3 35 0 -2.0581 -1.9938 
3 35 1 -1.9938 -1.9324 
3 36 0 -1.9372 -1.8729 
3 36 1 -1.8729 -1.8115 
3 37 0 -1.8164 -1.7521 
3 37 1 -1.7521 -1.6907 
3 38 0 -1.6956 -1.6313 
3 38 1 -1.6313 -1.5699 
3 39 0 -1.5747 -1.5105 
3 39 1 -1.5105 -1.4490 
3 40 0 -1.4539 -1.3896 
3 40 1 -1.3896 -1.3282 
3 41 0 -1.3331 -1.2688 
3 41 1 -1.2688 -1.2074 
3 42 0 -1.2123 -1.1480 
3 42 1 -1.1480 -1.0866 
3 43 0 -1.0914 -1.0271 
3 43 1 -1.0271 -0.9657 
3 44 0 -0.9706 -0.9063 
3 44 1 -0.9063 -0.8449 
3 45 0 -0.8498 -0.7855 
3 45 1 -0.7855 -0.7241 
3 46 0 -0.7289 -0.6646 
3 46 1 -0.6646 -0.6032 
3 47 0 -0.6081 -0.5438 
3 47 1 -0.5438 -0.4824
3 48 0 -0.4873 -0.4230 
3 48 1 -0.4230 -0.3616 
3 49 0 -0.3664 -0.3022 
3 49 1 -0.3022 -0.2407 
3 50 0 -0.2456 -0.1813 
3 50 1 -0.1813 -0.1199 
3 51 0 -0.1248 -0.0605 
3 51 1 -0.0605 0.0009 
