1 0 0 -0.1602 0.0000 
1 0 1 0.0000 0.1436 
1 1 0 0.1254 0.2856 
1 1 1 0.2856 0.4292 
1 2 0 0.4110 0.5712 
1 2 1 0.5712 0.7148 
1 3 0 0.6966 0.8568 
1 3 1 0.8568 1.0004 
1 4 0 0.9822 1.1424 
1 4 1 1.1424 1.2860 
1 5 0 1.2678 1.4280 
1 5 1 1.4280 1.5716 
1 6 0 1.5534 1.7136 
1 6 1 1.7136 1.8572 
1 7 0 1.8390 1.9992 
1 7 1 1.9992 2.1428 
1 8 0 2.1246 2.2848 
1 8 1 2.2848 2.4284 
1 9 0 2.4102 2.5704 
1 9 1 2.5704 2.7140 
1 10 0 2.6958 2.8560 
1 10 1 2.8560 2.9996 
1 11 0 2.9814 -3.1416 
1 11 1 -3.1416 -2.9980 
1 12 0 -3.0162 -2.8560 
1 12 1 -2.8560 -2.7124 
1 13 0 -2.7306 -2.5704 
1 13 1 -2.5704 -2.4268 
1 14 0 -2.4450 -2.2848 
1 14 1 -2.2848 -2.1412 
1 15 0 -2.1594 -1.9992 
1 15 1 -1.9992 -1.8556 
1 16 0 -1.8738 -1.7136 
1 16 1 -1.7136 -1.5700 
1 17 0 -1.5882 -1.4280 
1 17 1 -1.4280 -1.2844 
1 18 0 -1.3026 -1.1424 
1 18 1 -1.1424 -0.9988 
1 19 0 -1.0170 -0.8568 
1 19 1 -0.8568 -0.7132 
1 20 0 -0.7314 -0.5712 
1 20 1 -0.5712 -0.4276 
1 21 0 -0.4458 -0.2856 
1 21 1 -0.2856 -0.1420 
