0 1 13 0 L0_B07_S1_C7_M0
0 1 13 -1 L0_B07_S1_C7_M1C
0 1 13 -2 L0_B07_S1_C7_M2C
0 1 13 -3 L0_B07_S1_C7_M3C
0 1 13 -4 L0_B07_S1_C7_M4C
0 1 13 -5 L0_B07_S1_C7_M5C
0 1 13 -6 L0_B07_S1_C7_M6C
0 1 13 6 L0_B07_S1_A6_M6A
0 1 13 5 L0_B07_S1_A6_M5A
0 1 13 4 L0_B07_S1_A6_M4A
0 1 13 3 L0_B07_S1_A6_M3A
0 1 13 2 L0_B07_S1_A6_M2A
0 1 13 1 L0_B07_S1_A6_M1A
0 1 14 0 L0_B07_S2_A7_M0
0 1 14 1 L0_B07_S2_A7_M1A
0 1 14 2 L0_B07_S2_A7_M2A
0 1 14 3 L0_B07_S2_A7_M3A
0 1 14 4 L0_B07_S2_A7_M4A
0 1 14 5 L0_B07_S2_A7_M5A
0 1 14 6 L0_B07_S2_A7_M6A
0 1 14 -6 L0_B07_S2_C6_M6C
0 1 14 -5 L0_B07_S2_C6_M5C
0 1 14 -4 L0_B07_S2_C6_M4C
0 1 14 -3 L0_B07_S2_C6_M3C
0 1 14 -2 L0_B07_S2_C6_M2C
0 1 14 -1 L0_B07_S2_C6_M1C
0 1 15 0 L0_B08_S1_C7_M0
0 1 15 -1 L0_B08_S1_C7_M1C
0 1 15 -2 L0_B08_S1_C7_M2C
0 1 15 -3 L0_B08_S1_C7_M3C
0 1 15 -4 L0_B08_S1_C7_M4C
0 1 15 -5 L0_B08_S1_C7_M5C
0 1 15 -6 L0_B08_S1_C7_M6C
0 1 15 6 L0_B08_S1_A6_M6A
0 1 15 5 L0_B08_S1_A6_M5A
0 1 15 4 L0_B08_S1_A6_M4A
0 1 15 3 L0_B08_S1_A6_M3A
0 1 15 2 L0_B08_S1_A6_M2A
0 1 15 1 L0_B08_S1_A6_M1A
0 1 16 0 L0_B08_S2_A7_M0
0 1 16 1 L0_B08_S2_A7_M1A
0 1 16 2 L0_B08_S2_A7_M2A
0 1 16 3 L0_B08_S2_A7_M3A
0 1 16 4 L0_B08_S2_A7_M4A
0 1 16 5 L0_B08_S2_A7_M5A
0 1 16 6 L0_B08_S2_A7_M6A
0 1 16 -6 L0_B08_S2_C6_M6C
0 1 16 -5 L0_B08_S2_C6_M5C
0 1 16 -4 L0_B08_S2_C6_M4C
0 1 16 -3 L0_B08_S2_C6_M3C
0 1 16 -2 L0_B08_S2_C6_M2C
0 1 16 -1 L0_B08_S2_C6_M1C
0 1 17 0 L0_B09_S1_C7_M0
0 1 17 -1 L0_B09_S1_C7_M1C
0 1 17 -2 L0_B09_S1_C7_M2C
0 1 17 -3 L0_B09_S1_C7_M3C
0 1 17 -4 L0_B09_S1_C7_M4C
0 1 17 -5 L0_B09_S1_C7_M5C
0 1 17 -6 L0_B09_S1_C7_M6C
0 1 17 6 L0_B09_S1_A6_M6A
0 1 17 5 L0_B09_S1_A6_M5A
0 1 17 4 L0_B09_S1_A6_M4A
0 1 17 3 L0_B09_S1_A6_M3A
0 1 17 2 L0_B09_S1_A6_M2A
0 1 17 1 L0_B09_S1_A6_M1A
0 1 18 0 L0_B09_S2_A7_M0
0 1 18 1 L0_B09_S2_A7_M1A
0 1 18 2 L0_B09_S2_A7_M2A
0 1 18 3 L0_B09_S2_A7_M3A
0 1 18 4 L0_B09_S2_A7_M4A
0 1 18 5 L0_B09_S2_A7_M5A
0 1 18 6 L0_B09_S2_A7_M6A
0 1 18 -6 L0_B09_S2_C6_M6C
0 1 18 -5 L0_B09_S2_C6_M5C
0 1 18 -4 L0_B09_S2_C6_M4C
0 1 18 -3 L0_B09_S2_C6_M3C
0 1 18 -2 L0_B09_S2_C6_M2C
0 1 18 -1 L0_B09_S2_C6_M1C
0 1 19 0 L0_B10_S1_C7_M0
0 1 19 -1 L0_B10_S1_C7_M1C
0 1 19 -2 L0_B10_S1_C7_M2C
0 1 19 -3 L0_B10_S1_C7_M3C
0 1 19 -4 L0_B10_S1_C7_M4C
0 1 19 -5 L0_B10_S1_C7_M5C
0 1 19 -6 L0_B10_S1_C7_M6C
0 1 19 6 L0_B10_S1_A6_M6A
0 1 19 5 L0_B10_S1_A6_M5A
0 1 19 4 L0_B10_S1_A6_M4A
0 1 19 3 L0_B10_S1_A6_M3A
0 1 19 2 L0_B10_S1_A6_M2A
0 1 19 1 L0_B10_S1_A6_M1A
0 1 20 0 L0_B10_S2_A7_M0
0 1 20 1 L0_B10_S2_A7_M1A
0 1 20 2 L0_B10_S2_A7_M2A
0 1 20 3 L0_B10_S2_A7_M3A
0 1 20 4 L0_B10_S2_A7_M4A
0 1 20 5 L0_B10_S2_A7_M5A
0 1 20 6 L0_B10_S2_A7_M6A
0 1 20 -6 L0_B10_S2_C6_M6C
0 1 20 -5 L0_B10_S2_C6_M5C
0 1 20 -4 L0_B10_S2_C6_M4C
0 1 20 -3 L0_B10_S2_C6_M3C
0 1 20 -2 L0_B10_S2_C6_M2C
0 1 20 -1 L0_B10_S2_C6_M1C
0 1 21 0 L0_B11_S1_C7_M0
0 1 21 -1 L0_B11_S1_C7_M1C
0 1 21 -2 L0_B11_S1_C7_M2C
0 1 21 -3 L0_B11_S1_C7_M3C
0 1 21 -4 L0_B11_S1_C7_M4C
0 1 21 -5 L0_B11_S1_C7_M5C
0 1 21 -6 L0_B11_S1_C7_M6C
0 1 21 6 L0_B11_S1_A6_M6A
0 1 21 5 L0_B11_S1_A6_M5A
0 1 21 4 L0_B11_S1_A6_M4A
0 1 21 3 L0_B11_S1_A6_M3A
0 1 21 2 L0_B11_S1_A6_M2A
0 1 21 1 L0_B11_S1_A6_M1A
0 1 6 0 L0_B03_S2_A7_M0
0 1 6 1 L0_B03_S2_A7_M1A
0 1 6 2 L0_B03_S2_A7_M2A
0 1 6 3 L0_B03_S2_A7_M3A
0 1 6 4 L0_B03_S2_A7_M4A
0 1 6 5 L0_B03_S2_A7_M5A
0 1 6 6 L0_B03_S2_A7_M6A
0 1 6 -6 L0_B03_S2_C6_M6C
0 1 6 -5 L0_B03_S2_C6_M5C
0 1 6 -4 L0_B03_S2_C6_M4C
0 1 6 -3 L0_B03_S2_C6_M3C
0 1 6 -2 L0_B03_S2_C6_M2C
0 1 6 -1 L0_B03_S2_C6_M1C
0 1 7 0 L0_B04_S1_C7_M0
0 1 7 -1 L0_B04_S1_C7_M1C
0 1 7 -2 L0_B04_S1_C7_M2C
0 1 7 -3 L0_B04_S1_C7_M3C
0 1 7 -4 L0_B04_S1_C7_M4C
0 1 7 -5 L0_B04_S1_C7_M5C
0 1 7 -6 L0_B04_S1_C7_M6C
0 1 7 6 L0_B04_S1_A6_M6A
0 1 7 5 L0_B04_S1_A6_M5A
0 1 7 4 L0_B04_S1_A6_M4A
0 1 7 3 L0_B04_S1_A6_M3A
0 1 7 2 L0_B04_S1_A6_M2A
0 1 7 1 L0_B04_S1_A6_M1A
0 1 8 0 L0_B04_S2_A7_M0
0 1 8 1 L0_B04_S2_A7_M1A
0 1 8 2 L0_B04_S2_A7_M2A
0 1 8 3 L0_B04_S2_A7_M3A
0 1 8 4 L0_B04_S2_A7_M4A
0 1 8 5 L0_B04_S2_A7_M5A
0 1 8 6 L0_B04_S2_A7_M6A
0 1 8 -6 L0_B04_S2_C6_M6C
0 1 8 -5 L0_B04_S2_C6_M5C
0 1 8 -4 L0_B04_S2_C6_M4C
0 1 8 -3 L0_B04_S2_C6_M3C
0 1 8 -2 L0_B04_S2_C6_M2C
0 1 8 -1 L0_B04_S2_C6_M1C
0 1 9 0 L0_B05_S1_C7_M0
0 1 9 -1 L0_B05_S1_C7_M1C
0 1 9 -2 L0_B05_S1_C7_M2C
0 1 9 -3 L0_B05_S1_C7_M3C
0 1 9 -4 L0_B05_S1_C7_M4C
0 1 9 -5 L0_B05_S1_C7_M5C
0 1 9 -6 L0_B05_S1_C7_M6C
0 1 9 6 L0_B05_S1_A6_M6A
0 1 9 5 L0_B05_S1_A6_M5A
0 1 9 4 L0_B05_S1_A6_M4A
0 1 9 3 L0_B05_S1_A6_M3A
0 1 9 2 L0_B05_S1_A6_M2A
0 1 9 1 L0_B05_S1_A6_M1A
0 1 10 0 L0_B05_S2_A7_M0
0 1 10 1 L0_B05_S2_A7_M1A
0 1 10 2 L0_B05_S2_A7_M2A
0 1 10 3 L0_B05_S2_A7_M3A
0 1 10 4 L0_B05_S2_A7_M4A
0 1 10 5 L0_B05_S2_A7_M5A
0 1 10 6 L0_B05_S2_A7_M6A
0 1 10 -6 L0_B05_S2_C6_M6C
0 1 10 -5 L0_B05_S2_C6_M5C
0 1 10 -4 L0_B05_S2_C6_M4C
0 1 10 -3 L0_B05_S2_C6_M3C
0 1 10 -2 L0_B05_S2_C6_M2C
0 1 10 -1 L0_B05_S2_C6_M1C
0 1 11 0 L0_B06_S1_C7_M0
0 1 11 -1 L0_B06_S1_C7_M1C
0 1 11 -2 L0_B06_S1_C7_M2C
0 1 11 -3 L0_B06_S1_C7_M3C
0 1 11 -4 L0_B06_S1_C7_M4C
0 1 11 -5 L0_B06_S1_C7_M5C
0 1 11 -6 L0_B06_S1_C7_M6C
0 1 11 6 L0_B06_S1_A6_M6A
0 1 11 5 L0_B06_S1_A6_M5A
0 1 11 4 L0_B06_S1_A6_M4A
0 1 11 3 L0_B06_S1_A6_M3A
0 1 11 2 L0_B06_S1_A6_M2A
0 1 11 1 L0_B06_S1_A6_M1A
0 1 12 0 L0_B06_S2_A7_M0
0 1 12 1 L0_B06_S2_A7_M1A
0 1 12 2 L0_B06_S2_A7_M2A
0 1 12 3 L0_B06_S2_A7_M3A
0 1 12 4 L0_B06_S2_A7_M4A
0 1 12 5 L0_B06_S2_A7_M5A
0 1 12 6 L0_B06_S2_A7_M6A
0 1 12 -6 L0_B06_S2_C6_M6C
0 1 12 -5 L0_B06_S2_C6_M5C
0 1 12 -4 L0_B06_S2_C6_M4C
0 1 12 -3 L0_B06_S2_C6_M3C
0 1 12 -2 L0_B06_S2_C6_M2C
0 1 12 -1 L0_B06_S2_C6_M1C
0 1 1 0 L0_B01_S1_C7_M0
0 1 1 -1 L0_B01_S1_C7_M1C
0 1 1 -2 L0_B01_S1_C7_M2C
0 1 1 -3 L0_B01_S1_C7_M3C
0 1 1 -4 L0_B01_S1_C7_M4C
0 1 1 -5 L0_B01_S1_C7_M5C
0 1 1 -6 L0_B01_S1_C7_M6C
0 1 1 6 L0_B01_S1_A6_M6A
0 1 1 5 L0_B01_S1_A6_M5A
0 1 1 4 L0_B01_S1_A6_M4A
0 1 1 3 L0_B01_S1_A6_M3A
0 1 1 2 L0_B01_S1_A6_M2A
0 1 1 1 L0_B01_S1_A6_M1A
0 1 2 0 L0_B01_S2_A7_M0
0 1 2 1 L0_B01_S2_A7_M1A
0 1 2 2 L0_B01_S2_A7_M2A
0 1 2 3 L0_B01_S2_A7_M3A
0 1 2 4 L0_B01_S2_A7_M4A
0 1 2 5 L0_B01_S2_A7_M5A
0 1 2 6 L0_B01_S2_A7_M6A
0 1 2 -6 L0_B01_S2_C6_M6C
0 1 2 -5 L0_B01_S2_C6_M5C
0 1 2 -4 L0_B01_S2_C6_M4C
0 1 2 -3 L0_B01_S2_C6_M3C
0 1 2 -2 L0_B01_S2_C6_M2C
0 1 2 -1 L0_B01_S2_C6_M1C
0 1 3 0 L0_B02_S1_C7_M0
0 1 3 -1 L0_B02_S1_C7_M1C
0 1 3 -2 L0_B02_S1_C7_M2C
0 1 3 -3 L0_B02_S1_C7_M3C
0 1 3 -4 L0_B02_S1_C7_M4C
0 1 3 -5 L0_B02_S1_C7_M5C
0 1 3 -6 L0_B02_S1_C7_M6C
0 1 3 6 L0_B02_S1_A6_M6A
0 1 3 5 L0_B02_S1_A6_M5A
0 1 3 4 L0_B02_S1_A6_M4A
0 1 3 3 L0_B02_S1_A6_M3A
0 1 3 2 L0_B02_S1_A6_M2A
0 1 3 1 L0_B02_S1_A6_M1A
0 1 4 0 L0_B02_S2_A7_M0
0 1 4 1 L0_B02_S2_A7_M1A
0 1 4 2 L0_B02_S2_A7_M2A
0 1 4 3 L0_B02_S2_A7_M3A
0 1 4 4 L0_B02_S2_A7_M4A
0 1 4 5 L0_B02_S2_A7_M5A
0 1 4 6 L0_B02_S2_A7_M6A
0 1 4 -6 L0_B02_S2_C6_M6C
0 1 4 -5 L0_B02_S2_C6_M5C
0 1 4 -4 L0_B02_S2_C6_M4C
0 1 4 -3 L0_B02_S2_C6_M3C
0 1 4 -2 L0_B02_S2_C6_M2C
0 1 4 -1 L0_B02_S2_C6_M1C
0 1 5 0 L0_B03_S1_C7_M0
0 1 5 -1 L0_B03_S1_C7_M1C
0 1 5 -2 L0_B03_S1_C7_M2C
0 1 5 -3 L0_B03_S1_C7_M3C
0 1 5 -4 L0_B03_S1_C7_M4C
0 1 5 -5 L0_B03_S1_C7_M5C
0 1 5 -6 L0_B03_S1_C7_M6C
0 1 5 6 L0_B03_S1_A6_M6A
0 1 5 5 L0_B03_S1_A6_M5A
0 1 5 4 L0_B03_S1_A6_M4A
0 1 5 3 L0_B03_S1_A6_M3A
0 1 5 2 L0_B03_S1_A6_M2A
0 1 5 1 L0_B03_S1_A6_M1A
0 1 0 0 L0_B11_S2_A7_M0
0 1 0 1 L0_B11_S2_A7_M1A
0 1 0 2 L0_B11_S2_A7_M2A
0 1 0 3 L0_B11_S2_A7_M3A
0 1 0 4 L0_B11_S2_A7_M4A
0 1 0 5 L0_B11_S2_A7_M5A
0 1 0 6 L0_B11_S2_A7_M6A
0 1 0 -6 L0_B11_S2_C6_M6C
0 1 0 -5 L0_B11_S2_C6_M5C
0 1 0 -4 L0_B11_S2_C6_M4C
0 1 0 -3 L0_B11_S2_C6_M3C
0 1 0 -2 L0_B11_S2_C6_M2C
0 1 0 -1 L0_B11_S2_C6_M1C
-2 0 45 0 D1C_B01_S1_M2
-2 0 44 0 D1C_B01_S1_M5
-2 0 43 0 D1C_B01_S1_M3
-2 0 46 0 D1C_B01_S1_M6
-2 0 47 0 D1C_B01_S1_M1
-2 0 42 0 D1C_B01_S1_M4
-2 2 42 0 D3C_B01_S1_M4
-2 2 47 0 D3C_B01_S1_M1
-2 2 46 0 D3C_B01_S1_M6
-2 2 43 0 D3C_B01_S1_M3
-2 2 44 0 D3C_B01_S1_M5
-2 2 45 0 D3C_B01_S1_M2
2 0 44 0 D1A_B01_S1_M2
2 0 45 0 D1A_B01_S1_M5
2 0 46 0 D1A_B01_S1_M3
2 0 43 0 D1A_B01_S1_M6
2 0 42 0 D1A_B01_S1_M1
2 0 47 0 D1A_B01_S1_M4
2 2 47 0 D3A_B01_S1_M4
2 2 42 0 D3A_B01_S1_M1
2 2 43 0 D3A_B01_S1_M6
2 2 46 0 D3A_B01_S1_M3
2 2 45 0 D3A_B01_S1_M5
2 2 44 0 D3A_B01_S1_M2
-2 0 39 0 D1C_B04_S2_M2
-2 0 38 0 D1C_B04_S2_M5
-2 0 37 0 D1C_B04_S2_M3
-2 0 40 0 D1C_B04_S2_M6
-2 0 41 0 D1C_B04_S2_M1
-2 0 36 0 D1C_B04_S2_M4
-2 2 36 0 D3C_B04_S2_M4
-2 2 41 0 D3C_B04_S2_M1
-2 2 40 0 D3C_B04_S2_M6
-2 2 37 0 D3C_B04_S2_M3
-2 2 38 0 D3C_B04_S2_M5
-2 2 39 0 D3C_B04_S2_M2
2 0 38 0 D1A_B04_S2_M2
2 0 39 0 D1A_B04_S2_M5
2 0 40 0 D1A_B04_S2_M3
2 0 37 0 D1A_B04_S2_M6
2 0 36 0 D1A_B04_S2_M1
2 0 41 0 D1A_B04_S2_M4
2 2 41 0 D3A_B04_S2_M4
2 2 36 0 D3A_B04_S2_M1
2 2 37 0 D3A_B04_S2_M6
2 2 40 0 D3A_B04_S2_M3
2 2 39 0 D3A_B04_S2_M5
2 2 38 0 D3A_B04_S2_M2
-2 0 33 0 D1C_B04_S1_M2
-2 0 32 0 D1C_B04_S1_M5
-2 0 31 0 D1C_B04_S1_M3
-2 0 34 0 D1C_B04_S1_M6
-2 0 35 0 D1C_B04_S1_M1
-2 0 30 0 D1C_B04_S1_M4
-2 2 30 0 D3C_B04_S1_M4
-2 2 35 0 D3C_B04_S1_M1
-2 2 34 0 D3C_B04_S1_M6
-2 2 31 0 D3C_B04_S1_M3
-2 2 32 0 D3C_B04_S1_M5
-2 2 33 0 D3C_B04_S1_M2
2 0 32 0 D1A_B04_S1_M2
2 0 33 0 D1A_B04_S1_M5
2 0 34 0 D1A_B04_S1_M3
2 0 31 0 D1A_B04_S1_M6
2 0 30 0 D1A_B04_S1_M1
2 0 35 0 D1A_B04_S1_M4
2 2 35 0 D3A_B04_S1_M4
2 2 30 0 D3A_B04_S1_M1
2 2 31 0 D3A_B04_S1_M6
2 2 34 0 D3A_B04_S1_M3
2 2 33 0 D3A_B04_S1_M5
2 2 32 0 D3A_B04_S1_M2
-2 0 27 0 D1C_B03_S2_M2
-2 0 26 0 D1C_B03_S2_M5
-2 0 25 0 D1C_B03_S2_M3
-2 0 28 0 D1C_B03_S2_M6
-2 0 29 0 D1C_B03_S2_M1
-2 0 24 0 D1C_B03_S2_M4
-2 2 24 0 D3C_B03_S2_M4
-2 2 29 0 D3C_B03_S2_M1
-2 2 28 0 D3C_B03_S2_M6
-2 2 25 0 D3C_B03_S2_M3
-2 2 26 0 D3C_B03_S2_M5
-2 2 27 0 D3C_B03_S2_M2
2 0 26 0 D1A_B03_S2_M2
2 0 27 0 D1A_B03_S2_M5
2 0 28 0 D1A_B03_S2_M3
2 0 25 0 D1A_B03_S2_M6
2 0 24 0 D1A_B03_S2_M1
2 0 29 0 D1A_B03_S2_M4
2 2 29 0 D3A_B03_S2_M4
2 2 24 0 D3A_B03_S2_M1
2 2 25 0 D3A_B03_S2_M6
2 2 28 0 D3A_B03_S2_M3
2 2 27 0 D3A_B03_S2_M5
2 2 26 0 D3A_B03_S2_M2
-2 0 21 0 D1C_B03_S1_M2
-2 0 20 0 D1C_B03_S1_M5
-2 0 19 0 D1C_B03_S1_M3
-2 0 22 0 D1C_B03_S1_M6
-2 0 23 0 D1C_B03_S1_M1
-2 0 18 0 D1C_B03_S1_M4
-2 2 18 0 D3C_B03_S1_M4
-2 2 23 0 D3C_B03_S1_M1
-2 2 22 0 D3C_B03_S1_M6
-2 2 19 0 D3C_B03_S1_M3
-2 2 20 0 D3C_B03_S1_M5
-2 2 21 0 D3C_B03_S1_M2
2 0 20 0 D1A_B03_S1_M2
2 0 21 0 D1A_B03_S1_M5
2 0 22 0 D1A_B03_S1_M3
2 0 19 0 D1A_B03_S1_M6
2 0 18 0 D1A_B03_S1_M1
2 0 23 0 D1A_B03_S1_M4
2 2 23 0 D3A_B03_S1_M4
2 2 18 0 D3A_B03_S1_M1
2 2 19 0 D3A_B03_S1_M6
2 2 22 0 D3A_B03_S1_M3
2 2 21 0 D3A_B03_S1_M5
2 2 20 0 D3A_B03_S1_M2
-2 0 15 0 D1C_B02_S2_M2
-2 0 14 0 D1C_B02_S2_M5
-2 0 13 0 D1C_B02_S2_M3
-2 0 16 0 D1C_B02_S2_M6
-2 0 17 0 D1C_B02_S2_M1
-2 0 12 0 D1C_B02_S2_M4
-2 2 12 0 D3C_B02_S2_M4
-2 2 17 0 D3C_B02_S2_M1
-2 2 16 0 D3C_B02_S2_M6
-2 2 13 0 D3C_B02_S2_M3
-2 2 14 0 D3C_B02_S2_M5
-2 2 15 0 D3C_B02_S2_M2
2 0 14 0 D1A_B02_S2_M2
2 0 15 0 D1A_B02_S2_M5
2 0 16 0 D1A_B02_S2_M3
2 0 13 0 D1A_B02_S2_M6
2 0 12 0 D1A_B02_S2_M1
2 0 17 0 D1A_B02_S2_M4
2 2 17 0 D3A_B02_S2_M4
2 2 12 0 D3A_B02_S2_M1
2 2 13 0 D3A_B02_S2_M6
2 2 16 0 D3A_B02_S2_M3
2 2 15 0 D3A_B02_S2_M5
2 2 14 0 D3A_B02_S2_M2
-2 0 9 0 D1C_B02_S1_M2
-2 0 8 0 D1C_B02_S1_M5
-2 0 7 0 D1C_B02_S1_M3
-2 0 10 0 D1C_B02_S1_M6
-2 0 11 0 D1C_B02_S1_M1
-2 0 6 0 D1C_B02_S1_M4
-2 2 6 0 D3C_B02_S1_M4
-2 2 11 0 D3C_B02_S1_M1
-2 2 10 0 D3C_B02_S1_M6
-2 2 7 0 D3C_B02_S1_M3
-2 2 8 0 D3C_B02_S1_M5
-2 2 9 0 D3C_B02_S1_M2
2 0 8 0 D1A_B02_S1_M2
2 0 9 0 D1A_B02_S1_M5
2 0 10 0 D1A_B02_S1_M3
2 0 7 0 D1A_B02_S1_M6
2 0 6 0 D1A_B02_S1_M1
2 0 11 0 D1A_B02_S1_M4
2 2 11 0 D3A_B02_S1_M4
2 2 6 0 D3A_B02_S1_M1
2 2 7 0 D3A_B02_S1_M6
2 2 10 0 D3A_B02_S1_M3
2 2 9 0 D3A_B02_S1_M5
2 2 8 0 D3A_B02_S1_M2
-2 0 3 0 D1C_B01_S2_M2
-2 0 2 0 D1C_B01_S2_M5
-2 0 1 0 D1C_B01_S2_M3
-2 0 4 0 D1C_B01_S2_M6
-2 0 5 0 D1C_B01_S2_M1
-2 0 0 0 D1C_B01_S2_M4
-2 2 0 0 D3C_B01_S2_M4
-2 2 5 0 D3C_B01_S2_M1
-2 2 4 0 D3C_B01_S2_M6
-2 2 1 0 D3C_B01_S2_M3
-2 2 2 0 D3C_B01_S2_M5
-2 2 3 0 D3C_B01_S2_M2
2 0 2 0 D1A_B01_S2_M2
2 0 3 0 D1A_B01_S2_M5
2 0 4 0 D1A_B01_S2_M3
2 0 1 0 D1A_B01_S2_M6
2 0 0 0 D1A_B01_S2_M1
2 0 5 0 D1A_B01_S2_M4
2 2 5 0 D3A_B01_S2_M4
2 2 0 0 D3A_B01_S2_M1
2 2 1 0 D3A_B01_S2_M6
2 2 4 0 D3A_B01_S2_M3
2 2 3 0 D3A_B01_S2_M5
2 2 2 0 D3A_B01_S2_M2
-2 1 36 0 D2C_B04_S2_M4
-2 1 41 0 D2C_B04_S2_M1
-2 1 40 0 D2C_B04_S2_M6
-2 1 37 0 D2C_B04_S2_M3
-2 1 38 0 D2C_B04_S2_M5
-2 1 39 0 D2C_B04_S2_M2
-2 1 42 0 D2C_B01_S1_M4
-2 1 47 0 D2C_B01_S1_M1
-2 1 46 0 D2C_B01_S1_M6
-2 1 43 0 D2C_B01_S1_M3
-2 1 44 0 D2C_B01_S1_M5
-2 1 45 0 D2C_B01_S1_M2
2 1 41 0 D2A_B04_S2_M4
2 1 36 0 D2A_B04_S2_M1
2 1 37 0 D2A_B04_S2_M6
2 1 40 0 D2A_B04_S2_M3
2 1 39 0 D2A_B04_S2_M5
2 1 38 0 D2A_B04_S2_M2
2 1 47 0 D2A_B01_S1_M4
2 1 42 0 D2A_B01_S1_M1
2 1 43 0 D2A_B01_S1_M6
2 1 46 0 D2A_B01_S1_M3
2 1 45 0 D2A_B01_S1_M5
2 1 44 0 D2A_B01_S1_M2
-2 1 24 0 D2C_B03_S2_M4
-2 1 29 0 D2C_B03_S2_M1
-2 1 28 0 D2C_B03_S2_M6
-2 1 25 0 D2C_B03_S2_M3
-2 1 26 0 D2C_B03_S2_M5
-2 1 27 0 D2C_B03_S2_M2
-2 1 31 0 D2C_B04_S1_M3
-2 1 35 0 D2C_B04_S1_M1
-2 1 34 0 D2C_B04_S1_M6
-2 1 30 0 D2C_B04_S1_M4
-2 1 32 0 D2C_B04_S1_M5
-2 1 33 0 D2C_B04_S1_M2
2 1 29 0 D2A_B03_S2_M4
2 1 24 0 D2A_B03_S2_M1
2 1 25 0 D2A_B03_S2_M6
2 1 28 0 D2A_B03_S2_M3
2 1 27 0 D2A_B03_S2_M5
2 1 26 0 D2A_B03_S2_M2
2 1 35 0 D2A_B04_S1_M4
2 1 30 0 D2A_B04_S1_M1
2 1 31 0 D2A_B04_S1_M6
2 1 34 0 D2A_B04_S1_M3
2 1 33 0 D2A_B04_S1_M5
2 1 32 0 D2A_B04_S1_M2
-2 1 12 0 D2C_B02_S2_M4
-2 1 17 0 D2C_B02_S2_M1
-2 1 16 0 D2C_B02_S2_M6
-2 1 13 0 D2C_B02_S2_M3
-2 1 14 0 D2C_B02_S2_M5
-2 1 15 0 D2C_B02_S2_M2
-2 1 18 0 D2C_B03_S1_M4
-2 1 23 0 D2C_B03_S1_M1
-2 1 22 0 D2C_B03_S1_M6
-2 1 19 0 D2C_B03_S1_M3
-2 1 20 0 D2C_B03_S1_M5
-2 1 21 0 D2C_B03_S1_M2
2 1 17 0 D2A_B02_S2_M4
2 1 12 0 D2A_B02_S2_M1
2 1 13 0 D2A_B02_S2_M6
2 1 16 0 D2A_B02_S2_M3
2 1 15 0 D2A_B02_S2_M5
2 1 14 0 D2A_B02_S2_M2
2 1 23 0 D2A_B03_S1_M4
2 1 18 0 D2A_B03_S1_M1
2 1 19 0 D2A_B03_S1_M6
2 1 22 0 D2A_B03_S1_M3
2 1 21 0 D2A_B03_S1_M5
2 1 20 0 D2A_B03_S1_M2
-2 1 0 0 D2C_B01_S2_M4
-2 1 5 0 D2C_B01_S2_M1
-2 1 4 0 D2C_B01_S2_M6
-2 1 1 0 D2C_B01_S2_M3
-2 1 2 0 D2C_B01_S2_M5
-2 1 3 0 D2C_B01_S2_M2
-2 1 6 0 D2C_B02_S1_M4
-2 1 11 0 D2C_B02_S1_M1
-2 1 10 0 D2C_B02_S1_M6
-2 1 7 0 D2C_B02_S1_M3
-2 1 8 0 D2C_B02_S1_M5
-2 1 9 0 D2C_B02_S1_M2
2 1 5 0 D2A_B01_S2_M4
2 1 0 0 D2A_B01_S2_M1
2 1 1 0 D2A_B01_S2_M6
2 1 4 0 D2A_B01_S2_M3
2 1 3 0 D2A_B01_S2_M5
2 1 2 0 D2A_B01_S2_M2
2 1 11 0 D2A_B02_S1_M4
2 1 6 0 D2A_B02_S1_M1
2 1 7 0 D2A_B02_S1_M6
2 1 10 0 D2A_B02_S1_M3
2 1 9 0 D2A_B02_S1_M5
2 1 8 0 D2A_B02_S1_M2
0 3 20 0 L2_B11_S2_A7_M0
0 3 20 1 L2_B11_S2_A7_M1A
0 3 20 2 L2_B11_S2_A7_M2A
0 3 20 3 L2_B11_S2_A7_M3A
0 3 20 4 L2_B11_S2_A7_M4A
0 3 20 5 L2_B11_S2_A7_M5A
0 3 20 6 L2_B11_S2_A7_M6A
0 3 19 6 L2_B11_S1_A6_M6A
0 3 19 5 L2_B11_S1_A6_M5A
0 3 19 4 L2_B11_S1_A6_M4A
0 3 19 3 L2_B11_S1_A6_M3A
0 3 19 2 L2_B11_S1_A6_M2A
0 3 19 1 L2_B11_S1_A6_M1A
0 3 22 0 L2_B12_S2_A7_M0
0 3 22 1 L2_B12_S2_A7_M1A
0 3 22 2 L2_B12_S2_A7_M2A
0 3 22 3 L2_B12_S2_A7_M3A
0 3 22 4 L2_B12_S2_A7_M4A
0 3 22 5 L2_B12_S2_A7_M5A
0 3 22 6 L2_B12_S2_A7_M6A
0 3 21 6 L2_B12_S1_A6_M6A
0 3 21 5 L2_B12_S1_A6_M5A
0 3 21 4 L2_B12_S1_A6_M4A
0 3 21 3 L2_B12_S1_A6_M3A
0 3 21 2 L2_B12_S1_A6_M2A
0 3 21 1 L2_B12_S1_A6_M1A
0 3 20 -6 L2_B11_S2_C6_M6C
0 3 20 -5 L2_B11_S2_C6_M5C
0 3 20 -4 L2_B11_S2_C6_M4C
0 3 20 -3 L2_B11_S2_C6_M3C
0 3 20 -2 L2_B11_S2_C6_M2C
0 3 20 -1 L2_B11_S2_C6_M1C
0 3 19 0 L2_B11_S1_C7_M0
0 3 19 -1 L2_B11_S1_C7_M1C
0 3 19 -2 L2_B11_S1_C7_M2C
0 3 19 -3 L2_B11_S1_C7_M3C
0 3 19 -4 L2_B11_S1_C7_M4C
0 3 19 -5 L2_B11_S1_C7_M5C
0 3 19 -6 L2_B11_S1_C7_M6C
0 3 22 -6 L2_B12_S2_C6_M6C
0 3 22 -5 L2_B12_S2_C6_M5C
0 3 22 -4 L2_B12_S2_C6_M4C
0 3 22 -3 L2_B12_S2_C6_M3C
0 3 22 -2 L2_B12_S2_C6_M2C
0 3 22 -1 L2_B12_S2_C6_M1C
0 3 21 0 L2_B12_S1_C7_M0
0 3 21 -1 L2_B12_S1_C7_M1C
0 3 21 -2 L2_B12_S1_C7_M2C
0 3 21 -3 L2_B12_S1_C7_M3C
0 3 21 -4 L2_B12_S1_C7_M4C
0 3 21 -5 L2_B12_S1_C7_M5C
0 3 21 -6 L2_B12_S1_C7_M6C
0 3 26 0 L2_B14_S2_A7_M0
0 3 26 1 L2_B14_S2_A7_M1A
0 3 26 2 L2_B14_S2_A7_M2A
0 3 26 3 L2_B14_S2_A7_M3A
0 3 26 4 L2_B14_S2_A7_M4A
0 3 26 5 L2_B14_S2_A7_M5A
0 3 26 6 L2_B14_S2_A7_M6A
0 3 25 6 L2_B14_S1_A6_M6A
0 3 25 5 L2_B14_S1_A6_M5A
0 3 25 4 L2_B14_S1_A6_M4A
0 3 25 3 L2_B14_S1_A6_M3A
0 3 25 2 L2_B14_S1_A6_M2A
0 3 25 1 L2_B14_S1_A6_M1A
0 3 24 0 L2_B13_S2_A7_M0
0 3 24 1 L2_B13_S2_A7_M1A
0 3 24 2 L2_B13_S2_A7_M2A
0 3 24 3 L2_B13_S2_A7_M3A
0 3 24 4 L2_B13_S2_A7_M4A
0 3 24 5 L2_B13_S2_A7_M5A
0 3 24 6 L2_B13_S2_A7_M6A
0 3 23 6 L2_B13_S1_A6_M6A
0 3 23 5 L2_B13_S1_A6_M5A
0 3 23 4 L2_B13_S1_A6_M4A
0 3 23 3 L2_B13_S1_A6_M3A
0 3 23 2 L2_B13_S1_A6_M2A
0 3 23 1 L2_B13_S1_A6_M1A
0 3 26 -6 L2_B14_S2_C6_M6C
0 3 26 -5 L2_B14_S2_C6_M5C
0 3 26 -4 L2_B14_S2_C6_M4C
0 3 26 -3 L2_B14_S2_C6_M3C
0 3 26 -2 L2_B14_S2_C6_M2C
0 3 26 -1 L2_B14_S2_C6_M1C
0 3 25 0 L2_B14_S1_C7_M0
0 3 25 -1 L2_B14_S1_C7_M1C
0 3 25 -2 L2_B14_S1_C7_M2C
0 3 25 -3 L2_B14_S1_C7_M3C
0 3 25 -4 L2_B14_S1_C7_M4C
0 3 25 -5 L2_B14_S1_C7_M5C
0 3 25 -6 L2_B14_S1_C7_M6C
0 3 24 -6 L2_B13_S2_C6_M6C
0 3 24 -5 L2_B13_S2_C6_M5C
0 3 24 -4 L2_B13_S2_C6_M4C
0 3 24 -3 L2_B13_S2_C6_M3C
0 3 24 -2 L2_B13_S2_C6_M2C
0 3 24 -1 L2_B13_S2_C6_M1C
0 3 23 0 L2_B13_S1_C7_M0
0 3 23 -1 L2_B13_S1_C7_M1C
0 3 23 -2 L2_B13_S1_C7_M2C
0 3 23 -3 L2_B13_S1_C7_M3C
0 3 23 -4 L2_B13_S1_C7_M4C
0 3 23 -5 L2_B13_S1_C7_M5C
0 3 23 -6 L2_B13_S1_C7_M6C
0 3 30 0 L2_B16_S2_A7_M0
0 3 30 1 L2_B16_S2_A7_M1A
0 3 30 2 L2_B16_S2_A7_M2A
0 3 30 3 L2_B16_S2_A7_M3A
0 3 30 4 L2_B16_S2_A7_M4A
0 3 30 5 L2_B16_S2_A7_M5A
0 3 30 6 L2_B16_S2_A7_M6A
0 3 29 6 L2_B16_S1_A6_M6A
0 3 29 5 L2_B16_S1_A6_M5A
0 3 29 4 L2_B16_S1_A6_M4A
0 3 29 3 L2_B16_S1_A6_M3A
0 3 29 2 L2_B16_S1_A6_M2A
0 3 29 1 L2_B16_S1_A6_M1A
0 3 28 0 L2_B15_S2_A7_M0
0 3 28 1 L2_B15_S2_A7_M1A
0 3 28 2 L2_B15_S2_A7_M2A
0 3 28 3 L2_B15_S2_A7_M3A
0 3 28 4 L2_B15_S2_A7_M4A
0 3 28 5 L2_B15_S2_A7_M5A
0 3 28 6 L2_B15_S2_A7_M6A
0 3 27 6 L2_B15_S1_A6_M6A
0 3 27 5 L2_B15_S1_A6_M5A
0 3 27 4 L2_B15_S1_A6_M4A
0 3 27 3 L2_B15_S1_A6_M3A
0 3 27 2 L2_B15_S1_A6_M2A
0 3 27 1 L2_B15_S1_A6_M1A
0 3 30 -6 L2_B16_S2_C6_M6C
0 3 30 -5 L2_B16_S2_C6_M5C
0 3 30 -4 L2_B16_S2_C6_M4C
0 3 30 -3 L2_B16_S2_C6_M3C
0 3 30 -2 L2_B16_S2_C6_M2C
0 3 30 -1 L2_B16_S2_C6_M1C
0 3 29 0 L2_B16_S1_C7_M0
0 3 29 -1 L2_B16_S1_C7_M1C
0 3 29 -2 L2_B16_S1_C7_M2C
0 3 29 -3 L2_B16_S1_C7_M3C
0 3 29 -4 L2_B16_S1_C7_M4C
0 3 29 -5 L2_B16_S1_C7_M5C
0 3 29 -6 L2_B16_S1_C7_M6C
0 3 28 -6 L2_B15_S2_C6_M6C
0 3 28 -5 L2_B15_S2_C6_M5C
0 3 28 -4 L2_B15_S2_C6_M4C
0 3 28 -3 L2_B15_S2_C6_M3C
0 3 28 -2 L2_B15_S2_C6_M2C
0 3 28 -1 L2_B15_S2_C6_M1C
0 3 27 0 L2_B15_S1_C7_M0
0 3 27 -1 L2_B15_S1_C7_M1C
0 3 27 -2 L2_B15_S1_C7_M2C
0 3 27 -3 L2_B15_S1_C7_M3C
0 3 27 -4 L2_B15_S1_C7_M4C
0 3 27 -5 L2_B15_S1_C7_M5C
0 3 27 -6 L2_B15_S1_C7_M6C
0 3 34 0 L2_B18_S2_A7_M0
0 3 34 1 L2_B18_S2_A7_M1A
0 3 34 2 L2_B18_S2_A7_M2A
0 3 34 3 L2_B18_S2_A7_M3A
0 3 34 4 L2_B18_S2_A7_M4A
0 3 34 5 L2_B18_S2_A7_M5A
0 3 34 6 L2_B18_S2_A7_M6A
0 3 33 6 L2_B18_S1_A6_M6A
0 3 33 5 L2_B18_S1_A6_M5A
0 3 33 4 L2_B18_S1_A6_M4A
0 3 33 3 L2_B18_S1_A6_M3A
0 3 33 2 L2_B18_S1_A6_M2A
0 3 33 1 L2_B18_S1_A6_M1A
0 3 32 0 L2_B17_S2_A7_M0
0 3 32 1 L2_B17_S2_A7_M1A
0 3 32 2 L2_B17_S2_A7_M2A
0 3 32 3 L2_B17_S2_A7_M3A
0 3 32 4 L2_B17_S2_A7_M4A
0 3 32 5 L2_B17_S2_A7_M5A
0 3 32 6 L2_B17_S2_A7_M6A
0 3 31 6 L2_B17_S1_A6_M6A
0 3 31 5 L2_B17_S1_A6_M5A
0 3 31 4 L2_B17_S1_A6_M4A
0 3 31 3 L2_B17_S1_A6_M3A
0 3 31 2 L2_B17_S1_A6_M2A
0 3 31 1 L2_B17_S1_A6_M1A
0 3 34 -6 L2_B18_S2_C6_M6C
0 3 34 -5 L2_B18_S2_C6_M5C
0 3 34 -4 L2_B18_S2_C6_M4C
0 3 34 -3 L2_B18_S2_C6_M3C
0 3 34 -2 L2_B18_S2_C6_M2C
0 3 34 -1 L2_B18_S2_C6_M1C
0 3 33 0 L2_B18_S1_C7_M0
0 3 33 -1 L2_B18_S1_C7_M1C
0 3 33 -2 L2_B18_S1_C7_M2C
0 3 33 -3 L2_B18_S1_C7_M3C
0 3 33 -4 L2_B18_S1_C7_M4C
0 3 33 -5 L2_B18_S1_C7_M5C
0 3 33 -6 L2_B18_S1_C7_M6C
0 3 32 -6 L2_B17_S2_C6_M6C
0 3 32 -5 L2_B17_S2_C6_M5C
0 3 32 -4 L2_B17_S2_C6_M4C
0 3 32 -3 L2_B17_S2_C6_M3C
0 3 32 -2 L2_B17_S2_C6_M2C
0 3 32 -1 L2_B17_S2_C6_M1C
0 3 31 0 L2_B17_S1_C7_M0
0 3 31 -1 L2_B17_S1_C7_M1C
0 3 31 -2 L2_B17_S1_C7_M2C
0 3 31 -3 L2_B17_S1_C7_M3C
0 3 31 -4 L2_B17_S1_C7_M4C
0 3 31 -5 L2_B17_S1_C7_M5C
0 3 31 -6 L2_B17_S1_C7_M6C
0 3 38 0 L2_B20_S2_A7_M0
0 3 38 1 L2_B20_S2_A7_M1A
0 3 38 2 L2_B20_S2_A7_M2A
0 3 38 3 L2_B20_S2_A7_M3A
0 3 38 4 L2_B20_S2_A7_M4A
0 3 38 5 L2_B20_S2_A7_M5A
0 3 38 6 L2_B20_S2_A7_M6A
0 3 37 6 L2_B20_S1_A6_M6A
0 3 37 5 L2_B20_S1_A6_M5A
0 3 37 4 L2_B20_S1_A6_M4A
0 3 37 3 L2_B20_S1_A6_M3A
0 3 37 2 L2_B20_S1_A6_M2A
0 3 37 1 L2_B20_S1_A6_M1A
0 3 36 0 L2_B19_S2_A7_M0
0 3 36 1 L2_B19_S2_A7_M1A
0 3 36 2 L2_B19_S2_A7_M2A
0 3 36 3 L2_B19_S2_A7_M3A
0 3 36 4 L2_B19_S2_A7_M4A
0 3 36 5 L2_B19_S2_A7_M5A
0 3 36 6 L2_B19_S2_A7_M6A
0 3 35 6 L2_B19_S1_A6_M6A
0 3 35 5 L2_B19_S1_A6_M5A
0 3 35 4 L2_B19_S1_A6_M4A
0 3 35 3 L2_B19_S1_A6_M3A
0 3 35 2 L2_B19_S1_A6_M2A
0 3 35 1 L2_B19_S1_A6_M1A
0 3 38 -6 L2_B20_S2_C6_M6C
0 3 38 -5 L2_B20_S2_C6_M5C
0 3 38 -4 L2_B20_S2_C6_M4C
0 3 38 -3 L2_B20_S2_C6_M3C
0 3 38 -2 L2_B20_S2_C6_M2C
0 3 38 -1 L2_B20_S2_C6_M1C
0 3 37 0 L2_B20_S1_C7_M0
0 3 37 -1 L2_B20_S1_C7_M1C
0 3 37 -2 L2_B20_S1_C7_M2C
0 3 37 -3 L2_B20_S1_C7_M3C
0 3 37 -4 L2_B20_S1_C7_M4C
0 3 37 -5 L2_B20_S1_C7_M5C
0 3 37 -6 L2_B20_S1_C7_M6C
0 3 36 -6 L2_B19_S2_C6_M6C
0 3 36 -5 L2_B19_S2_C6_M5C
0 3 36 -4 L2_B19_S2_C6_M4C
0 3 36 -3 L2_B19_S2_C6_M3C
0 3 36 -2 L2_B19_S2_C6_M2C
0 3 36 -1 L2_B19_S2_C6_M1C
0 3 35 0 L2_B19_S1_C7_M0
0 3 35 -1 L2_B19_S1_C7_M1C
0 3 35 -2 L2_B19_S1_C7_M2C
0 3 35 -3 L2_B19_S1_C7_M3C
0 3 35 -4 L2_B19_S1_C7_M4C
0 3 35 -5 L2_B19_S1_C7_M5C
0 3 35 -6 L2_B19_S1_C7_M6C
0 3 42 0 L2_B22_S2_A7_M0
0 3 42 1 L2_B22_S2_A7_M1A
0 3 42 2 L2_B22_S2_A7_M2A
0 3 42 3 L2_B22_S2_A7_M3A
0 3 42 4 L2_B22_S2_A7_M4A
0 3 42 5 L2_B22_S2_A7_M5A
0 3 42 6 L2_B22_S2_A7_M6A
0 3 41 6 L2_B22_S1_A6_M6A
0 3 41 5 L2_B22_S1_A6_M5A
0 3 41 4 L2_B22_S1_A6_M4A
0 3 41 3 L2_B22_S1_A6_M3A
0 3 41 2 L2_B22_S1_A6_M2A
0 3 41 1 L2_B22_S1_A6_M1A
0 3 40 0 L2_B21_S2_A7_M0
0 3 40 1 L2_B21_S2_A7_M1A
0 3 40 2 L2_B21_S2_A7_M2A
0 3 40 3 L2_B21_S2_A7_M3A
0 3 40 4 L2_B21_S2_A7_M4A
0 3 40 5 L2_B21_S2_A7_M5A
0 3 40 6 L2_B21_S2_A7_M6A
0 3 39 6 L2_B21_S1_A6_M6A
0 3 39 5 L2_B21_S1_A6_M5A
0 3 39 4 L2_B21_S1_A6_M4A
0 3 39 3 L2_B21_S1_A6_M3A
0 3 39 2 L2_B21_S1_A6_M2A
0 3 39 1 L2_B21_S1_A6_M1A
0 3 42 -6 L2_B22_S2_C6_M6C
0 3 42 -5 L2_B22_S2_C6_M5C
0 3 42 -4 L2_B22_S2_C6_M4C
0 3 42 -3 L2_B22_S2_C6_M3C
0 3 42 -2 L2_B22_S2_C6_M2C
0 3 42 -1 L2_B22_S2_C6_M1C
0 3 41 0 L2_B22_S1_C7_M0
0 3 41 -1 L2_B22_S1_C7_M1C
0 3 41 -2 L2_B22_S1_C7_M2C
0 3 41 -3 L2_B22_S1_C7_M3C
0 3 41 -4 L2_B22_S1_C7_M4C
0 3 41 -5 L2_B22_S1_C7_M5C
0 3 41 -6 L2_B22_S1_C7_M6C
0 3 40 -6 L2_B21_S2_C6_M6C
0 3 40 -5 L2_B21_S2_C6_M5C
0 3 40 -4 L2_B21_S2_C6_M4C
0 3 40 -3 L2_B21_S2_C6_M3C
0 3 40 -2 L2_B21_S2_C6_M2C
0 3 40 -1 L2_B21_S2_C6_M1C
0 3 39 0 L2_B21_S1_C7_M0
0 3 39 -1 L2_B21_S1_C7_M1C
0 3 39 -2 L2_B21_S1_C7_M2C
0 3 39 -3 L2_B21_S1_C7_M3C
0 3 39 -4 L2_B21_S1_C7_M4C
0 3 39 -5 L2_B21_S1_C7_M5C
0 3 39 -6 L2_B21_S1_C7_M6C
0 3 46 0 L2_B24_S2_A7_M0
0 3 46 1 L2_B24_S2_A7_M1A
0 3 46 2 L2_B24_S2_A7_M2A
0 3 46 3 L2_B24_S2_A7_M3A
0 3 46 4 L2_B24_S2_A7_M4A
0 3 46 5 L2_B24_S2_A7_M5A
0 3 46 6 L2_B24_S2_A7_M6A
0 3 45 6 L2_B24_S1_A6_M6A
0 3 45 5 L2_B24_S1_A6_M5A
0 3 45 4 L2_B24_S1_A6_M4A
0 3 45 3 L2_B24_S1_A6_M3A
0 3 45 2 L2_B24_S1_A6_M2A
0 3 45 1 L2_B24_S1_A6_M1A
0 3 44 0 L2_B23_S2_A7_M0
0 3 44 1 L2_B23_S2_A7_M1A
0 3 44 2 L2_B23_S2_A7_M2A
0 3 44 3 L2_B23_S2_A7_M3A
0 3 44 4 L2_B23_S2_A7_M4A
0 3 44 5 L2_B23_S2_A7_M5A
0 3 44 6 L2_B23_S2_A7_M6A
0 3 43 6 L2_B23_S1_A6_M6A
0 3 43 5 L2_B23_S1_A6_M5A
0 3 43 4 L2_B23_S1_A6_M4A
0 3 43 3 L2_B23_S1_A6_M3A
0 3 43 2 L2_B23_S1_A6_M2A
0 3 43 1 L2_B23_S1_A6_M1A
0 3 46 -6 L2_B24_S2_C6_M6C
0 3 46 -5 L2_B24_S2_C6_M5C
0 3 46 -4 L2_B24_S2_C6_M4C
0 3 46 -3 L2_B24_S2_C6_M3C
0 3 46 -2 L2_B24_S2_C6_M2C
0 3 46 -1 L2_B24_S2_C6_M1C
0 3 45 0 L2_B24_S1_C7_M0
0 3 45 -1 L2_B24_S1_C7_M1C
0 3 45 -2 L2_B24_S1_C7_M2C
0 3 45 -3 L2_B24_S1_C7_M3C
0 3 45 -4 L2_B24_S1_C7_M4C
0 3 45 -5 L2_B24_S1_C7_M5C
0 3 45 -6 L2_B24_S1_C7_M6C
0 3 44 -6 L2_B23_S2_C6_M6C
0 3 44 -5 L2_B23_S2_C6_M5C
0 3 44 -4 L2_B23_S2_C6_M4C
0 3 44 -3 L2_B23_S2_C6_M3C
0 3 44 -2 L2_B23_S2_C6_M2C
0 3 44 -1 L2_B23_S2_C6_M1C
0 3 43 0 L2_B23_S1_C7_M0
0 3 43 -1 L2_B23_S1_C7_M1C
0 3 43 -2 L2_B23_S1_C7_M2C
0 3 43 -3 L2_B23_S1_C7_M3C
0 3 43 -4 L2_B23_S1_C7_M4C
0 3 43 -5 L2_B23_S1_C7_M5C
0 3 43 -6 L2_B23_S1_C7_M6C
0 3 48 0 L2_B25_S2_A7_M0
0 3 48 1 L2_B25_S2_A7_M1A
0 3 48 2 L2_B25_S2_A7_M2A
0 3 48 3 L2_B25_S2_A7_M3A
0 3 48 4 L2_B25_S2_A7_M4A
0 3 48 5 L2_B25_S2_A7_M5A
0 3 48 6 L2_B25_S2_A7_M6A
0 3 47 6 L2_B25_S1_A6_M6A
0 3 47 5 L2_B25_S1_A6_M5A
0 3 47 4 L2_B25_S1_A6_M4A
0 3 47 3 L2_B25_S1_A6_M3A
0 3 47 2 L2_B25_S1_A6_M2A
0 3 47 1 L2_B25_S1_A6_M1A
0 3 50 0 L2_B26_S2_A7_M0
0 3 50 1 L2_B26_S2_A7_M1A
0 3 50 2 L2_B26_S2_A7_M2A
0 3 50 3 L2_B26_S2_A7_M3A
0 3 50 4 L2_B26_S2_A7_M4A
0 3 50 5 L2_B26_S2_A7_M5A
0 3 50 6 L2_B26_S2_A7_M6A
0 3 49 6 L2_B26_S1_A6_M6A
0 3 49 5 L2_B26_S1_A6_M5A
0 3 49 4 L2_B26_S1_A6_M4A
0 3 49 3 L2_B26_S1_A6_M3A
0 3 49 2 L2_B26_S1_A6_M2A
0 3 49 1 L2_B26_S1_A6_M1A
0 3 48 -6 L2_B25_S2_C6_M6C
0 3 48 -5 L2_B25_S2_C6_M5C
0 3 48 -4 L2_B25_S2_C6_M4C
0 3 48 -3 L2_B25_S2_C6_M3C
0 3 48 -2 L2_B25_S2_C6_M2C
0 3 48 -1 L2_B25_S2_C6_M1C
0 3 49 0 L2_B26_S1_C7_M0
0 3 49 -1 L2_B26_S1_C7_M1C
0 3 49 -2 L2_B26_S1_C7_M2C
0 3 49 -3 L2_B26_S1_C7_M3C
0 3 49 -4 L2_B26_S1_C7_M4C
0 3 49 -5 L2_B26_S1_C7_M5C
0 3 49 -6 L2_B26_S1_C7_M6C
0 3 50 -6 L2_B26_S2_C6_M6C
0 3 50 -5 L2_B26_S2_C6_M5C
0 3 50 -4 L2_B26_S2_C6_M4C
0 3 50 -3 L2_B26_S2_C6_M3C
0 3 50 -2 L2_B26_S2_C6_M2C
0 3 50 -1 L2_B26_S2_C6_M1C
0 3 47 0 L2_B25_S1_C7_M0
0 3 47 -1 L2_B25_S1_C7_M1C
0 3 47 -2 L2_B25_S1_C7_M2C
0 3 47 -3 L2_B25_S1_C7_M3C
0 3 47 -4 L2_B25_S1_C7_M4C
0 3 47 -5 L2_B25_S1_C7_M5C
0 3 47 -6 L2_B25_S1_C7_M6C
0 2 21 -1 L1_B11_S2_C6_M1C
0 2 21 -2 L1_B11_S2_C6_M2C
0 2 21 -3 L1_B11_S2_C6_M3C
0 2 21 -4 L1_B11_S2_C6_M4C
0 2 21 -5 L1_B11_S2_C6_M5C
0 2 21 -6 L1_B11_S2_C6_M6C
0 2 20 0 L1_B11_S1_C7_M0
0 2 20 -1 L1_B11_S1_C7_M1C
0 2 20 -2 L1_B11_S1_C7_M2C
0 2 20 -3 L1_B11_S1_C7_M3C
0 2 20 -4 L1_B11_S1_C7_M4C
0 2 20 -5 L1_B11_S1_C7_M5C
0 2 20 -6 L1_B11_S1_C7_M6C
0 2 21 0 L1_B11_S2_A7_M0
0 2 21 1 L1_B11_S2_A7_M1A
0 2 21 2 L1_B11_S2_A7_M2A
0 2 21 3 L1_B11_S2_A7_M3A
0 2 21 4 L1_B11_S2_A7_M4A
0 2 21 5 L1_B11_S2_A7_M5A
0 2 21 6 L1_B11_S2_A7_M6A
0 2 20 1 L1_B11_S1_A6_M1A
0 2 20 2 L1_B11_S1_A6_M2A
0 2 20 3 L1_B11_S1_A6_M3A
0 2 20 4 L1_B11_S1_A6_M4A
0 2 20 5 L1_B11_S1_A6_M5A
0 2 20 6 L1_B11_S1_A6_M6A
0 2 27 -1 L1_B14_S2_C6_M1C
0 2 27 -2 L1_B14_S2_C6_M2C
0 2 27 -3 L1_B14_S2_C6_M3C
0 2 27 -4 L1_B14_S2_C6_M4C
0 2 27 -5 L1_B14_S2_C6_M5C
0 2 27 -6 L1_B14_S2_C6_M6C
0 2 26 0 L1_B14_S1_C7_M0
0 2 26 -1 L1_B14_S1_C7_M1C
0 2 26 -2 L1_B14_S1_C7_M2C
0 2 26 -3 L1_B14_S1_C7_M3C
0 2 26 -4 L1_B14_S1_C7_M4C
0 2 26 -5 L1_B14_S1_C7_M5C
0 2 26 -6 L1_B14_S1_C7_M6C
0 2 27 0 L1_B14_S2_A7_M0
0 2 27 1 L1_B14_S2_A7_M1A
0 2 27 2 L1_B14_S2_A7_M2A
0 2 27 3 L1_B14_S2_A7_M3A
0 2 27 4 L1_B14_S2_A7_M4A
0 2 27 5 L1_B14_S2_A7_M5A
0 2 27 6 L1_B14_S2_A7_M6A
0 2 26 1 L1_B14_S1_A6_M1A
0 2 26 2 L1_B14_S1_A6_M2A
0 2 26 3 L1_B14_S1_A6_M3A
0 2 26 4 L1_B14_S1_A6_M4A
0 2 26 5 L1_B14_S1_A6_M5A
0 2 26 6 L1_B14_S1_A6_M6A
0 2 19 -1 L1_B10_S2_C6_M1C
0 2 19 -2 L1_B10_S2_C6_M2C
0 2 19 -3 L1_B10_S2_C6_M3C
0 2 19 -4 L1_B10_S2_C6_M4C
0 2 19 -5 L1_B10_S2_C6_M5C
0 2 19 -6 L1_B10_S2_C6_M6C
0 2 28 0 L1_B15_S1_C7_M0
0 2 28 -1 L1_B15_S1_C7_M1C
0 2 28 -2 L1_B15_S1_C7_M2C
0 2 28 -3 L1_B15_S1_C7_M3C
0 2 28 -4 L1_B15_S1_C7_M4C
0 2 28 -5 L1_B15_S1_C7_M5C
0 2 28 -6 L1_B15_S1_C7_M6C
0 2 19 0 L1_B10_S2_A7_M0
0 2 19 1 L1_B10_S2_A7_M1A
0 2 19 2 L1_B10_S2_A7_M2A
0 2 19 3 L1_B10_S2_A7_M3A
0 2 19 4 L1_B10_S2_A7_M4A
0 2 19 5 L1_B10_S2_A7_M5A
0 2 19 6 L1_B10_S2_A7_M6A
0 2 28 1 L1_B15_S1_A6_M1A
0 2 28 2 L1_B15_S1_A6_M2A
0 2 28 3 L1_B15_S1_A6_M3A
0 2 28 4 L1_B15_S1_A6_M4A
0 2 28 5 L1_B15_S1_A6_M5A
0 2 28 6 L1_B15_S1_A6_M6A
0 3 0 0 L2_B01_S2_A7_M0
0 3 0 1 L2_B01_S2_A7_M1A
0 3 0 2 L2_B01_S2_A7_M2A
0 3 0 3 L2_B01_S2_A7_M3A
0 3 0 4 L2_B01_S2_A7_M4A
0 3 0 5 L2_B01_S2_A7_M5A
0 3 0 6 L2_B01_S2_A7_M6A
0 3 51 6 L2_B01_S1_A6_M6A
0 3 51 5 L2_B01_S1_A6_M5A
0 3 51 4 L2_B01_S1_A6_M4A
0 3 51 3 L2_B01_S1_A6_M3A
0 3 51 2 L2_B01_S1_A6_M2A
0 3 51 1 L2_B01_S1_A6_M1A
0 3 2 0 L2_B02_S2_A7_M0
0 3 2 1 L2_B02_S2_A7_M1A
0 3 2 2 L2_B02_S2_A7_M2A
0 3 2 3 L2_B02_S2_A7_M3A
0 3 2 4 L2_B02_S2_A7_M4A
0 3 2 5 L2_B02_S2_A7_M5A
0 3 2 6 L2_B02_S2_A7_M6A
0 3 1 6 L2_B02_S1_A6_M6A
0 3 1 5 L2_B02_S1_A6_M5A
0 3 1 4 L2_B02_S1_A6_M4A
0 3 1 3 L2_B02_S1_A6_M3A
0 3 1 2 L2_B02_S1_A6_M2A
0 3 1 1 L2_B02_S1_A6_M1A
0 3 0 -6 L2_B01_S2_C6_M6C
0 3 0 -5 L2_B01_S2_C6_M5C
0 3 0 -4 L2_B01_S2_C6_M4C
0 3 0 -3 L2_B01_S2_C6_M3C
0 3 0 -2 L2_B01_S2_C6_M2C
0 3 0 -1 L2_B01_S2_C6_M1C
0 3 51 0 L2_B01_S1_C7_M0
0 3 51 -1 L2_B01_S1_C7_M1C
0 3 51 -2 L2_B01_S1_C7_M2C
0 3 51 -3 L2_B01_S1_C7_M3C
0 3 51 -4 L2_B01_S1_C7_M4C
0 3 51 -5 L2_B01_S1_C7_M5C
0 3 51 -6 L2_B01_S1_C7_M6C
0 3 2 -6 L2_B02_S2_C6_M6C
0 3 2 -5 L2_B02_S2_C6_M5C
0 3 2 -4 L2_B02_S2_C6_M4C
0 3 2 -3 L2_B02_S2_C6_M3C
0 3 2 -2 L2_B02_S2_C6_M2C
0 3 2 -1 L2_B02_S2_C6_M1C
0 3 1 0 L2_B02_S1_C7_M0
0 3 1 -1 L2_B02_S1_C7_M1C
0 3 1 -2 L2_B02_S1_C7_M2C
0 3 1 -3 L2_B02_S1_C7_M3C
0 3 1 -4 L2_B02_S1_C7_M4C
0 3 1 -5 L2_B02_S1_C7_M5C
0 3 1 -6 L2_B02_S1_C7_M6C
0 3 6 0 L2_B04_S2_A7_M0
0 3 6 1 L2_B04_S2_A7_M1A
0 3 6 2 L2_B04_S2_A7_M2A
0 3 6 3 L2_B04_S2_A7_M3A
0 3 6 4 L2_B04_S2_A7_M4A
0 3 6 5 L2_B04_S2_A7_M5A
0 3 6 6 L2_B04_S2_A7_M6A
0 3 5 6 L2_B04_S1_A6_M6A
0 3 5 5 L2_B04_S1_A6_M5A
0 3 5 4 L2_B04_S1_A6_M4A
0 3 5 3 L2_B04_S1_A6_M3A
0 3 5 2 L2_B04_S1_A6_M2A
0 3 5 1 L2_B04_S1_A6_M1A
0 3 4 0 L2_B03_S2_A7_M0
0 3 4 1 L2_B03_S2_A7_M1A
0 3 4 2 L2_B03_S2_A7_M2A
0 3 4 3 L2_B03_S2_A7_M3A
0 3 4 4 L2_B03_S2_A7_M4A
0 3 4 5 L2_B03_S2_A7_M5A
0 3 4 6 L2_B03_S2_A7_M6A
0 3 3 6 L2_B03_S1_A6_M6A
0 3 3 5 L2_B03_S1_A6_M5A
0 3 3 4 L2_B03_S1_A6_M4A
0 3 3 3 L2_B03_S1_A6_M3A
0 3 3 2 L2_B03_S1_A6_M2A
0 3 3 1 L2_B03_S1_A6_M1A
0 3 6 -6 L2_B04_S2_C6_M6C
0 3 6 -5 L2_B04_S2_C6_M5C
0 3 6 -4 L2_B04_S2_C6_M4C
0 3 6 -3 L2_B04_S2_C6_M3C
0 3 6 -2 L2_B04_S2_C6_M2C
0 3 6 -1 L2_B04_S2_C6_M1C
0 3 5 0 L2_B04_S1_C7_M0
0 3 5 -1 L2_B04_S1_C7_M1C
0 3 5 -2 L2_B04_S1_C7_M2C
0 3 5 -3 L2_B04_S1_C7_M3C
0 3 5 -4 L2_B04_S1_C7_M4C
0 3 5 -5 L2_B04_S1_C7_M5C
0 3 5 -6 L2_B04_S1_C7_M6C
0 3 4 -6 L2_B03_S2_C6_M6C
0 3 4 -5 L2_B03_S2_C6_M5C
0 3 4 -4 L2_B03_S2_C6_M4C
0 3 4 -3 L2_B03_S2_C6_M3C
0 3 4 -2 L2_B03_S2_C6_M2C
0 3 4 -1 L2_B03_S2_C6_M1C
0 3 3 0 L2_B03_S1_C7_M0
0 3 3 -1 L2_B03_S1_C7_M1C
0 3 3 -2 L2_B03_S1_C7_M2C
0 3 3 -3 L2_B03_S1_C7_M3C
0 3 3 -4 L2_B03_S1_C7_M4C
0 3 3 -5 L2_B03_S1_C7_M5C
0 3 3 -6 L2_B03_S1_C7_M6C
0 3 10 0 L2_B06_S2_A7_M0
0 3 10 1 L2_B06_S2_A7_M1A
0 3 10 2 L2_B06_S2_A7_M2A
0 3 10 3 L2_B06_S2_A7_M3A
0 3 10 4 L2_B06_S2_A7_M4A
0 3 10 5 L2_B06_S2_A7_M5A
0 3 10 6 L2_B06_S2_A7_M6A
0 3 9 6 L2_B06_S1_A6_M6A
0 3 9 5 L2_B06_S1_A6_M5A
0 3 9 4 L2_B06_S1_A6_M4A
0 3 9 3 L2_B06_S1_A6_M3A
0 3 9 2 L2_B06_S1_A6_M2A
0 3 9 1 L2_B06_S1_A6_M1A
0 3 8 0 L2_B05_S2_A7_M0
0 3 8 1 L2_B05_S2_A7_M1A
0 3 8 2 L2_B05_S2_A7_M2A
0 3 8 3 L2_B05_S2_A7_M3A
0 3 8 4 L2_B05_S2_A7_M4A
0 3 8 5 L2_B05_S2_A7_M5A
0 3 8 6 L2_B05_S2_A7_M6A
0 3 7 6 L2_B05_S1_A6_M6A
0 3 7 5 L2_B05_S1_A6_M5A
0 3 7 4 L2_B05_S1_A6_M4A
0 3 7 3 L2_B05_S1_A6_M3A
0 3 7 2 L2_B05_S1_A6_M2A
0 3 7 1 L2_B05_S1_A6_M1A
0 3 10 -6 L2_B06_S2_C6_M6C
0 3 10 -5 L2_B06_S2_C6_M5C
0 3 10 -4 L2_B06_S2_C6_M4C
0 3 10 -3 L2_B06_S2_C6_M3C
0 3 10 -2 L2_B06_S2_C6_M2C
0 3 10 -1 L2_B06_S2_C6_M1C
0 3 9 0 L2_B06_S1_C7_M0
0 3 9 -1 L2_B06_S1_C7_M1C
0 3 9 -2 L2_B06_S1_C7_M2C
0 3 9 -3 L2_B06_S1_C7_M3C
0 3 9 -4 L2_B06_S1_C7_M4C
0 3 9 -5 L2_B06_S1_C7_M5C
0 3 9 -6 L2_B06_S1_C7_M6C
0 3 8 -6 L2_B05_S2_C6_M6C
0 3 8 -5 L2_B05_S2_C6_M5C
0 3 8 -4 L2_B05_S2_C6_M4C
0 3 8 -3 L2_B05_S2_C6_M3C
0 3 8 -2 L2_B05_S2_C6_M2C
0 3 8 -1 L2_B05_S2_C6_M1C
0 3 7 0 L2_B05_S1_C7_M0
0 3 7 -1 L2_B05_S1_C7_M1C
0 3 7 -2 L2_B05_S1_C7_M2C
0 3 7 -3 L2_B05_S1_C7_M3C
0 3 7 -4 L2_B05_S1_C7_M4C
0 3 7 -5 L2_B05_S1_C7_M5C
0 3 7 -6 L2_B05_S1_C7_M6C
0 3 14 0 L2_B08_S2_A7_M0
0 3 14 1 L2_B08_S2_A7_M1A
0 3 14 2 L2_B08_S2_A7_M2A
0 3 14 3 L2_B08_S2_A7_M3A
0 3 14 4 L2_B08_S2_A7_M4A
0 3 14 5 L2_B08_S2_A7_M5A
0 3 14 6 L2_B08_S2_A7_M6A
0 3 13 6 L2_B08_S1_A6_M6A
0 3 13 5 L2_B08_S1_A6_M5A
0 3 13 4 L2_B08_S1_A6_M4A
0 3 13 3 L2_B08_S1_A6_M3A
0 3 13 2 L2_B08_S1_A6_M2A
0 3 13 1 L2_B08_S1_A6_M1A
0 3 12 0 L2_B07_S2_A7_M0
0 3 12 1 L2_B07_S2_A7_M1A
0 3 12 2 L2_B07_S2_A7_M2A
0 3 12 3 L2_B07_S2_A7_M3A
0 3 12 4 L2_B07_S2_A7_M4A
0 3 12 5 L2_B07_S2_A7_M5A
0 3 12 6 L2_B07_S2_A7_M6A
0 3 11 6 L2_B07_S1_A6_M6A
0 3 11 5 L2_B07_S1_A6_M5A
0 3 11 4 L2_B07_S1_A6_M4A
0 3 11 3 L2_B07_S1_A6_M3A
0 3 11 2 L2_B07_S1_A6_M2A
0 3 11 1 L2_B07_S1_A6_M1A
0 3 14 -6 L2_B08_S2_C6_M6C
0 3 14 -5 L2_B08_S2_C6_M5C
0 3 14 -4 L2_B08_S2_C6_M4C
0 3 14 -3 L2_B08_S2_C6_M3C
0 3 14 -2 L2_B08_S2_C6_M2C
0 3 14 -1 L2_B08_S2_C6_M1C
0 3 13 0 L2_B08_S1_C7_M0
0 3 13 -1 L2_B08_S1_C7_M1C
0 3 13 -2 L2_B08_S1_C7_M2C
0 3 13 -3 L2_B08_S1_C7_M3C
0 3 13 -4 L2_B08_S1_C7_M4C
0 3 13 -5 L2_B08_S1_C7_M5C
0 3 13 -6 L2_B08_S1_C7_M6C
0 3 12 -6 L2_B07_S2_C6_M6C
0 3 12 -5 L2_B07_S2_C6_M5C
0 3 12 -4 L2_B07_S2_C6_M4C
0 3 12 -3 L2_B07_S2_C6_M3C
0 3 12 -2 L2_B07_S2_C6_M2C
0 3 12 -1 L2_B07_S2_C6_M1C
0 3 11 0 L2_B07_S1_C7_M0
0 3 11 -1 L2_B07_S1_C7_M1C
0 3 11 -2 L2_B07_S1_C7_M2C
0 3 11 -3 L2_B07_S1_C7_M3C
0 3 11 -4 L2_B07_S1_C7_M4C
0 3 11 -5 L2_B07_S1_C7_M5C
0 3 11 -6 L2_B07_S1_C7_M6C
0 3 18 0 L2_B10_S2_A7_M0
0 3 18 1 L2_B10_S2_A7_M1A
0 3 18 2 L2_B10_S2_A7_M2A
0 3 18 3 L2_B10_S2_A7_M3A
0 3 18 4 L2_B10_S2_A7_M4A
0 3 18 5 L2_B10_S2_A7_M5A
0 3 18 6 L2_B10_S2_A7_M6A
0 3 17 6 L2_B10_S1_A6_M6A
0 3 17 5 L2_B10_S1_A6_M5A
0 3 17 4 L2_B10_S1_A6_M4A
0 3 17 3 L2_B10_S1_A6_M3A
0 3 17 2 L2_B10_S1_A6_M2A
0 3 17 1 L2_B10_S1_A6_M1A
0 3 16 0 L2_B09_S2_A7_M0
0 3 16 1 L2_B09_S2_A7_M1A
0 3 16 2 L2_B09_S2_A7_M2A
0 3 16 3 L2_B09_S2_A7_M3A
0 3 16 4 L2_B09_S2_A7_M4A
0 3 16 5 L2_B09_S2_A7_M5A
0 3 16 6 L2_B09_S2_A7_M6A
0 3 15 6 L2_B09_S1_A6_M6A
0 3 15 5 L2_B09_S1_A6_M5A
0 3 15 4 L2_B09_S1_A6_M4A
0 3 15 3 L2_B09_S1_A6_M3A
0 3 15 2 L2_B09_S1_A6_M2A
0 3 15 1 L2_B09_S1_A6_M1A
0 3 18 -6 L2_B10_S2_C6_M6C
0 3 18 -5 L2_B10_S2_C6_M5C
0 3 18 -4 L2_B10_S2_C6_M4C
0 3 18 -3 L2_B10_S2_C6_M3C
0 3 18 -2 L2_B10_S2_C6_M2C
0 3 18 -1 L2_B10_S2_C6_M1C
0 3 17 0 L2_B10_S1_C7_M0
0 3 17 -1 L2_B10_S1_C7_M1C
0 3 17 -2 L2_B10_S1_C7_M2C
0 3 17 -3 L2_B10_S1_C7_M3C
0 3 17 -4 L2_B10_S1_C7_M4C
0 3 17 -5 L2_B10_S1_C7_M5C
0 3 17 -6 L2_B10_S1_C7_M6C
0 3 16 -6 L2_B09_S2_C6_M6C
0 3 16 -5 L2_B09_S2_C6_M5C
0 3 16 -4 L2_B09_S2_C6_M4C
0 3 16 -3 L2_B09_S2_C6_M3C
0 3 16 -2 L2_B09_S2_C6_M2C
0 3 16 -1 L2_B09_S2_C6_M1C
0 3 15 0 L2_B09_S1_C7_M0
0 3 15 -1 L2_B09_S1_C7_M1C
0 3 15 -2 L2_B09_S1_C7_M2C
0 3 15 -3 L2_B09_S1_C7_M3C
0 3 15 -4 L2_B09_S1_C7_M4C
0 3 15 -5 L2_B09_S1_C7_M5C
0 3 15 -6 L2_B09_S1_C7_M6C
0 2 0 1 L1_B01_S1_A6_M1A
0 2 0 2 L1_B01_S1_A6_M2A
0 2 0 3 L1_B01_S1_A6_M3A
0 2 0 4 L1_B01_S1_A6_M4A
0 2 0 5 L1_B01_S1_A6_M5A
0 2 0 6 L1_B01_S1_A6_M6A
0 2 1 0 L1_B01_S2_A7_M0
0 2 1 1 L1_B01_S2_A7_M1A
0 2 1 2 L1_B01_S2_A7_M2A
0 2 1 3 L1_B01_S2_A7_M3A
0 2 1 4 L1_B01_S2_A7_M4A
0 2 1 5 L1_B01_S2_A7_M5A
0 2 1 6 L1_B01_S2_A7_M6A
0 2 0 0 L1_B01_S1_C7_M0
0 2 0 -1 L1_B01_S1_C7_M1C
0 2 0 -2 L1_B01_S1_C7_M2C
0 2 0 -3 L1_B01_S1_C7_M3C
0 2 0 -4 L1_B01_S1_C7_M4C
0 2 0 -5 L1_B01_S1_C7_M5C
0 2 0 -6 L1_B01_S1_C7_M6C
0 2 1 -1 L1_B01_S2_C6_M1C
0 2 1 -2 L1_B01_S2_C6_M2C
0 2 1 -3 L1_B01_S2_C6_M3C
0 2 1 -4 L1_B01_S2_C6_M4C
0 2 1 -5 L1_B01_S2_C6_M5C
0 2 1 -6 L1_B01_S2_C6_M6C
0 2 8 1 L1_B05_S1_A6_M1A
0 2 8 2 L1_B05_S1_A6_M2A
0 2 8 3 L1_B05_S1_A6_M3A
0 2 8 4 L1_B05_S1_A6_M4A
0 2 8 5 L1_B05_S1_A6_M5A
0 2 8 6 L1_B05_S1_A6_M6A
0 2 9 0 L1_B05_S2_A7_M0
0 2 9 1 L1_B05_S2_A7_M1A
0 2 9 2 L1_B05_S2_A7_M2A
0 2 9 3 L1_B05_S2_A7_M3A
0 2 9 4 L1_B05_S2_A7_M4A
0 2 9 5 L1_B05_S2_A7_M5A
0 2 9 6 L1_B05_S2_A7_M6A
0 2 8 0 L1_B05_S1_C7_M0
0 2 8 -1 L1_B05_S1_C7_M1C
0 2 8 -2 L1_B05_S1_C7_M2C
0 2 8 -3 L1_B05_S1_C7_M3C
0 2 8 -4 L1_B05_S1_C7_M4C
0 2 8 -5 L1_B05_S1_C7_M5C
0 2 8 -6 L1_B05_S1_C7_M6C
0 2 9 -1 L1_B05_S2_C6_M1C
0 2 9 -2 L1_B05_S2_C6_M2C
0 2 9 -3 L1_B05_S2_C6_M3C
0 2 9 -4 L1_B05_S2_C6_M4C
0 2 9 -5 L1_B05_S2_C6_M5C
0 2 9 -6 L1_B05_S2_C6_M6C
0 2 10 1 L1_B06_S1_A6_M1A
0 2 10 2 L1_B06_S1_A6_M2A
0 2 10 3 L1_B06_S1_A6_M3A
0 2 10 4 L1_B06_S1_A6_M4A
0 2 10 5 L1_B06_S1_A6_M5A
0 2 10 6 L1_B06_S1_A6_M6A
0 2 11 0 L1_B06_S2_A7_M0
0 2 11 1 L1_B06_S2_A7_M1A
0 2 11 2 L1_B06_S2_A7_M2A
0 2 11 3 L1_B06_S2_A7_M3A
0 2 11 4 L1_B06_S2_A7_M4A
0 2 11 5 L1_B06_S2_A7_M5A
0 2 11 6 L1_B06_S2_A7_M6A
0 2 10 0 L1_B06_S1_C7_M0
0 2 10 -1 L1_B06_S1_C7_M1C
0 2 10 -2 L1_B06_S1_C7_M2C
0 2 10 -3 L1_B06_S1_C7_M3C
0 2 10 -4 L1_B06_S1_C7_M4C
0 2 10 -5 L1_B06_S1_C7_M5C
0 2 10 -6 L1_B06_S1_C7_M6C
0 2 11 -1 L1_B06_S2_C6_M1C
0 2 11 -2 L1_B06_S2_C6_M2C
0 2 11 -3 L1_B06_S2_C6_M3C
0 2 11 -4 L1_B06_S2_C6_M4C
0 2 11 -5 L1_B06_S2_C6_M5C
0 2 11 -6 L1_B06_S2_C6_M6C
0 2 12 1 L1_B07_S1_A6_M1A
0 2 12 2 L1_B07_S1_A6_M2A
0 2 12 3 L1_B07_S1_A6_M3A
0 2 12 4 L1_B07_S1_A6_M4A
0 2 12 5 L1_B07_S1_A6_M5A
0 2 12 6 L1_B07_S1_A6_M6A
0 2 7 0 L1_B04_S2_A7_M0
0 2 7 1 L1_B04_S2_A7_M1A
0 2 7 2 L1_B04_S2_A7_M2A
0 2 7 3 L1_B04_S2_A7_M3A
0 2 7 4 L1_B04_S2_A7_M4A
0 2 7 5 L1_B04_S2_A7_M5A
0 2 7 6 L1_B04_S2_A7_M6A
0 2 12 0 L1_B07_S1_C7_M0
0 2 12 -1 L1_B07_S1_C7_M1C
0 2 12 -2 L1_B07_S1_C7_M2C
0 2 12 -3 L1_B07_S1_C7_M3C
0 2 12 -4 L1_B07_S1_C7_M4C
0 2 12 -5 L1_B07_S1_C7_M5C
0 2 12 -6 L1_B07_S1_C7_M6C
0 2 7 -1 L1_B04_S2_C6_M1C
0 2 7 -2 L1_B04_S2_C6_M2C
0 2 7 -3 L1_B04_S2_C6_M3C
0 2 7 -4 L1_B04_S2_C6_M4C
0 2 7 -5 L1_B04_S2_C6_M5C
0 2 7 -6 L1_B04_S2_C6_M6C
0 2 17 0 L1_B09_S2_A7_M0
0 2 17 1 L1_B09_S2_A7_M1A
0 2 17 2 L1_B09_S2_A7_M2A
0 2 17 3 L1_B09_S2_A7_M3A
0 2 17 4 L1_B09_S2_A7_M4A
0 2 17 5 L1_B09_S2_A7_M5A
0 2 17 6 L1_B09_S2_A7_M6A
0 2 16 1 L1_B09_S1_A6_M1A
0 2 16 2 L1_B09_S1_A6_M2A
0 2 16 3 L1_B09_S1_A6_M3A
0 2 16 4 L1_B09_S1_A6_M4A
0 2 16 5 L1_B09_S1_A6_M5A
0 2 16 6 L1_B09_S1_A6_M6A
0 2 17 -1 L1_B09_S2_C6_M1C
0 2 17 -2 L1_B09_S2_C6_M2C
0 2 17 -3 L1_B09_S2_C6_M3C
0 2 17 -4 L1_B09_S2_C6_M4C
0 2 17 -5 L1_B09_S2_C6_M5C
0 2 17 -6 L1_B09_S2_C6_M6C
0 2 16 0 L1_B09_S1_C7_M0
0 2 16 -1 L1_B09_S1_C7_M1C
0 2 16 -2 L1_B09_S1_C7_M2C
0 2 16 -3 L1_B09_S1_C7_M3C
0 2 16 -4 L1_B09_S1_C7_M4C
0 2 16 -5 L1_B09_S1_C7_M5C
0 2 16 -6 L1_B09_S1_C7_M6C
0 2 29 0 L1_B15_S2_A7_M0
0 2 29 1 L1_B15_S2_A7_M1A
0 2 29 2 L1_B15_S2_A7_M2A
0 2 29 3 L1_B15_S2_A7_M3A
0 2 29 4 L1_B15_S2_A7_M4A
0 2 29 5 L1_B15_S2_A7_M5A
0 2 29 6 L1_B15_S2_A7_M6A
0 2 18 1 L1_B10_S1_A6_M1A
0 2 18 2 L1_B10_S1_A6_M2A
0 2 18 3 L1_B10_S1_A6_M3A
0 2 18 4 L1_B10_S1_A6_M4A
0 2 18 5 L1_B10_S1_A6_M5A
0 2 18 6 L1_B10_S1_A6_M6A
0 2 29 -1 L1_B15_S2_C6_M1C
0 2 29 -2 L1_B15_S2_C6_M2C
0 2 29 -3 L1_B15_S2_C6_M3C
0 2 29 -4 L1_B15_S2_C6_M4C
0 2 29 -5 L1_B15_S2_C6_M5C
0 2 29 -6 L1_B15_S2_C6_M6C
0 2 18 0 L1_B10_S1_C7_M0
0 2 18 -1 L1_B10_S1_C7_M1C
0 2 18 -2 L1_B10_S1_C7_M2C
0 2 18 -3 L1_B10_S1_C7_M3C
0 2 18 -4 L1_B10_S1_C7_M4C
0 2 18 -5 L1_B10_S1_C7_M5C
0 2 18 -6 L1_B10_S1_C7_M6C
0 2 31 0 L1_B16_S2_A7_M0
0 2 31 1 L1_B16_S2_A7_M1A
0 2 31 2 L1_B16_S2_A7_M2A
0 2 31 3 L1_B16_S2_A7_M3A
0 2 31 4 L1_B16_S2_A7_M4A
0 2 31 5 L1_B16_S2_A7_M5A
0 2 31 6 L1_B16_S2_A7_M6A
0 2 30 1 L1_B16_S1_A6_M1A
0 2 30 2 L1_B16_S1_A6_M2A
0 2 30 3 L1_B16_S1_A6_M3A
0 2 30 4 L1_B16_S1_A6_M4A
0 2 30 5 L1_B16_S1_A6_M5A
0 2 30 6 L1_B16_S1_A6_M6A
0 2 31 -1 L1_B16_S2_C6_M1C
0 2 31 -2 L1_B16_S2_C6_M2C
0 2 31 -3 L1_B16_S2_C6_M3C
0 2 31 -4 L1_B16_S2_C6_M4C
0 2 31 -5 L1_B16_S2_C6_M5C
0 2 31 -6 L1_B16_S2_C6_M6C
0 2 30 0 L1_B16_S1_C7_M0
0 2 30 -1 L1_B16_S1_C7_M1C
0 2 30 -2 L1_B16_S1_C7_M2C
0 2 30 -3 L1_B16_S1_C7_M3C
0 2 30 -4 L1_B16_S1_C7_M4C
0 2 30 -5 L1_B16_S1_C7_M5C
0 2 30 -6 L1_B16_S1_C7_M6C
0 2 36 1 L1_B19_S1_A6_M1A
0 2 36 2 L1_B19_S1_A6_M2A
0 2 36 3 L1_B19_S1_A6_M3A
0 2 36 4 L1_B19_S1_A6_M4A
0 2 36 5 L1_B19_S1_A6_M5A
0 2 36 6 L1_B19_S1_A6_M6A
0 2 37 0 L1_B19_S2_A7_M0
0 2 37 1 L1_B19_S2_A7_M1A
0 2 37 2 L1_B19_S2_A7_M2A
0 2 37 3 L1_B19_S2_A7_M3A
0 2 37 4 L1_B19_S2_A7_M4A
0 2 37 5 L1_B19_S2_A7_M5A
0 2 37 6 L1_B19_S2_A7_M6A
0 2 36 0 L1_B19_S1_C7_M0
0 2 36 -1 L1_B19_S1_C7_M1C
0 2 36 -2 L1_B19_S1_C7_M2C
0 2 36 -3 L1_B19_S1_C7_M3C
0 2 36 -4 L1_B19_S1_C7_M4C
0 2 36 -5 L1_B19_S1_C7_M5C
0 2 36 -6 L1_B19_S1_C7_M6C
0 2 37 -1 L1_B19_S2_C6_M1C
0 2 37 -2 L1_B19_S2_C6_M2C
0 2 37 -3 L1_B19_S2_C6_M3C
0 2 37 -4 L1_B19_S2_C6_M4C
0 2 37 -5 L1_B19_S2_C6_M5C
0 2 37 -6 L1_B19_S2_C6_M6C
0 2 4 1 L1_B03_S1_A6_M1A
0 2 4 2 L1_B03_S1_A6_M2A
0 2 4 3 L1_B03_S1_A6_M3A
0 2 4 4 L1_B03_S1_A6_M4A
0 2 4 5 L1_B03_S1_A6_M5A
0 2 4 6 L1_B03_S1_A6_M6A
0 2 2 1 L1_B02_S1_A6_M1A
0 2 2 2 L1_B02_S1_A6_M2A
0 2 2 3 L1_B02_S1_A6_M3A
0 2 2 4 L1_B02_S1_A6_M4A
0 2 2 5 L1_B02_S1_A6_M5A
0 2 2 6 L1_B02_S1_A6_M6A
0 2 4 0 L1_B03_S1_C7_M0
0 2 4 -1 L1_B03_S1_C7_M1C
0 2 4 -2 L1_B03_S1_C7_M2C
0 2 4 -3 L1_B03_S1_C7_M3C
0 2 4 -4 L1_B03_S1_C7_M4C
0 2 4 -5 L1_B03_S1_C7_M5C
0 2 4 -6 L1_B03_S1_C7_M6C
0 2 2 0 L1_B02_S1_C7_M0
0 2 2 -1 L1_B02_S1_C7_M1C
0 2 2 -2 L1_B02_S1_C7_M2C
0 2 2 -3 L1_B02_S1_C7_M3C
0 2 2 -4 L1_B02_S1_C7_M4C
0 2 2 -5 L1_B02_S1_C7_M5C
0 2 2 -6 L1_B02_S1_C7_M6C
0 2 6 1 L1_B04_S1_A6_M1A
0 2 6 2 L1_B04_S1_A6_M2A
0 2 6 3 L1_B04_S1_A6_M3A
0 2 6 4 L1_B04_S1_A6_M4A
0 2 6 5 L1_B04_S1_A6_M5A
0 2 6 6 L1_B04_S1_A6_M6A
0 2 3 0 L1_B02_S2_A7_M0
0 2 3 1 L1_B02_S2_A7_M1A
0 2 3 2 L1_B02_S2_A7_M2A
0 2 3 3 L1_B02_S2_A7_M3A
0 2 3 4 L1_B02_S2_A7_M4A
0 2 3 5 L1_B02_S2_A7_M5A
0 2 3 6 L1_B02_S2_A7_M6A
0 2 6 0 L1_B04_S1_C7_M0
0 2 6 -1 L1_B04_S1_C7_M1C
0 2 6 -2 L1_B04_S1_C7_M2C
0 2 6 -3 L1_B04_S1_C7_M3C
0 2 6 -4 L1_B04_S1_C7_M4C
0 2 6 -5 L1_B04_S1_C7_M5C
0 2 6 -6 L1_B04_S1_C7_M6C
0 2 3 -1 L1_B02_S2_C6_M1C
0 2 3 -2 L1_B02_S2_C6_M2C
0 2 3 -3 L1_B02_S2_C6_M3C
0 2 3 -4 L1_B02_S2_C6_M4C
0 2 3 -5 L1_B02_S2_C6_M5C
0 2 3 -6 L1_B02_S2_C6_M6C
0 2 14 1 L1_B08_S1_A6_M1A
0 2 14 2 L1_B08_S1_A6_M2A
0 2 14 3 L1_B08_S1_A6_M3A
0 2 14 4 L1_B08_S1_A6_M4A
0 2 14 5 L1_B08_S1_A6_M5A
0 2 14 6 L1_B08_S1_A6_M6A
0 2 5 0 L1_B03_S2_A7_M0
0 2 5 1 L1_B03_S2_A7_M1A
0 2 5 2 L1_B03_S2_A7_M2A
0 2 5 3 L1_B03_S2_A7_M3A
0 2 5 4 L1_B03_S2_A7_M4A
0 2 5 5 L1_B03_S2_A7_M5A
0 2 5 6 L1_B03_S2_A7_M6A
0 2 14 0 L1_B08_S1_C7_M0
0 2 14 -1 L1_B08_S1_C7_M1C
0 2 14 -2 L1_B08_S1_C7_M2C
0 2 14 -3 L1_B08_S1_C7_M3C
0 2 14 -4 L1_B08_S1_C7_M4C
0 2 14 -5 L1_B08_S1_C7_M5C
0 2 14 -6 L1_B08_S1_C7_M6C
0 2 5 -1 L1_B03_S2_C6_M1C
0 2 5 -2 L1_B03_S2_C6_M2C
0 2 5 -3 L1_B03_S2_C6_M3C
0 2 5 -4 L1_B03_S2_C6_M4C
0 2 5 -5 L1_B03_S2_C6_M5C
0 2 5 -6 L1_B03_S2_C6_M6C
0 2 15 0 L1_B08_S2_A7_M0
0 2 15 1 L1_B08_S2_A7_M1A
0 2 15 2 L1_B08_S2_A7_M2A
0 2 15 3 L1_B08_S2_A7_M3A
0 2 15 4 L1_B08_S2_A7_M4A
0 2 15 5 L1_B08_S2_A7_M5A
0 2 15 6 L1_B08_S2_A7_M6A
0 2 13 0 L1_B07_S2_A7_M0
0 2 13 1 L1_B07_S2_A7_M1A
0 2 13 2 L1_B07_S2_A7_M2A
0 2 13 3 L1_B07_S2_A7_M3A
0 2 13 4 L1_B07_S2_A7_M4A
0 2 13 5 L1_B07_S2_A7_M5A
0 2 13 6 L1_B07_S2_A7_M6A
0 2 15 -1 L1_B08_S2_C6_M1C
0 2 15 -2 L1_B08_S2_C6_M2C
0 2 15 -3 L1_B08_S2_C6_M3C
0 2 15 -4 L1_B08_S2_C6_M4C
0 2 15 -5 L1_B08_S2_C6_M5C
0 2 15 -6 L1_B08_S2_C6_M6C
0 2 13 -1 L1_B07_S2_C6_M1C
0 2 13 -2 L1_B07_S2_C6_M2C
0 2 13 -3 L1_B07_S2_C6_M3C
0 2 13 -4 L1_B07_S2_C6_M4C
0 2 13 -5 L1_B07_S2_C6_M5C
0 2 13 -6 L1_B07_S2_C6_M6C
0 2 22 1 L1_B12_S1_A6_M1A
0 2 22 2 L1_B12_S1_A6_M2A
0 2 22 3 L1_B12_S1_A6_M3A
0 2 22 4 L1_B12_S1_A6_M4A
0 2 22 5 L1_B12_S1_A6_M5A
0 2 22 6 L1_B12_S1_A6_M6A
0 2 23 0 L1_B12_S2_A7_M0
0 2 23 1 L1_B12_S2_A7_M1A
0 2 23 2 L1_B12_S2_A7_M2A
0 2 23 3 L1_B12_S2_A7_M3A
0 2 23 4 L1_B12_S2_A7_M4A
0 2 23 5 L1_B12_S2_A7_M5A
0 2 23 6 L1_B12_S2_A7_M6A
0 2 22 0 L1_B12_S1_C7_M0
0 2 22 -1 L1_B12_S1_C7_M1C
0 2 22 -2 L1_B12_S1_C7_M2C
0 2 22 -3 L1_B12_S1_C7_M3C
0 2 22 -4 L1_B12_S1_C7_M4C
0 2 22 -5 L1_B12_S1_C7_M5C
0 2 22 -6 L1_B12_S1_C7_M6C
0 2 23 -1 L1_B12_S2_C6_M1C
0 2 23 -2 L1_B12_S2_C6_M2C
0 2 23 -3 L1_B12_S2_C6_M3C
0 2 23 -4 L1_B12_S2_C6_M4C
0 2 23 -5 L1_B12_S2_C6_M5C
0 2 23 -6 L1_B12_S2_C6_M6C
0 2 24 1 L1_B13_S1_A6_M1A
0 2 24 2 L1_B13_S1_A6_M2A
0 2 24 3 L1_B13_S1_A6_M3A
0 2 24 4 L1_B13_S1_A6_M4A
0 2 24 5 L1_B13_S1_A6_M5A
0 2 24 6 L1_B13_S1_A6_M6A
0 2 25 0 L1_B13_S2_A7_M0
0 2 25 1 L1_B13_S2_A7_M1A
0 2 25 2 L1_B13_S2_A7_M2A
0 2 25 3 L1_B13_S2_A7_M3A
0 2 25 4 L1_B13_S2_A7_M4A
0 2 25 5 L1_B13_S2_A7_M5A
0 2 25 6 L1_B13_S2_A7_M6A
0 2 24 0 L1_B13_S1_C7_M0
0 2 24 -1 L1_B13_S1_C7_M1C
0 2 24 -2 L1_B13_S1_C7_M2C
0 2 24 -3 L1_B13_S1_C7_M3C
0 2 24 -4 L1_B13_S1_C7_M4C
0 2 24 -5 L1_B13_S1_C7_M5C
0 2 24 -6 L1_B13_S1_C7_M6C
0 2 25 -1 L1_B13_S2_C6_M1C
0 2 25 -2 L1_B13_S2_C6_M2C
0 2 25 -3 L1_B13_S2_C6_M3C
0 2 25 -4 L1_B13_S2_C6_M4C
0 2 25 -5 L1_B13_S2_C6_M5C
0 2 25 -6 L1_B13_S2_C6_M6C
0 2 32 1 L1_B17_S1_A6_M1A
0 2 32 2 L1_B17_S1_A6_M2A
0 2 32 3 L1_B17_S1_A6_M3A
0 2 32 4 L1_B17_S1_A6_M4A
0 2 32 5 L1_B17_S1_A6_M5A
0 2 32 6 L1_B17_S1_A6_M6A
0 2 33 0 L1_B17_S2_A7_M0
0 2 33 1 L1_B17_S2_A7_M1A
0 2 33 2 L1_B17_S2_A7_M2A
0 2 33 3 L1_B17_S2_A7_M3A
0 2 33 4 L1_B17_S2_A7_M4A
0 2 33 5 L1_B17_S2_A7_M5A
0 2 33 6 L1_B17_S2_A7_M6A
0 2 32 0 L1_B17_S1_C7_M0
0 2 32 -1 L1_B17_S1_C7_M1C
0 2 32 -2 L1_B17_S1_C7_M2C
0 2 32 -3 L1_B17_S1_C7_M3C
0 2 32 -4 L1_B17_S1_C7_M4C
0 2 32 -5 L1_B17_S1_C7_M5C
0 2 32 -6 L1_B17_S1_C7_M6C
0 2 33 -1 L1_B17_S2_C6_M1C
0 2 33 -2 L1_B17_S2_C6_M2C
0 2 33 -3 L1_B17_S2_C6_M3C
0 2 33 -4 L1_B17_S2_C6_M4C
0 2 33 -5 L1_B17_S2_C6_M5C
0 2 33 -6 L1_B17_S2_C6_M6C
0 2 34 1 L1_B18_S1_A6_M1A
0 2 34 2 L1_B18_S1_A6_M2A
0 2 34 3 L1_B18_S1_A6_M3A
0 2 34 4 L1_B18_S1_A6_M4A
0 2 34 5 L1_B18_S1_A6_M5A
0 2 34 6 L1_B18_S1_A6_M6A
0 2 35 0 L1_B18_S2_A7_M0
0 2 35 1 L1_B18_S2_A7_M1A
0 2 35 2 L1_B18_S2_A7_M2A
0 2 35 3 L1_B18_S2_A7_M3A
0 2 35 4 L1_B18_S2_A7_M4A
0 2 35 5 L1_B18_S2_A7_M5A
0 2 35 6 L1_B18_S2_A7_M6A
0 2 34 0 L1_B18_S1_C7_M0
0 2 34 -1 L1_B18_S1_C7_M1C
0 2 34 -2 L1_B18_S1_C7_M2C
0 2 34 -3 L1_B18_S1_C7_M3C
0 2 34 -4 L1_B18_S1_C7_M4C
0 2 34 -5 L1_B18_S1_C7_M5C
0 2 34 -6 L1_B18_S1_C7_M6C
0 2 35 -1 L1_B18_S2_C6_M1C
0 2 35 -2 L1_B18_S2_C6_M2C
0 2 35 -3 L1_B18_S2_C6_M3C
0 2 35 -4 L1_B18_S2_C6_M4C
0 2 35 -5 L1_B18_S2_C6_M5C
0 2 35 -6 L1_B18_S2_C6_M6C
0 0 0 9 LI_S01_A_M4_A8_2
0 0 0 8 LI_S01_A_M4_A8_1
0 0 0 7 LI_S01_A_M4_A7_2
0 0 0 6 LI_S01_A_M4_A7_1
0 0 0 5 LI_S01_A_M3_A6
0 0 0 4 LI_S01_A_M3_A5
0 0 0 3 LI_S01_A_M2_A4
0 0 0 2 LI_S01_A_M2_A3
0 0 0 1 LI_S01_A_M1_A2
0 0 0 0 LI_S01_A_M1_A1
0 0 0 -1 LI_S01_C_M1_C1
0 0 0 -2 LI_S01_C_M1_C2
0 0 0 -3 LI_S01_C_M2_C3
0 0 0 -4 LI_S01_C_M2_C4
0 0 0 -5 LI_S01_C_M3_C5
0 0 0 -6 LI_S01_C_M3_C6
0 0 0 -7 LI_S01_C_M4_C7_1
0 0 0 -8 LI_S01_C_M4_C7_2
0 0 0 -9 LI_S01_C_M4_C8_1
0 0 0 -10 LI_S01_C_M4_C8_2
0 0 1 9 LI_S02_A_M4_A8_2
0 0 1 8 LI_S02_A_M4_A8_1
0 0 1 7 LI_S02_A_M4_A7_2
0 0 1 6 LI_S02_A_M4_A7_1
0 0 1 5 LI_S02_A_M3_A6
0 0 1 4 LI_S02_A_M3_A5
0 0 1 3 LI_S02_A_M2_A4
0 0 1 2 LI_S02_A_M2_A3
0 0 1 1 LI_S02_A_M1_A2
0 0 1 0 LI_S02_A_M1_A1
0 0 1 -1 LI_S02_C_M1_C1
0 0 1 -2 LI_S02_C_M1_C2
0 0 1 -3 LI_S02_C_M2_C3
0 0 1 -4 LI_S02_C_M2_C4
0 0 1 -5 LI_S02_C_M3_C5
0 0 1 -6 LI_S02_C_M3_C6
0 0 1 -7 LI_S02_C_M4_C7_1
0 0 1 -8 LI_S02_C_M4_C7_2
0 0 1 -9 LI_S02_C_M4_C8_1
0 0 1 -10 LI_S02_C_M4_C8_2
0 0 2 9 LI_S03_A_M4_A8_2
0 0 2 8 LI_S03_A_M4_A8_1
0 0 2 7 LI_S03_A_M4_A7_2
0 0 2 6 LI_S03_A_M4_A7_1
0 0 2 5 LI_S03_A_M3_A6
0 0 2 4 LI_S03_A_M3_A5
0 0 2 3 LI_S03_A_M2_A4
0 0 2 2 LI_S03_A_M2_A3
0 0 2 1 LI_S03_A_M1_A2
0 0 2 0 LI_S03_A_M1_A1
0 0 2 -1 LI_S03_C_M1_C1
0 0 2 -2 LI_S03_C_M1_C2
0 0 2 -3 LI_S03_C_M2_C3
0 0 2 -4 LI_S03_C_M2_C4
0 0 2 -5 LI_S03_C_M3_C5
0 0 2 -6 LI_S03_C_M3_C6
0 0 2 -7 LI_S03_C_M4_C7_1
0 0 2 -8 LI_S03_C_M4_C7_2
0 0 2 -9 LI_S03_C_M4_C8_1
0 0 2 -10 LI_S03_C_M4_C8_2
0 0 3 9 LI_S04_A_M4_A8_2
0 0 3 8 LI_S04_A_M4_A8_1
0 0 3 7 LI_S04_A_M4_A7_2
0 0 3 6 LI_S04_A_M4_A7_1
0 0 3 5 LI_S04_A_M3_A6
0 0 3 4 LI_S04_A_M3_A5
0 0 3 3 LI_S04_A_M2_A4
0 0 3 2 LI_S04_A_M2_A3
0 0 3 1 LI_S04_A_M1_A2
0 0 3 0 LI_S04_A_M1_A1
0 0 3 -1 LI_S04_C_M1_C1
0 0 3 -2 LI_S04_C_M1_C2
0 0 3 -3 LI_S04_C_M2_C3
0 0 3 -4 LI_S04_C_M2_C4
0 0 3 -5 LI_S04_C_M3_C5
0 0 3 -6 LI_S04_C_M3_C6
0 0 3 -7 LI_S04_C_M4_C7_1
0 0 3 -8 LI_S04_C_M4_C7_2
0 0 3 -9 LI_S04_C_M4_C8_1
0 0 3 -10 LI_S04_C_M4_C8_2
0 0 4 9 LI_S05_A_M4_A8_2
0 0 4 8 LI_S05_A_M4_A8_1
0 0 4 7 LI_S05_A_M4_A7_2
0 0 4 6 LI_S05_A_M4_A7_1
0 0 4 5 LI_S05_A_M3_A6
0 0 4 4 LI_S05_A_M3_A5
0 0 4 3 LI_S05_A_M2_A4
0 0 4 2 LI_S05_A_M2_A3
0 0 4 1 LI_S05_A_M1_A2
0 0 4 0 LI_S05_A_M1_A1
0 0 4 -1 LI_S05_C_M1_C1
0 0 4 -2 LI_S05_C_M1_C2
0 0 4 -3 LI_S05_C_M2_C3
0 0 4 -4 LI_S05_C_M2_C4
0 0 4 -5 LI_S05_C_M3_C5
0 0 4 -6 LI_S05_C_M3_C6
0 0 4 -7 LI_S05_C_M4_C7_1
0 0 4 -8 LI_S05_C_M4_C7_2
0 0 4 -9 LI_S05_C_M4_C8_1
0 0 4 -10 LI_S05_C_M4_C8_2
0 0 5 9 LI_S06_A_M4_A8_2
0 0 5 8 LI_S06_A_M4_A8_1
0 0 5 7 LI_S06_A_M4_A7_2
0 0 5 6 LI_S06_A_M4_A7_1
0 0 5 5 LI_S06_A_M3_A6
0 0 5 4 LI_S06_A_M3_A5
0 0 5 3 LI_S06_A_M2_A4
0 0 5 2 LI_S06_A_M2_A3
0 0 5 1 LI_S06_A_M1_A2
0 0 5 0 LI_S06_A_M1_A1
0 0 5 -1 LI_S06_C_M1_C1
0 0 5 -2 LI_S06_C_M1_C2
0 0 5 -3 LI_S06_C_M2_C3
0 0 5 -4 LI_S06_C_M2_C4
0 0 5 -5 LI_S06_C_M3_C5
0 0 5 -6 LI_S06_C_M3_C6
0 0 5 -7 LI_S06_C_M4_C7_1
0 0 5 -8 LI_S06_C_M4_C7_2
0 0 5 -9 LI_S06_C_M4_C8_1
0 0 5 -10 LI_S06_C_M4_C8_2
0 0 6 9 LI_S07_A_M4_A8_2
0 0 6 8 LI_S07_A_M4_A8_1
0 0 6 7 LI_S07_A_M4_A7_2
0 0 6 6 LI_S07_A_M4_A7_1
0 0 6 5 LI_S07_A_M3_A6
0 0 6 4 LI_S07_A_M3_A5
0 0 6 3 LI_S07_A_M2_A4
0 0 6 2 LI_S07_A_M2_A3
0 0 6 1 LI_S07_A_M1_A2
0 0 6 0 LI_S07_A_M1_A1
0 0 6 -1 LI_S07_C_M1_C1
0 0 6 -2 LI_S07_C_M1_C2
0 0 6 -3 LI_S07_C_M2_C3
0 0 6 -4 LI_S07_C_M2_C4
0 0 6 -5 LI_S07_C_M3_C5
0 0 6 -6 LI_S07_C_M3_C6
0 0 6 -7 LI_S07_C_M4_C7_1
0 0 6 -8 LI_S07_C_M4_C7_2
0 0 6 -9 LI_S07_C_M4_C8_1
0 0 6 -10 LI_S07_C_M4_C8_2
0 0 7 9 LI_S08_A_M4_A8_2
0 0 7 8 LI_S08_A_M4_A8_1
0 0 7 7 LI_S08_A_M4_A7_2
0 0 7 6 LI_S08_A_M4_A7_1
0 0 7 5 LI_S08_A_M3_A6
0 0 7 4 LI_S08_A_M3_A5
0 0 7 3 LI_S08_A_M2_A4
0 0 7 2 LI_S08_A_M2_A3
0 0 7 1 LI_S08_A_M1_A2
0 0 7 0 LI_S08_A_M1_A1
0 0 7 -1 LI_S08_C_M1_C1
0 0 7 -2 LI_S08_C_M1_C2
0 0 7 -3 LI_S08_C_M2_C3
0 0 7 -4 LI_S08_C_M2_C4
0 0 7 -5 LI_S08_C_M3_C5
0 0 7 -6 LI_S08_C_M3_C6
0 0 7 -7 LI_S08_C_M4_C7_1
0 0 7 -8 LI_S08_C_M4_C7_2
0 0 7 -9 LI_S08_C_M4_C8_1
0 0 7 -10 LI_S08_C_M4_C8_2
0 0 8 9 LI_S09_A_M4_A8_2
0 0 8 8 LI_S09_A_M4_A8_1
0 0 8 7 LI_S09_A_M4_A7_2
0 0 8 6 LI_S09_A_M4_A7_1
0 0 8 5 LI_S09_A_M3_A6
0 0 8 4 LI_S09_A_M3_A5
0 0 8 3 LI_S09_A_M2_A4
0 0 8 2 LI_S09_A_M2_A3
0 0 8 1 LI_S09_A_M1_A2
0 0 8 0 LI_S09_A_M1_A1
0 0 8 -1 LI_S09_C_M1_C1
0 0 8 -2 LI_S09_C_M1_C2
0 0 8 -3 LI_S09_C_M2_C3
0 0 8 -4 LI_S09_C_M2_C4
0 0 8 -5 LI_S09_C_M3_C5
0 0 8 -6 LI_S09_C_M3_C6
0 0 8 -7 LI_S09_C_M4_C7_1
0 0 8 -8 LI_S09_C_M4_C7_2
0 0 8 -9 LI_S09_C_M4_C8_1
0 0 8 -10 LI_S09_C_M4_C8_2
0 0 9 9 LI_S10_A_M4_A8_2
0 0 9 8 LI_S10_A_M4_A8_1
0 0 9 7 LI_S10_A_M4_A7_2
0 0 9 6 LI_S10_A_M4_A7_1
0 0 9 5 LI_S10_A_M3_A6
0 0 9 4 LI_S10_A_M3_A5
0 0 9 3 LI_S10_A_M2_A4
0 0 9 2 LI_S10_A_M2_A3
0 0 9 1 LI_S10_A_M1_A2
0 0 9 0 LI_S10_A_M1_A1
0 0 9 -1 LI_S10_C_M1_C1
0 0 9 -2 LI_S10_C_M1_C2
0 0 9 -3 LI_S10_C_M2_C3
0 0 9 -4 LI_S10_C_M2_C4
0 0 9 -5 LI_S10_C_M3_C5
0 0 9 -6 LI_S10_C_M3_C6
0 0 9 -7 LI_S10_C_M4_C7_1
0 0 9 -8 LI_S10_C_M4_C7_2
0 0 9 -9 LI_S10_C_M4_C8_1
0 0 9 -10 LI_S10_C_M4_C8_2
0 0 10 9 LI_S11_A_M4_A8_2
0 0 10 8 LI_S11_A_M4_A8_1
0 0 10 7 LI_S11_A_M4_A7_2
0 0 10 6 LI_S11_A_M4_A7_1
0 0 10 5 LI_S11_A_M3_A6
0 0 10 4 LI_S11_A_M3_A5
0 0 10 3 LI_S11_A_M2_A4
0 0 10 2 LI_S11_A_M2_A3
0 0 10 1 LI_S11_A_M1_A2
0 0 10 0 LI_S11_A_M1_A1
0 0 10 -1 LI_S11_C_M1_C1
0 0 10 -2 LI_S11_C_M1_C2
0 0 10 -3 LI_S11_C_M2_C3
0 0 10 -4 LI_S11_C_M2_C4
0 0 10 -5 LI_S11_C_M3_C5
0 0 10 -6 LI_S11_C_M3_C6
0 0 10 -7 LI_S11_C_M4_C7_1
0 0 10 -8 LI_S11_C_M4_C7_2
0 0 10 -9 LI_S11_C_M4_C8_1
0 0 10 -10 LI_S11_C_M4_C8_2
0 0 11 9 LI_S12_A_M4_A8_2
0 0 11 8 LI_S12_A_M4_A8_1
0 0 11 7 LI_S12_A_M4_A7_2
0 0 11 6 LI_S12_A_M4_A7_1
0 0 11 5 LI_S12_A_M3_A6
0 0 11 4 LI_S12_A_M3_A5
0 0 11 3 LI_S12_A_M2_A4
0 0 11 2 LI_S12_A_M2_A3
0 0 11 1 LI_S12_A_M1_A2
0 0 11 0 LI_S12_A_M1_A1
0 0 11 -1 LI_S12_C_M1_C1
0 0 11 -2 LI_S12_C_M1_C2
0 0 11 -3 LI_S12_C_M2_C3
0 0 11 -4 LI_S12_C_M2_C4
0 0 11 -5 LI_S12_C_M3_C5
0 0 11 -6 LI_S12_C_M3_C6
0 0 11 -7 LI_S12_C_M4_C7_1
0 0 11 -8 LI_S12_C_M4_C7_2
0 0 11 -9 LI_S12_C_M4_C8_1
0 0 11 -10 LI_S12_C_M4_C8_2
0 0 12 9 LI_S13_A_M4_A8_2
0 0 12 8 LI_S13_A_M4_A8_1
0 0 12 7 LI_S13_A_M4_A7_2
0 0 12 6 LI_S13_A_M4_A7_1
0 0 12 5 LI_S13_A_M3_A6
0 0 12 4 LI_S13_A_M3_A5
0 0 12 3 LI_S13_A_M2_A4
0 0 12 2 LI_S13_A_M2_A3
0 0 12 1 LI_S13_A_M1_A2
0 0 12 0 LI_S13_A_M1_A1
0 0 12 -1 LI_S13_C_M1_C1
0 0 12 -2 LI_S13_C_M1_C2
0 0 12 -3 LI_S13_C_M2_C3
0 0 12 -4 LI_S13_C_M2_C4
0 0 12 -5 LI_S13_C_M3_C5
0 0 12 -6 LI_S13_C_M3_C6
0 0 12 -7 LI_S13_C_M4_C7_1
0 0 12 -8 LI_S13_C_M4_C7_2
0 0 12 -9 LI_S13_C_M4_C8_1
0 0 12 -10 LI_S13_C_M4_C8_2
0 0 13 9 LI_S14_A_M4_A8_2
0 0 13 8 LI_S14_A_M4_A8_1
0 0 13 7 LI_S14_A_M4_A7_2
0 0 13 6 LI_S14_A_M4_A7_1
0 0 13 5 LI_S14_A_M3_A6
0 0 13 4 LI_S14_A_M3_A5
0 0 13 3 LI_S14_A_M2_A4
0 0 13 2 LI_S14_A_M2_A3
0 0 13 1 LI_S14_A_M1_A2
0 0 13 0 LI_S14_A_M1_A1
0 0 13 -1 LI_S14_C_M1_C1
0 0 13 -2 LI_S14_C_M1_C2
0 0 13 -3 LI_S14_C_M2_C3
0 0 13 -4 LI_S14_C_M2_C4
0 0 13 -5 LI_S14_C_M3_C5
0 0 13 -6 LI_S14_C_M3_C6
0 0 13 -7 LI_S14_C_M4_C7_1
0 0 13 -8 LI_S14_C_M4_C7_2
0 0 13 -9 LI_S14_C_M4_C8_1
0 0 13 -10 LI_S14_C_M4_C8_2
4 0 2 0 LI_S15_A_12_M1_A1
4 1 2 0 LI_S15_A_12_M1_A2
4 2 2 0 LI_S15_A_12_M1_A3
4 0 3 0 LI_S15_A_12_M2_A4
4 1 3 0 LI_S15_A_12_M2_A5
4 2 3 0 LI_S15_A_12_M2_A6
4 0 0 0 LI_S15_A_34_M3_A7
4 1 0 0 LI_S15_A_34_M3_A8
4 2 0 0 LI_S15_A_34_M3_A9
4 0 1 0 LI_S15_A_34_M4_A10
4 1 1 0 LI_S15_A_34_M4_A11
4 2 1 0 LI_S15_A_34_M4_A12
-4 0 2 0 LI_S15_C_12_M1_C1
-4 1 2 0 LI_S15_C_12_M1_C2
-4 2 2 0 LI_S15_C_12_M1_C3
-4 0 3 0 LI_S15_C_12_M2_C4
-4 1 3 0 LI_S15_C_12_M2_C5
-4 2 3 0 LI_S15_C_12_M2_C6
-4 0 0 0 LI_S15_C_34_M3_C7
-4 1 0 0 LI_S15_C_34_M3_C8
-4 2 0 0 LI_S15_C_34_M3_C9
-4 0 1 0 LI_S15_C_34_M4_C10
-4 1 1 0 LI_S15_C_34_M4_C11
-4 2 1 0 LI_S15_C_34_M4_C12
