-49     0.000 0.000 1.000 0.000 0.000     0.000 1.000 0.000 0.000
-44     0.000 0.000 1.000 0.000 0.000     0.000 0.000 0.000 1.000
-40     0.000 0.000 1.000 0.000 0.000     0.000 1.000 0.000 0.000
-36     0.000 0.000 1.000 0.000 0.000     0.000 0.000 0.000 1.000
-32     0.000 0.000 0.634 0.366 0.000     1.000 0.000 0.000 0.000
-31     0.000 0.000 0.643 0.357 0.000     0.201 0.395 0.405 0.000
-29     0.000 0.000 0.639 0.361 0.000     0.201 0.392 0.408 0.000
-27     0.000 0.000 0.635 0.365 0.000     0.202 0.391 0.407 0.000
-25     0.000 0.034 0.768 0.198 0.000     0.199 0.394 0.407 0.000
-24     0.000 0.120 0.696 0.184 0.000     0.201 0.393 0.406 0.000
-23     0.000 0.118 0.700 0.182 0.000     0.201 0.394 0.406 0.000
-22     0.000 0.118 0.699 0.183 0.000     0.198 0.394 0.407 0.000
-21     0.000 0.119 0.697 0.184 0.000     0.200 0.395 0.405 0.000
-20     0.000 0.166 0.665 0.169 0.000     0.202 0.394 0.404 0.000
-19     0.000 0.169 0.661 0.170 0.000     0.146 0.283 0.571 0.000
-18     0.170 0.177 0.518 0.135 0.000     0.117 0.429 0.454 0.000
-17     0.157 0.179 0.527 0.136 0.000     0.291 0.560 0.149 0.000
-16     0.160 0.182 0.520 0.138 0.000     0.662 0.338 0.000 0.000
-15     0.013 0.065 0.022 0.187 0.713     0.000 0.000 0.000 0.000
-14     0.011 0.224 0.676 0.089 0.000     0.000 0.000 0.000 0.000
-13     0.010 0.206 0.622 0.163 0.000     0.000 0.000 0.000 0.000
-12     0.012 0.207 0.615 0.166 0.000     0.000 0.000 0.000 0.000
-11     0.012 0.206 0.617 0.165 0.000     0.000 0.000 0.000 0.000
-10     0.012 0.206 0.614 0.168 0.000     0.000 0.000 0.000 0.000
 -9     0.012 0.205 0.620 0.163 0.000     0.000 0.000 0.000 0.000
 -8     0.014 0.304 0.450 0.232 0.000     0.000 0.000 0.000 0.000
 -7     0.014 0.303 0.453 0.230 0.000     0.000 0.000 0.000 0.000
 -6     0.014 0.293 0.457 0.236 0.000     0.000 0.000 0.000 0.000
 -5     0.014 0.293 0.457 0.236 0.000     0.000 0.000 0.000 0.000
 -4     0.012 0.295 0.453 0.240 0.000     0.000 0.000 0.000 0.000
 -3     0.012 0.295 0.455 0.238 0.000     0.000 0.000 0.000 0.000
 -2     0.013 0.292 0.456 0.239 0.000     0.000 0.000 0.000 0.000
 -1     0.014 0.285 0.462 0.240 0.000     0.000 0.000 0.000 0.000
  0     0.013 0.283 0.463 0.242 0.000     0.000 0.000 0.000 0.000
  1     0.013 0.289 0.457 0.240 0.000     0.000 0.000 0.000 0.000
  2     0.013 0.289 0.455 0.243 0.000     0.000 0.000 0.000 0.000
  3     0.013 0.289 0.454 0.244 0.000     0.000 0.000 0.000 0.000
  4     0.012 0.292 0.457 0.239 0.000     0.000 0.000 0.000 0.000
  5     0.012 0.293 0.458 0.238 0.000     0.000 0.000 0.000 0.000
  6     0.012 0.290 0.464 0.234 0.000     0.000 0.000 0.000 0.000
  7     0.012 0.291 0.461 0.236 0.000     0.000 0.000 0.000 0.000
  8     0.011 0.203 0.628 0.159 0.000     0.000 0.000 0.000 0.000
  9     0.011 0.202 0.624 0.164 0.000     0.000 0.000 0.000 0.000
 10     0.010 0.203 0.619 0.167 0.000     0.000 0.000 0.000 0.000
 11     0.011 0.204 0.616 0.169 0.000     0.000 0.000 0.000 0.000
 12     0.010 0.205 0.621 0.164 0.000     0.000 0.000 0.000 0.000
 13     0.010 0.224 0.677 0.090 0.000     0.000 0.000 0.000 0.000
 14     0.013 0.067 0.022 0.183 0.715     0.000 0.000 0.000 0.000
 15     0.164 0.183 0.511 0.142 0.000     0.654 0.346 0.000 0.000
 16     0.160 0.180 0.522 0.138 0.000     0.288 0.569 0.143 0.000
 17     0.173 0.177 0.515 0.135 0.000     0.116 0.442 0.442 0.000
 18     0.000 0.166 0.663 0.171 0.000     0.144 0.295 0.561 0.000
 19     0.000 0.163 0.664 0.173 0.000     0.201 0.402 0.397 0.000
 20     0.000 0.117 0.699 0.184 0.000     0.201 0.403 0.396 0.000
 21     0.000 0.116 0.705 0.179 0.000     0.201 0.403 0.395 0.000
 22     0.000 0.115 0.703 0.182 0.000     0.201 0.403 0.396 0.000
 23     0.000 0.116 0.701 0.184 0.000     0.198 0.404 0.398 0.000
 24     0.000 0.033 0.773 0.194 0.000     0.198 0.404 0.397 0.000
 25     0.000 0.000 0.645 0.355 0.000     0.199 0.401 0.400 0.000
 27     0.000 0.000 0.647 0.353 0.000     0.201 0.402 0.397 0.000
 29     0.000 0.000 0.655 0.345 0.000     0.199 0.404 0.397 0.000
 31     0.000 0.000 0.643 0.357 0.000     1.000 0.000 0.000 0.000
 32     0.000 0.000 1.000 0.000 0.000     0.000 1.000 0.000 0.000
 36     0.000 0.000 1.000 0.000 0.000     0.000 0.000 0.000 1.000
 40     0.000 0.000 1.000 0.000 0.000     0.000 1.000 0.000 0.000
 44     0.000 0.000 1.000 0.000 0.000     0.000 0.000 0.000 1.000
