0x2000000 0.0354 0.0435 0.0088
0x2002000 0.0442 0.0718 -0.0172
0x2004000 0.115 0.0863 -0.0134
0x2006000 0.0135 0.0136 -0.0015
0x2008000 0.0674 0.0538 0.0023
0x200a000 0.0304 0.0461 0.0044
0x200c000 0.0302 0.0119 -0.0322
0x200e000 0.0671 0.0679 0.002
0x2010000 0.0479 0.0065 0.023
0x2012000 0.0546 0.1047 0.0175
0x2014000 0.0038 0.0121 -0.0206
0x2016000 0.0239 0.0541 0.0299
0x2018000 0.0189 0.0687 -0.0095
0x2020000 0.039 0.0203 0.0013
0x2022000 0.0584 0.0483 -0.01
0x2024000 0.0153 0.0176 0.0017
0x2026000 0.0108 0.009 0.0064
0x2028000 0.0828 0.0914 -0.0095
0x202a000 0.132 0.1112 -1e-04
0x202c000 0.0513 0.0098 -0.0032
0x202e000 0.0035 0.0079 0.0022
0x2030000 0.072 0.0916 -0.0277
0x2032000 0.005 0.0057 -0.0055
0x2034000 0.0135 0.0085 -0.0135
0x2036000 0.0366 0.0349 -0.0012
0x2038000 0.0347 0.0225 0.0155
0x2040000 0.0813 0.1017 0.0207
0x2042000 0.2273 0.2143 0.0002
0x2044000 0.1009 0.0328 -0.0048
0x2046000 0.2936 0.2433 0.0152
0x2048000 0.0947 0.1384 -0.0101
0x204a000 0.1169 0.0813 0.0041
0x204c000 0.0593 0.0362 -0.0148
0x204e000 0.0723 0.0568 -0.0219
0x2050000 0.1943 0.1671 -0.0281
0x2052000 0.0691 0.0606 -0.1062
0x2054000 0.0083 0.0465 0.0656
0x2056000 0.0507 0.0447 0.0155
0x2058000 0.1987 0.0485 0.1334
0x2060000 0.1194 0.0904 -0.27
0x2062000 0.1267 0.1331 -0.1825
0x2064000 0.3143 0.3082 -0.007
0x2066000 0.1125 0.0786 -0.1769
0x2068000 0.0527 0.0645 -0.1815
0x206a000 0.2031 0.1834 -0.0898
0x206c000 0.179 0.1601 -0.0695
0x206e000 0.2016 0.1875 -0.0912
0x2070000 0.1626 0.1227 -0.0677
0x2072000 0.2003 0.1775 -0.0893
0x2074000 0.3061 0.2687 -0.094
0x2076000 0.1476 0.1214 -0.1078
0x2078000 0.1829 0.1787 -0.0694
0x2080000 0.0679 0.0012 0.0032
0x2082000 0.0358 0.0361 0.0123
0x2084000 0.0199 0.0088 0.0179
0x2086000 0.1196 0.0673 -0.0171
0x2088000 0.0509 0.0489 0.0117
0x208a000 0.0154 0.004 0.0127
0x208c000 0.0436 0.0602 0.0222
0x208e000 0.0853 0.064 0.0105
0x2090000 0.0003 0.0265 -0.0153
0x2092000 0.0508 0.0806 -0.0291
0x2094000 0.0459 0.0237 0.0097
0x2096000 0.0048 0.019 0.0195
0x2098000 0.0547 0.041 -0.0355
0x20a0000 0.2297 0.1467 -0.0017
0x20a2000 0.178 0.1401 -0.0178
0x20a4000 0.2671 0.1685 -0.0435
0x20a6000 0.181 0.0652 -0.1442
0x20a8000 0.1504 0.1095 -0.0928
0x20aa000 0.1556 0.107 -0.1267
0x20ac000 0.1053 0.0271 -0.0502
0x20ae000 0.0777 0.0478 -0.0643
0x20b0000 0.0696 0.0294 -0.0466
0x20b2000 0.1401 0.1491 -0.1012
0x20b4000 0.2206 0.1857 -0.0888
0x20b6000 0.208 0.1791 -0.0609
0x20b8000 0.1625 0.1208 -0.0694
0x20c0000 0.031 0.0337 0.0223
0x20c2000 0.1055 0.1113 0.0444
0x20c4000 0.1371 0.1217 0.0269
0x20c6000 0.1822 0.1637 0.0328
0x20c8000 0.0103 0.0076 0.0044
0x20ca000 0.1632 0.1438 0.0257
0x20cc000 0.0331 0.0017 0.0102
0x20ce000 0.0662 0.0249 0.0119
0x20d0000 0.0358 0.0204 -0.0161
0x20d2000 0.112 0.0831 -0.0737
0x20d4000 0.198 0.1969 0.0269
0x20d6000 0.1442 0.1286 0.0057
0x20d8000 0.4165 0.2027 0.012
0x20e0000 0.1057 0.0872 0.0072
0x20e2000 0.0585 0.0431 0.0155
0x20e4000 0.4918 0.0164 0.2758
0x20e6000 0.0467 0.0664 0.0025
0x20e8000 0.0577 0.0632 -1e-04
0x20ea000 0.0311 0.0279 0.0054
0x20ec000 0.0236 0.0308 -1e-04
0x20ee000 0.0304 0.041 0.003
0x20f0000 0.0236 0.0401 -0.01
0x20f2000 0.0925 0.1113 -0.0524
0x20f4000 0.0138 0.035 0.0066
0x20f6000 0.0036 0.0178 0.0058
0x20f8000 0.3044 0.001 0.0204
0x2100000 0.1609 0.1522 -0.0476
0x2102000 0.0482 0.0263 -0.0348
0x2104000 0.2256 0.1177 -0.0819
0x2106000 0.0533 0.0028 -0.047
0x2108000 0.1075 0.055 -0.038
0x210a000 0.0887 0.0487 -0.0347
0x210c000 0.1285 0.0643 -0.0952
0x210e000 0.104 0.1066 -0.0935
0x2110000 0.1308 0.0025 -0.1082
0x2112000 0.1791 0.1831 -0.096
0x2114000 0.1423 0.0663 -0.1624
0x2116000 0.1257 0.0624 -0.1012
0x2118000 0.1497 0.1327 -0.1139
0x2120000 0.0085 0.015 -0.007
0x2122000 0.0128 0.0398 0.0152
0x2124000 0.0225 0.0388 -0.0157
0x2126000 0.0524 0.0232 0.0002
0x2128000 0.0464 0.0066 -0.0104
0x212a000 0.0239 0.0127 -0.0198
0x212c000 0.0895 0.0711 0.0123
0x212e000 0.0045 0.008 0.0155
0x2130000 0.075 0.1015 -0.0145
0x2132000 0.0415 0.0216 0.0224
0x2134000 0.0064 0.014 0.0213
0x2136000 0.0014 0.0311 0.0284
0x2138000 0.0852 0.0578 -0.0149
0x2140000 0.0592 0.0463 -0.0234
0x2142000 0.0246 0.0325 0.0064
0x2144000 0.0438 0.035 0.0152
0x2146000 0.1067 0.0626 0.0199
0x2148000 0.0407 0.0198 0.0104
0x214a000 0.0173 0.0025 0.011
0x214c000 0.0167 0.0179 -0.0097
0x214e000 0.011 0.001 -0.0224
0x2150000 0.0019 0.0273 0.0003
0x2152000 0.0189 0.0499 -0.0231
0x2154000 0.0123 0.0031 -0.001
0x2156000 0.0202 0.008 -0.0194
0x2158000 0.004 0.0063 -0.0075
0x2160000 0.0417 0.0379 -0.0272
0x2162000 0.0497 0.0408 -0.0031
0x2164000 0.0083 0.032 0.015
0x2166000 0.0034 0.0201 -0.0059
0x2168000 0.0976 0.0855 -0.0174
0x216a000 0.0033 0.0016 0.0093
0x216c000 0.0521 0.0734 0.0037
0x216e000 0.0491 0.0337 -0.0073
0x2170000 0.1378 0.0987 0.0035
0x2172000 0.0059 0.0047 0.0104
0x2174000 0.0061 0.0076 0.0241
0x2176000 0.0325 0.0496 -0.0039
0x2178000 0.0119 0.0053 -0.0069
0x2180000 0.1193 0.1222 -0.0077
0x2182000 0.0731 0.0691 -0.025
0x2184000 0.0836 0.0599 0.0043
0x2186000 0.1299 0.1098 -0.0007
0x2188000 0.2393 0.1863 -0.0402
0x218a000 0.1446 0.0918 -0.026
0x218c000 0.1825 0.1251 -0.0897
0x218e000 0.0431 0.0414 -0.0113
0x2190000 0.0093 0.0139 -0.0307
0x2192000 0.0369 0.0334 -0.0561
0x2194000 0.1134 0.1223 -0.0252
0x2196000 0.0658 0.0503 -0.0187
0x2198000 0.1533 0.0194 0.0591
0x21a0000 0.2769 0.1567 -0.0187
0x21a2000 0.2246 0.1421 0.002
0x21a4000 0.1858 0.0981 0.0012
0x21a6000 0.1448 0.0867 -0.0468
0x21a8000 0.1634 0.0141 -0.0518
0x21aa000 0.1378 0.0821 -0.0418
0x21ac000 0.0889 0.0366 -0.0387
0x21ae000 0.0596 0.0351 -0.0663
0x21b0000 0.0722 0.0087 -0.0525
0x21b2000 0.1057 0.0287 -0.0487
0x21b4000 0.1112 0.1011 -0.0614
0x21b6000 0.0863 0.0343 -0.0506
0x21b8000 0.1349 0.0857 -0.1175
0x21c0000 0.1744 0.1196 -0.0543
0x21c2000 0.1812 0.0973 -0.1575
0x21c4000 0.2336 0.1286 -0.1068
0x21c6000 0.2392 0.1148 -0.0661
0x21c8000 0.1539 0.0157 -0.0498
0x21ca000 0.1774 0.1278 -0.0405
0x21cc000 0.1251 0.0262 -0.0781
0x21ce000 0.1766 0.0842 -0.1513
0x21d0000 0.2616 0.1324 -0.1429
0x21d2000 0.1262 0.0766 -0.0355
0x21d4000 0.1431 0.041 -0.146
0x21d6000 0.1992 0.1156 -0.1525
0x21d8000 0.2065 0.1034 -0.0793
0x21e0000 0.0451 0.0487 -0.0101
0x21e2000 0.0274 0.0026 0.0074
0x21e4000 0.0837 0.0772 0.0025
0x21e6000 0.0464 0.0323 0.0051
0x21e8000 0.0066 0.001 -0.0142
0x21ea000 0.0837 0.0714 0.0253
0x21ec000 0.0441 0.0628 0.0003
0x21ee000 0.0155 0.026 0.0056
0x21f0000 0.0575 0.0619 -0.0108
0x21f2000 0.0621 0.0647 -0.0207
0x21f4000 0.0013 0.0353 -0.0048
0x21f6000 0.0716 0.0582 -0.0094
0x21f8000 0.1902 0.1157 0.0838
0x2200000 0.0512 0.057 0.0029
0x2202000 0.0094 0.0064 0.0231
0x2204000 0.1031 0.0967 -0.0015
0x2206000 0.0391 0.0205 0.0322
0x2208000 0.0672 0.0505 0.0012
0x220a000 0.08 0.0879 -0.0247
0x220c000 0.0053 0.0138 -0.0158
0x220e000 0.0004 0.0169 0.0113
0x2210000 0.0593 0.0514 0.0017
0x2212000 0.0468 0.0378 0.0006
0x2214000 0.0062 0.033 0.0005
0x2216000 0.0019 0.0138 0.0176
0x2218000 0.029 0.0139 0.0153
0x2220000 0.1509 0.1516 -0.0202
0x2222000 0.0233 0.0477 0.0259
0x2224000 0.0687 0.0572 0.0127
0x2226000 0.0576 0.0436 -0.0068
0x2228000 0.0189 0.0327 0.0071
0x222a000 0.0337 0.0209 0.0303
0x222c000 0.0146 0.0231 0.0099
0x222e000 0.015 0.0011 0.0106
0x2230000 0.0744 0.0731 -0.0016
0x2232000 0.0796 0.077 -0.0038
0x2234000 0.0741 0.0712 -0.0114
0x2236000 0.0137 0.0172 -0.0004
0x2238000 0.096 0.089 0.0027
0x2240000 0.0844 0.0786 0.0157
0x2242000 0.1542 0.1429 0.0056
0x2244000 0.3252 0.2651 0.0034
0x2246000 0.2974 0.2711 -0.016
0x2248000 0.0691 0.0822 -0.0171
0x224a000 0.1268 0.1201 -0.02
0x224c000 0.3415 0.2973 -0.0237
0x224e000 0.0191 0.0186 -0.0155
0x2250000 0.0404 0.0137 -0.0128
0x2252000 0.0246 0.0101 -0.0439
0x2254000 0.0471 0.0573 -0.0079
0x2256000 0.1223 0.0834 -0.0205
0x2258000 0.3518 0.1948 0.0259
0x2260000 0.0278 0.016 0.0016
0x2262000 0.0637 0.043 -0.0049
0x2264000 0.0456 0.059 0.0139
0x2266000 0.0036 0.0044 -0.0042
0x2268000 0.0583 0.0596 0.0058
0x226a000 0.0258 0.0296 -0.007
0x226c000 0.0037 0.0051 -0.0009
0x226e000 0.0222 0.0138 0.0042
0x2270000 0.0811 0.0659 -0.0154
0x2272000 0.0713 0.054 -0.0077
0x2274000 0.1063 0.097 -0.0115
0x2276000 0.1128 0.1033 -0.0029
0x2278000 0.0929 0.0853 0.0012
0x2280000 0.0978 0.1072 0.0163
0x2282000 0.1443 0.1402 -0.0096
0x2284000 0.107 0.1117 -0.0186
0x2286000 0.0827 0.0584 -0.0162
0x2288000 0.0885 0.0809 -0.0234
0x228a000 0.1056 0.1 -0.0338
0x228c000 0.1124 0.1114 -0.0017
0x228e000 0.0756 0.0874 -0.0361
0x2290000 0.0864 0.0953 -0.0287
0x2292000 0.0858 0.0772 -0.0343
0x2294000 0.0248 0.0377 -0.0176
0x2296000 0.0673 0.0733 -0.0222
0x2298000 0.074 0.0096 0.017
0x22a0000 0.0967 0.1255 -0.0025
0x22a2000 0.0472 0.0617 0.0174
0x22a4000 0.089 0.0729 -0.0041
0x22a6000 0.0455 0.0979 0.0545
0x22a8000 0.0467 0.015 0.0007
0x22aa000 0.0797 0.0661 -0.0487
0x22ac000 0.045 0.0514 0.0108
0x22ae000 0.0578 0.0689 -0.0326
0x22b0000 0.0597 0.0731 -0.0287
0x22b2000 0.0276 0.0324 0.0053
0x22b4000 0.0686 0.0657 0.0094
0x22b6000 0.0436 0.0426 -0.0354
0x22b8000 0.0337 0.0283 -0.0214
0x2800000 0.1978 0.189 -0.005
0x2802000 0.2111 0.2687 -0.0318
0x2804000 0.0304 0.0042 -0.0481
0x2806000 0.1348 0.1442 -0.1104
0x2808000 0.1081 0.046 -0.0743
0x280a000 0.0862 0.2745 0.0095
0x280c000 0.1832 0.1988 -0.0836
0x280e000 0.1859 0.1535 0.0943
0x2810000 0.027 0.0447 0.0389
0x2812000 0.1641 0.1613 0.0154
0x2814000 0.1131 0.0991 -0.0313
0x2816000 0.1814 0.1487 -0.0303
0x2818000 0.2235 0.1572 0.0749
0x2820000 0.0228 0.0207 -0.0275
0x2822000 0.0664 0.04 -0.0125
0x2824000 0.1057 0.1112 -0.024
0x2826000 0.1167 0.1159 0.0038
0x2828000 0.0586 0.0331 -0.0219
0x282a000 0.0744 0.08 -0.0041
0x282c000 0.0501 0.0917 0.1194
0x282e000 0.0182 0.0005 -0.0079
0x2830000 0.0033 0.0337 -0.0061
0x2832000 0.033 0.0464 0.0096
0x2834000 0.0275 0.0989 -0.0715
0x2836000 0.0416 0.0737 -0.003
0x2838000 0.1573 0.2114 -0.1091
0x2840000 0.0807 0.1061 -0.006
0x2842000 0.0059 0.0225 -0.0082
0x2844000 0.0641 0.0479 -0.0128
0x2846000 0.0543 0.0483 0.0055
0x2848000 0.0534 0.0676 -0.0263
0x284a000 0.1053 0.0934 -0.001
0x284c000 0.0591 0.052 -0.0064
0x284e000 0.0632 0.0591 -0.017
0x2850000 0.1167 0.0675 -0.0329
0x2852000 0.0999 0.0888 -0.0837
0x2854000 0.025 0.005 0.0231
0x2856000 0.0301 0.02 -0.0007
0x2858000 0.1868 0.0171 0.0721
0x2860000 0.2778 0.1977 -0.0682
0x2862000 0.1669 0.1185 -0.0068
0x2864000 0.2047 0.1486 -0.041
0x2866000 0.0726 0.1315 -0.1455
0x2868000 0.0894 0.0375 -0.11
0x286a000 0.2352 0.0718 -0.0548
0x286c000 0.2799 0.1973 -0.0345
0x286e000 0.1067 0.0088 -0.0334
0x2870000 0.1443 0.087 -0.0825
0x2872000 0.1598 0.1099 -0.0909
0x2874000 0.2671 0.1984 -0.1113
0x2876000 0.2127 0.1615 -0.0514
0x2878000 0.1651 0.125 -0.0789
0x2880000 0.1532 0.0677 -0.077
0x2882000 0.196 0.1067 -0.1923
0x2884000 0.2053 0.1027 -0.2322
0x2886000 0.241 0.1867 -0.0108
0x2888000 0.1184 0.0206 -0.1032
0x288a000 0.1093 0.1315 -0.082
0x288c000 0.1295 0.0494 -0.1221
0x288e000 0.259 0.1402 -0.063
0x2890000 0.163 0.1639 -0.057
0x2892000 0.2683 0.1603 -0.1419
0x2894000 0.2095 0.1324 -0.0799
0x2896000 0.1577 0.1393 -0.0921
0x2898000 0.196 0.1203 -0.0887
0x28a0000 0.0501 0.079 0.0226
0x28a2000 0.0358 0.0443 0.0333
0x28a4000 0.0796 0.0502 -0.0106
0x28a6000 0.0371 0.0373 -0.0022
0x28a8000 0.0737 0.0826 -0.0034
0x28aa000 0.0671 0.0478 0.0023
0x28ac000 0.0086 0.0092 0.0042
0x28ae000 0.0094 0.0157 -0.0145
0x28b0000 0.0129 0.0058 -0.0024
0x28b2000 0.1118 0.1161 0.003
0x28b4000 0.0135 0.0009 -0.0255
0x28b6000 0.0757 0.0544 -0.0384
0x28b8000 0.0033 0.0464 0.0422
0x28c0000 0.2211 0.1753 -0.0695
0x28c2000 0.2294 0.1593 -0.0438
0x28c4000 0.1701 0.14 -0.061
0x28c6000 0.2447 0.1787 -0.0881
0x28c8000 0.1116 0.0755 -0.0627
0x28ca000 0.0699 0.0688 -0.1033
0x28cc000 0.1405 0.0494 -0.0049
0x28ce000 0.1974 0.0857 -0.088
0x28d0000 0.1007 0.1359 -0.1146
0x28d2000 0.079 0.0303 -0.0527
0x28d4000 0.1705 0.1512 -0.1075
0x28d6000 0.1376 0.1413 -0.0558
0x28d8000 0.069 0.0009 -0.1293
0x28e0000 0.1367 0.0481 -0.0384
0x28e2000 0.1365 0.0679 -0.0509
0x28e4000 0.1676 0.0608 -0.0712
0x28e6000 0.1668 0.0589 -0.0941
0x28e8000 0.073 0.0824 -0.0799
0x28ea000 0.2529 0.0824 0.0118
0x28ec000 0.1748 0.0383 -0.0759
0x28ee000 0.1286 0.0203 -0.031
0x28f0000 0.2309 0.1377 -0.0987
0x28f2000 0.1773 0.1147 -0.1767
0x28f4000 0.2051 0.0572 -0.116
0x28f6000 0.1288 0.079 -0.0434
0x28f8000 0.3157 0.13 -0.0868
0x2900000 0.0515 0.0669 0.0027
0x2902000 0.1546 0.1384 0.0052
0x2904000 0.3791 0.4303 -0.0612
0x2906000 0.0539 0.0483 0.0491
0x2908000 0.2085 0.1987 0.0163
0x290a000 0.075 0.0665 0.0076
0x290c000 0.2052 0.2082 -0.0032
0x290e000 0.1512 0.147 -0.0006
0x2910000 0.1285 0.1246 -0.0202
0x2912000 0.1478 0.1502 -0.0338
0x2914000 0.0873 0.1068 -0.0018
0x2916000 0.1504 0.1484 0.0299
0x2918000 0.3333 0.225 0.0641
0x2920000 0.0805 0.1029 0.0144
0x2922000 0.0948 0.0912 0.0122
0x2924000 0.0974 0.0758 -0.0355
0x2926000 0.0412 0.0476 -0.0175
0x2928000 0.0672 0.0692 -0.048
0x292a000 0.0195 0.0126 -0.0179
0x292c000 0.0735 0.0301 -0.0367
0x292e000 0.0324 0.0107 -0.0124
0x2930000 0.0758 0.0361 -0.0713
0x2932000 0.0157 0.0104 -0.0652
0x2934000 0.0238 0.0218 0.0428
0x2936000 0.0952 0.0985 -0.0178
0x2938000 0.1259 0.0746 0.092
0x2940000 0.0585 0.0879 -0.0267
0x2942000 0.0354 0.0934 0.0631
0x2944000 0.0525 0.0306 -0.0078
0x2946000 0.113 0.1209 -0.0155
0x2948000 0.0498 0.0535 0.0202
0x294a000 0.0646 0.0528 -0.006
0x294c000 0.0067 0.0297 0.0229
0x294e000 0.0718 0.0784 0.0092
0x2950000 0.1005 0.09 -0.0112
0x2952000 0.073 0.0525 0.0084
0x2954000 0.0438 0.0296 0.0066
0x2956000 0.1141 0.1009 -0.0288
0x2958000 0.1896 0.2072 -0.0061
0x2960000 0.009 0.0139 0.0049
0x2962000 0.0032 0.0245 -0.0397
0x2964000 0.0321 0.01 0.0222
0x2966000 0.0027 0.0086 0.0075
0x2968000 0.0106 0.0146 0.0103
0x296a000 0.0118 0.0054 -0.0076
0x296c000 0.0589 0.0105 -0.0101
0x296e000 0.0256 0.05 -0.0002
0x2970000 0.0327 0.0291 0.0034
0x2972000 0.0346 0.0035 0.0076
0x2974000 0.0096 0.0224 -0.044
0x2976000 0.0191 0.0177 -0.0205
0x2978000 0.1292 0.0745 -0.035
0x2980000 0.0103 0.0109 0
0x2982000 0.0316 0.0465 0.0088
0x2984000 0.0445 0.0439 0.0008
0x2986000 0.0274 0.0263 0.026
0x2988000 0.0371 0.0056 0.0076
0x298a000 0.0397 0.0236 0.0153
0x298c000 0.0037 0.0732 0.0389
0x298e000 0.0533 0.0203 -0.0132
0x2990000 0.0097 0.0199 0.0018
0x2992000 0.0564 0.025 -0.0119
0x2994000 0.0243 0.0436 -0.0289
0x2996000 0.0932 0.0442 -0.0215
0x2998000 0.0689 0.0469 0.0068
0x29a0000 0.2271 0.1327 0.0562
0x29a2000 0.1517 0.0627 -0.0946
0x29a4000 0.1378 0.0775 -0.1249
0x29a6000 0.1975 0.1137 -0.1252
0x29a8000 0.1634 0.11 -0.029
0x29aa000 0.0946 0.0799 -0.0923
0x29ac000 0.0681 0.0039 -0.087
0x29ae000 0.1521 0.0808 -0.0976
0x29b0000 0.1925 0.1426 -0.1717
0x29b2000 0.1734 0.089 -0.0716
0x29b4000 0.1726 0.0571 -0.0709
0x29b6000 0.2029 0.1023 -0.1144
0x29b8000 0.2676 0.1924 -0.0364
0x29c0000 0.1986 0.1854 0.0041
0x29c2000 0.1967 0.2282 0.04
0x29c4000 0.1501 0.1459 0.003
0x29c6000 0.1759 0.1675 0.0173
0x29c8000 0.1599 0.1524 0.0139
0x29ca000 0.0164 0.025 0.0116
0x29cc000 0.2155 0.2109 0.02
0x29ce000 0.0933 0.0778 -1e-04
0x29d0000 0.2854 0.2789 -0.0223
0x29d2000 0.2473 0.2555 0.0148
0x29d4000 0.0773 0.1042 0.0207
0x29d6000 0.1868 0.1667 -0.0016
0x29d8000 0.2456 0.1643 0.0531
0x29e0000 0.138 0.101 -0.0719
0x29e2000 0.1877 0.1348 -0.0645
0x29e4000 0.1856 0.0821 0.0066
0x29e6000 0.4445 0.1008 -0.0551
0x29e8000 0.1872 0.1234 -0.0687
0x29ea000 0.1927 0.0869 -0.0744
0x29ec000 0.116 0.0413 -0.0713
0x29ee000 0.2477 0.1467 -0.0828
0x29f0000 0.2539 0.1507 0.0208
0x29f2000 0.1493 0.0791 -0.1573
0x29f4000 0.1332 0.0544 -0.0755
0x29f6000 0.1695 0.1266 -0.1665
0x29f8000 0.15 0.0942 -0.0795
0x2a00000 0.1292 0.1625 -0.003
0x2a02000 0.1285 0.1213 0
0x2a04000 0.1372 0.1086 -0.021
0x2a06000 0.1194 0.0882 0.0125
0x2a08000 0.1194 0.1318 -0.0151
0x2a0a000 0.1854 0.1653 0.0042
0x2a0c000 0.1051 0.0749 -0.0287
0x2a0e000 0.1762 0.1757 -0.0755
0x2a10000 0.1975 0.1893 -0.0714
0x2a12000 0.1203 0.0984 -0.0899
0x2a14000 0.0802 0.0999 0.0095
0x2a16000 0.1791 0.1758 -0.0323
0x2a18000 0.238 0.1429 0.051
0x2a20000 0.2609 0.2075 -0.0979
0x2a22000 0.1189 0.0867 -0.0164
0x2a24000 0.2371 0.1366 -0.0812
0x2a26000 0.2797 0.2028 -0.0979
0x2a28000 0.1607 0.0479 -0.0891
0x2a2a000 0.1349 0.0601 -0.0724
0x2a2c000 0.2833 0.144 -0.1437
0x2a2e000 0.2511 0.1479 -0.1349
0x2a30000 0.0654 0.0152 -0.0587
0x2a32000 0.1463 0.0778 -0.0568
0x2a34000 0.1263 0.08 -0.0557
0x2a36000 0.1345 0.0858 -0.1041
0x2a38000 0.2432 0.1301 -0.1047
0x2a40000 0.1032 0.1484 0.0259
0x2a42000 0.0613 0.043 0.0093
0x2a44000 0.3717 0.3573 -0.0226
0x2a46000 0.2568 0.2489 -0.0466
0x2a48000 0.1931 0.2083 -0.0316
0x2a4a000 0.2618 0.2516 0.0004
0x2a4c000 0.4353 0.4012 -0.0271
0x2a4e000 0.471 0.4714 -0.0307
0x2a50000 0.3104 0.3008 -0.0067
0x2a52000 0.1388 0.1228 -0.0641
0x2a54000 0.1694 0.1899 0.0219
0x2a56000 0.185 0.1917 -0.0268
0x2a58000 0.3698 0.2171 0.0148
0x2a60000 0.1855 0.0891 -0.0838
0x2a62000 0.2681 0.1543 -0.077
0x2a64000 0.1704 0.0484 -0.0465
0x2a66000 0.27 0.1741 -0.1373
0x2a68000 0.1811 0.0115 -0.1007
0x2a6a000 0.1385 0.0012 -0.0364
0x2a6c000 0.1799 0.0733 0.0066
0x2a6e000 0.0978 0.1031 -0.1019
0x2a70000 0.1156 0.0217 -0.0481
0x2a72000 0.2415 0.1048 -0.1079
0x2a74000 0.1899 0.0967 -0.0682
0x2a76000 0.1634 0.0432 -0.0718
0x2a78000 0.118 0.0548 -0.0202
0x2a80000 0.1227 0.0741 -0.1118
0x2a82000 0.0726 0.0951 -0.0755
0x2a84000 0.1986 0.1651 -0.0803
0x2a86000 0.207 0.1817 -0.0658
0x2a88000 0.1712 0.1225 -0.0714
0x2a8a000 0.2234 0.0626 -0.0182
0x2a8c000 0.1893 0.1759 -0.0455
0x2a8e000 0.2367 0.2131 -0.0816
0x2a90000 0.1662 0.12 -0.0616
0x2a92000 0.0961 0.0645 -0.0882
0x2a94000 0.2506 0.1265 -0.0304
0x2a96000 0.2488 0.1723 -0.0552
0x2a98000 0.1601 0.1003 -0.0731
0x2aa0000 0.1976 0.1686 -0.0023
0x2aa2000 0.1708 0.1559 -0.0213
0x2aa4000 0.133 0.1575 -0.0349
0x2aa6000 0.146 0.1213 -0.0292
0x2aa8000 0.1045 0.1094 -0.0081
0x2aaa000 0.1564 0.1261 -0.0182
0x2aac000 0.0795 0.0512 -0.0304
0x2aae000 1.8035 0.0373 -1.2957
0x2ab0000 0.0729 0.0561 -0.0207
0x2ab2000 0.0778 0.0702 -0.0282
0x2ab4000 0.0406 0.0303 -0.0831
0x2ab6000 0.0874 0.0804 -0.0083
0x2ab8000 0.0896 0.1326 0.0219
0x2ac0000 0.008 0.0135 0.0282
0x2ac2000 0.1371 0.1243 0.0339
0x2ac4000 0.1437 0.1122 0.0295
0x2ac6000 0.1632 0.1392 0.028
0x2ac8000 0.0957 0.1095 0.0099
0x2aca000 0.1736 0.1548 0.0266
0x2acc000 0.1846 0.1781 -0.0036
0x2ace000 0.056 0.0664 0.017
0x2ad0000 0.1575 0.1132 -0.0128
0x2ad2000 0.1611 0.1295 -0.0505
0x2ad4000 0.2416 0.2581 0.0156
0x2ad6000 0.2129 0.1473 0.0278
0x2ad8000 0.1773 0.0294 0.1253
0x2ae0000 0.2416 0.1255 -0.1154
0x2ae2000 0.1678 0.0784 -0.0814
0x2ae4000 0.1541 0.1184 -0.0669
0x2ae6000 0.1763 0.0915 -0.125
0x2ae8000 0.1651 0.0968 -0.1298
0x2aea000 0.2697 0.1519 -0.0835
0x2aec000 0.1802 0.1387 -0.0738
0x2aee000 0.1726 0.1267 -0.0879
0x2af0000 0.2177 0.1063 -0.1752
0x2af2000 0.0557 0.0053 -0.049
0x2af4000 0.1679 0.0733 -0.0317
0x2af6000 0.2065 0.0829 -0.1019
0x2af8000 0.2115 0.0827 -0.136
0x2b00000 0.2012 0.0556 -0.0775
0x2b02000 0.2029 0.1314 -0.0555
0x2b04000 0.1681 0.1279 -0.057
0x2b06000 0.1921 0.0672 -0.0404
0x2b08000 0.1903 0.1287 -0.1232
0x2b0a000 0.1339 0.0914 -0.0679
0x2b0c000 0.2066 0.1346 -0.0173
0x2b0e000 0.1829 0.0621 -0.1157
0x2b10000 0.1941 0.1127 -0.0739
0x2b12000 0.0404 0.0504 -0.0855
0x2b14000 0.219 0.1324 -0.2258
0x2b16000 0.1217 0.0546 -0.092
0x2b18000 0.2409 0.1715 -0.0556
0x2b20000 0.0689 0.0408 -0.0142
0x2b22000 0.1273 0.1421 0.0344
0x2b24000 0.0688 0.1042 0.03
0x2b26000 0.0429 0.0345 0.0012
0x2b28000 0.0917 0.0856 -0.0079
0x2b2a000 0.1104 0.0832 -0.0356
0x2b2c000 0.0046 0 0.0024
0x2b2e000 0.0519 0.0437 -0.0418
0x2b30000 0.0566 0.0808 0.0132
0x2b32000 0.1034 0.0967 0.0005
0x2b34000 0.0424 0.0267 -0.0016
0x2b36000 0.1105 0.0372 -0.0451
0x2b38000 0.0703 0.0863 -0.0201
0x2b40000 0.2496 0.2714 0.0311
0x2b42000 0.0652 0.0752 0.0173
0x2b44000 0.1664 0.1432 -0.0178
0x2b46000 0.0974 0.0928 -0.0172
0x2b48000 0.1614 0.1906 -0.0565
0x2b4a000 0.0731 0.0884 -0.0082
0x2b4c000 0.2841 0.2517 -0.048
0x2b4e000 0.2306 0.185 -0.0279
0x2b50000 0.278 0.2514 -0.0278
0x2b52000 0.0911 0.0719 -0.0869
0x2b54000 0.2 0.2357 0.0073
0x2b56000 0.1753 0.1765 -0.0115
0x2b58000 0.3251 0.1455 0.062
0x2b60000 0.275 0.2178 -0.0624
0x2b62000 0.1075 0.0431 -0.068
0x2b64000 0.1416 0.1025 -0.0679
0x2b66000 0.1742 0.2333 -0.0575
0x2b68000 0.1653 0.1572 0.0174
0x2b6a000 0.0933 0.0088 -0.0754
0x2b6c000 0.2164 0.1113 -0.046
0x2b6e000 0.046 0.0246 -0.0656
0x2b70000 0.1195 0.0395 -0.0829
0x2b72000 0.2746 0.2267 -0.1917
0x2b74000 0.1457 0.1184 -0.175
0x2b76000 0.114 0.0046 -0.0362
0x2b78000 0.1631 0.15 -0.0923
0x2b80000 0.2976 0.2315 -0.0734
0x2b82000 0.0353 0.0048 -0.0088
0x2b84000 0.2108 0.1354 -0.0897
0x2b86000 0.1867 0.0597 -0.0736
0x2b88000 0.1027 0.068 -0.0131
0x2b8a000 0.1243 0.0252 -0.0376
0x2b8c000 0.0315 0.019 -0.0356
0x2b8e000 0.0198 0.0279 -0.051
0x2b90000 0.2287 0.1359 -0.0999
0x2b92000 0.1829 0.1383 -0.0841
0x2b94000 0.1227 0.0095 -0.1275
0x2b96000 0.08 0.0692 -0.0593
0x2b98000 0.3723 0.2904 -0.1254
0x2ba0000 0.129 0.0924 -0.0697
0x2ba2000 0.1533 0.0321 -0.1455
0x2ba4000 0.1855 0.095 -0.0217
0x2ba6000 0.0553 0.072 -0.0516
0x2ba8000 0.1141 0.0624 -0.0493
0x2baa000 0.0559 0.0137 -0.0414
0x2bac000 0.0717 0.0072 -0.0592
0x2bae000 0.126 0.0708 -0.05
0x2bb0000 0.0812 0.0315 -0.0638
0x2bb2000 0.1297 0.0842 -0.0565
0x2bb4000 0.1855 0.1156 -0.0408
0x2bb6000 0.1384 0.1065 -0.0853
0x2bb8000 0.2017 0.0188 -0.0197
0x2bc0000 0.164 0.1391 0.0051
0x2bc2000 0.2051 0.1721 -0.0012
0x2bc4000 0.2246 0.1899 -0.0594
0x2bc6000 0.1347 0.1055 -0.0732
0x2bc8000 0.1348 0.1425 0.0251
0x2bca000 0.0723 0.1491 -0.013
0x2bcc000 0.2401 0.1903 -0.0635
0x2bce000 0.287 0.2689 -0.1006
0x2bd0000 0.1695 0.145 0.0004
0x2bd2000 0.1191 0.0859 -0.0323
0x2bd4000 0.186 0.1786 -0.0057
0x2bd6000 0.1811 0.1612 -0.0098
0x2bd8000 0.2212 0.1309 0.0527
0x2be0000 0.116 0.0796 -0.0108
0x2be2000 0.0226 0.0331 -0.0118
0x2be4000 0.0114 0.0044 0.0176
0x2be6000 0.0318 0.0244 -0.0081
0x2be8000 0.0147 0.019 0.0088
0x2bea000 0.0767 0.0764 -0.0019
0x2bec000 0.0068 0.006 0.0235
0x2bee000 0.0084 0.0058 0.0086
0x2bf0000 0.0018 0.0018 0
0x2bf2000 0.0185 0.037 -0.0112
0x2bf4000 0.0521 0.0687 -0.0101
0x2bf6000 0.0327 0.0451 0.0137
0x2bf8000 0.1047 0.0932 -0.0288
0x2c00000 0.2652 0.199 -0.0478
0x2c02000 0.0419 0.0692 -0.0458
0x2c04000 0.2105 0.1329 -0.0875
0x2c06000 0.1587 0.1397 -0.0741
0x2c08000 0.1589 0.131 -0.0537
0x2c0a000 0.1504 0.1315 -0.0743
0x2c0c000 0.1669 0.0604 -0.0767
0x2c0e000 0.1273 0.047 -0.1228
0x2c10000 0.1909 0.146 -0.0961
0x2c12000 0.0833 0.0476 -0.0784
0x2c14000 0.1292 0.1037 -0.0682
0x2c16000 0.0747 0.061 -0.0559
0x2c18000 0.0425 0.0107 -0.0729
0x2c20000 0.0883 0.0935 0.0165
0x2c22000 0.081 0.0765 0.0166
0x2c24000 0.1031 0.1051 -0.0084
0x2c26000 0.0295 0.011 0.0032
0x2c28000 0.1405 0.118 -0.0119
0x2c2a000 0.0974 0.0972 -0.0006
0x2c2c000 0.0377 0.0431 -0.0114
0x2c2e000 0.0171 0.0162 -0.0136
0x2c30000 0.0433 0.0326 -1e-04
0x2c32000 0.0452 0.035 -0.0509
0x2c34000 0.0559 0.0793 0.0106
0x2c36000 0.0553 0.0908 -0.0047
0x2c38000 0.1606 0.0002 0.0634
0x2c40000 0.0838 0.097 0.0159
0x2c42000 0.0755 0.0784 0.0033
0x2c44000 0.1496 0.1423 -0.0356
0x2c46000 0.149 0.1322 -0.0157
0x2c48000 0.1035 0.1193 -0.0162
0x2c4a000 0.1301 0.1125 -0.0098
0x2c4c000 0.1056 0.0859 -0.0222
0x2c4e000 0.1754 0.1551 -0.0489
0x2c50000 0.0669 0.0724 -0.0313
0x2c52000 0.0259 0.0192 -0.0466
0x2c54000 0.1392 0.1071 -0.0148
0x2c56000 0.1701 0.1337 -0.026
0x2c58000 0.2189 0.1379 0.0264
0x2c60000 0.0622 0.0631 0.0093
0x2c62000 0.144 0.1261 0.0089
0x2c64000 0.1192 0.1015 -0.0045
0x2c66000 0.1164 0.1058 0.0085
0x2c68000 0.1352 0.1661 0.0293
0x2c6a000 0.0989 0.1109 0.0287
0x2c6c000 0.0882 0.1062 0.0149
0x2c6e000 0.1686 0.1554 -0.0412
0x2c70000 0.1322 0.0983 -0.0041
0x2c72000 0.1223 0.1041 -0.0421
0x2c74000 0.2568 0.2151 0.0468
0x2c76000 0.0579 0.0122 0.0148
0x2c78000 0.1004 0.0575 0.0216
0x2c80000 0.1005 0.0496 -0.0153
0x2c82000 0.156 0.0478 -0.007
0x2c84000 0.2621 0.1759 -0.0364
0x2c86000 0.2178 0.1573 -0.0436
0x2c88000 0.113 0.0351 -0.0716
0x2c8a000 0.2092 0.1173 -0.0466
0x2c8c000 0.1485 0.0562 -0.1376
0x2c8e000 0.1409 0.0497 -0.0613
0x2c90000 0.0738 0.003 -0.069
0x2c92000 0.0875 0.0533 -0.0863
0x2c94000 0.1044 0.0724 -0.1033
0x2c96000 0.0991 0.0553 -0.1207
0x2c98000 0.2194 0.1152 -0.0644
0x2ca0000 0.1296 0.0989 -0.0681
0x2ca2000 0.2165 0.0982 -0.0782
0x2ca4000 0.1659 0.0256 -0.0534
0x2ca6000 0.18 0.0039 -0.1376
0x2ca8000 0.2285 0.04 -0.0167
0x2caa000 0.2104 0.1726 -0.0816
0x2cac000 0.3007 0.1727 0.0077
0x2cae000 0.106 0.0684 -0.1005
0x2cb0000 0.2011 0.0614 -0.1025
0x2cb2000 0.1175 0.0165 -0.0514
0x2cb4000 0.2182 0.0886 -0.0967
0x2cb6000 0.1709 0.0744 -0.1456
0x2cb8000 0.1435 0.0418 -0.0939
0x3000000 0.149 0.0507 -0.0857
0x3002000 0.1474 0.1499 -0.0842
0x3004000 0.1663 0.072 0.0403
0x3006000 0.1175 0.1125 -0.1066
0x3008000 0.1457 0.1365 -0.1061
0x300a000 0.2402 0.1221 -0.0501
0x300c000 0.1673 0.04 -0.0684
0x300e000 0.1734 0.1373 -0.0647
0x3010000 0.1583 0.0689 -0.099
0x3012000 0.0985 0.0722 -0.0612
0x3014000 0.2643 0.1784 -0.1972
0x3016000 0.1938 0.1107 -0.0945
0x3018000 0.2344 0.1576 0.0027
0x3020000 0.0132 0.0304 -0.0106
0x3022000 0.0531 0.0384 -0.006
0x3024000 0 0 0.0005
0x3026000 0.0227 0.0392 0.0159
0x3028000 0.0364 0.036 -0.0121
0x302a000 0.0698 0.0746 0.0032
0x302c000 0.0471 0.0648 0.0055
0x302e000 0.058 0.0515 -0.0099
0x3030000 0.0721 0.0538 -0.0096
0x3032000 0.0618 0.0441 -0.0191
0x3034000 0.0604 0.0448 -0.0026
0x3036000 0.035 0.0289 -0.0113
0x3038000 0.0489 0.0407 -0.0046
0x3040000 0.1967 0.2238 -0.0497
0x3042000 0.2081 0.2266 -0.0084
0x3044000 0.2696 0.268 -0.0115
0x3046000 0.2371 0.2231 -0.0507
0x3048000 0.269 0.257 -0.0437
0x304a000 0.158 0.1832 -0.0233
0x304c000 0.0332 0.0564 0.0018
0x304e000 0.2013 0.1912 -0.0148
0x3050000 0.2674 0.3042 -0.0518
0x3052000 0.1799 0.1586 -0.0183
0x3054000 0.0003 0.0882 -0.0269
0x3056000 0.3415 0.3308 -0.0742
0x3058000 0.428 0.343 -0.0026
0x3060000 0.1077 0.0803 0.074
0x3062000 0.1886 0.1845 0.0415
0x3064000 0.1989 0.0876 -0.0074
0x3066000 0.1268 0.0879 0.0833
0x3068000 0.2179 0.2238 0.0218
0x306a000 0.1002 0.087 0.0256
0x306c000 0.1539 0.1221 0.0382
0x306e000 0.2229 0.2352 0.0279
0x3070000 0.2628 0.2429 0.012
0x3072000 0.1948 0.1614 -0.0214
0x3074000 0.2766 0.2823 0.0084
0x3076000 0.1906 0.1621 -0.019
0x3078000 0.2237 0.1618 0.0419
0x3080000 0.2711 0.2396 -0.0432
0x3082000 0.237 0.2356 -0.0405
0x3084000 0.14 0.1279 -0.0398
0x3086000 0.1926 0.2113 -0.0059
0x3088000 0.1936 0.2061 -0.0137
0x308a000 0.1503 0.1453 0.0097
0x308c000 0.254 0.2452 0.0187
0x308e000 0.2807 0.2546 -0.0491
0x3090000 0.2552 0.241 -0.0511
0x3092000 0.1911 0.2116 -0.0061
0x3094000 0.2813 0.2643 -0.0206
0x3096000 0.3138 0.3099 -0.0186
0x3098000 0.2022 0.2085 -0.0217
0x30a0000 0.0566 0.0362 -0.0048
0x30a2000 0.1076 0.0014 0.0095
0x30a4000 0.0791 0.0425 -0.0211
0x30a6000 0.097 0.087 -0.0623
0x30a8000 0.0515 0.0069 -0.0451
0x30aa000 0.0308 0.0191 0.015
0x30ac000 0.1284 0.094 -0.0522
0x30ae000 0.0965 0.0023 -0.0391
0x30b0000 0.2053 0.0996 -0.0957
0x30b2000 0.189 0.0971 -0.2005
0x30b4000 0.14 0.0864 -0.0496
0x30b6000 0.1494 0.1166 -0.0668
0x30b8000 0.2944 0.1463 -0.0518
0x30c0000 0.1641 0.0666 -0.078
0x30c2000 0.17 0.1058 0.0285
0x30c4000 0.1628 0.0931 -0.0368
0x30c6000 0.1813 0.1486 -0.0422
0x30c8000 0.1614 0.0929 -0.0416
0x30ca000 0.2812 0.1374 0.0317
0x30cc000 0.169 0.0619 -0.0345
0x30ce000 0.1611 0.1348 -0.0523
0x30d0000 0.1336 0.0841 -0.0642
0x30d2000 0.2286 0.1704 -0.0576
0x30d4000 0.1318 0.0532 -0.0683
0x30d6000 0.1911 0.0951 -0.0898
0x30d8000 0.1414 0.0963 -0.1023
0x30e0000 0.0656 0.0494 -0.0058
0x30e2000 0.0861 0.0652 0.0041
0x30e4000 0.0995 0.0887 0.0123
0x30e6000 0.0914 0.0697 -0.0048
0x30e8000 0.0169 0.0102 0.0089
0x30ea000 0.0387 0.0146 0.0199
0x30ec000 0.0667 0.0344 -0.0014
0x30ee000 0.1943 0.1391 -0.0005
0x30f0000 0.1217 0.0954 -0.0207
0x30f2000 0.1515 0.1218 -0.0341
0x30f4000 0.1619 0.1489 -0.0125
0x30f6000 0.109 0.0868 -0.0158
0x30f8000 0.1935 0.0927 0.0404
0x3100000 0.1757 0.1837 0.005
0x3102000 0.3089 0.2776 0.0405
0x3104000 0.0607 0.0407 -0.0016
0x3106000 0.0712 0.0598 0.0115
0x3108000 0.1204 0.1164 -0.0058
0x310a000 0.0516 0.0529 0.0124
0x310c000 0.091 0.0819 -0.0101
0x310e000 0.0532 0.042 0.008
0x3110000 0.0893 0.083 0.0074
0x3112000 0.1446 0.1016 -0.0407
0x3114000 0.0011 0.0939 0.0316
0x3116000 0.2352 0.1819 -0.0112
0x3118000 0.4028 0.2905 0.0717
0x3120000 0.1506 0.1199 -0.0294
0x3122000 0.116 0.0549 -0.0383
0x3124000 0.2087 0.1057 -0.0312
0x3126000 0.1783 0.1057 -0.06
0x3128000 0.096 0.0678 0.0545
0x312a000 0.2871 0.1767 -0.1453
0x312c000 0.2335 0.1784 -0.0212
0x312e000 0.2084 0.1615 -0.1395
0x3130000 0.1674 0.1381 -0.0496
0x3132000 0.1714 0.1748 0.043
0x3134000 0.2107 0.1446 -0.0499
0x3136000 0.0934 0.0307 -0.0754
0x3138000 0.0777 0.002 -0.0436
0x3140000 0.1704 0.0876 -0.09
0x3142000 0.1694 0.1233 -0.188
0x3144000 0.1722 0.0941 -0.0925
0x3146000 0.1352 0.0863 -0.0948
0x3148000 0.1201 0.0927 -0.0681
0x314a000 0.2631 0.1595 -0.0965
0x314c000 0.2528 0.1977 -0.0609
0x314e000 0.2078 0.1347 -0.1118
0x3150000 0.118 0.0354 -0.0714
0x3152000 0.0716 0.008 -0.0104
0x3154000 0.1587 0.0881 -0.0389
0x3156000 0.1628 0.0695 -0.1173
0x3158000 0.1687 0.0905 -0.0894
0x3160000 0.0164 0.0078 0.0079
0x3162000 0.0104 0.0123 0.0207
0x3164000 0.0711 0.0706 -0.0105
0x3166000 0.0068 0.004 0.0009
0x3168000 0.0463 0.0048 -0.0064
0x316a000 0.0698 0.0527 0.0083
0x316c000 0.0119 0.013 0.0022
0x316e000 0.0528 0.0541 -0.0136
0x3170000 0.0442 0.0414 0.0183
0x3172000 0.0395 0.0395 -0.0479
0x3174000 0.0508 0.0404 0.0137
0x3176000 0.1179 0.0918 -0.0198
0x3178000 0.1539 0.0782 0.0494
0x3180000 0.1898 0.1446 -0.0418
0x3182000 0.1461 0.1106 -0.1056
0x3184000 0.3039 0.2255 -0.0776
0x3186000 0.2789 0.2258 -0.0422
0x3188000 0.2251 0.1556 -0.0679
0x318a000 0.0944 0.0746 -0.0328
0x318c000 0.2427 0.1791 -0.0544
0x318e000 0.197 0.0803 -0.0722
0x3190000 0.2088 0.1594 -0.0909
0x3192000 0.178 0.1461 -0.0684
0x3194000 0.2631 0.1869 -0.0376
0x3196000 0.1968 0.1427 0.0145
0x3198000 0.1863 0.154 -0.0205
0x31a0000 0.0132 0.0305 -0.0106
0x31a2000 0.0531 0.0384 -0.006
0x31a4000 0.0155 0.0203 0.0078
0x31a6000 0.0227 0.0392 0.0159
0x31a8000 0.0364 0.036 -0.0121
0x31aa000 0.0698 0.0746 0.0032
0x31ac000 0.0471 0.0648 0.0055
0x31ae000 0.058 0.0515 -0.0099
0x31b0000 0.0721 0.0488 -0.0075
0x31b2000 0.0618 0.0441 -0.0191
0x31b4000 0.0604 0.0448 -0.0026
0x31b6000 0.035 0.0289 -0.0113
0x31b8000 0.0489 0.0407 -0.0046
0x31c0000 0.2114 0.1297 -0.0754
0x31c2000 0.2383 0.167 -0.095
0x31c4000 0.1602 0.1102 -0.0954
0x31c6000 0.2751 0.1855 -0.1147
0x31c8000 0.1604 0.1214 -0.0487
0x31ca000 0.2088 0.1388 -0.0702
0x31cc000 0.178 0.0441 -0.0439
0x31ce000 0.1769 0.107 -0.0347
0x31d0000 0.1131 0.0741 -0.1289
0x31d2000 0.1607 0.084 -0.1148
0x31d4000 0.1778 0.077 -0.0892
0x31d6000 0.2194 0.1045 0.0054
0x31d8000 0.1079 0.0874 -0.0998
0x31e0000 0.0491 0.0666 0.0219
0x31e2000 0.046 0.0667 0.0223
0x31e4000 0.0386 0.0329 0.0261
0x31e6000 0.0027 0.008 0.0435
0x31e8000 0.0522 0.0355 -0.028
0x31ea000 0.1093 0.0804 -0.0013
0x31ec000 0.0763 0.0204 -0.0019
0x31ee000 0.0397 0.0135 -0.0532
0x31f0000 0.0733 0.0725 -0.01
0x31f2000 0.0229 0.0399 -0.0068
0x31f4000 0.0801 0.0152 -0.0365
0x31f6000 0.1002 0.0488 -0.034
0x31f8000 0.075 0.0988 0.0061
0x3200000 0.1325 0.0623 -0.043
0x3202000 0.1864 0.1507 -0.0345
0x3204000 0.0989 0.0964 -0.0347
0x3206000 0.1875 0.1088 0.0253
0x3208000 0.225 0.145 -0.0511
0x320a000 0.136 0.0743 -0.0529
0x320c000 0.1928 0.1377 -0.0733
0x320e000 0.0966 0.0716 -0.0932
0x3210000 0.3205 0.1696 -0.0706
0x3212000 0.0903 0.0378 -0.0422
0x3214000 0.2322 0.1111 -0.1063
0x3216000 0.1282 0.1041 -0.0921
0x3218000 0.1453 0.1627 -0.077
0x3220000 1.2343 0.1753 -0.6682
0x3222000 0.499 0 -0.3812
0x3224000 0.1532 0.1572 0.0279
0x3226000 0.2089 0.2116 -0.0228
0x3228000 0.2 0.2039 0.0026
0x322a000 0.072 0.0766 0.0194
0x322c000 0.1567 0.1695 0.0083
0x322e000 0.0674 0.0626 0.0157
0x3230000 0.2176 0.223 -0.0002
0x3232000 0.0559 0.0408 -0.0319
0x3234000 0.3193 0.3371 -0.0395
0x3236000 0.1487 0.1578 -0.0043
0x3238000 0.2545 0.2401 0.0765
0x3240000 0.1547 0.1618 0.0388
0x3242000 0.1979 0.1671 0.0157
0x3244000 0.1214 0.0996 0.039
0x3246000 0.1548 0.1367 -0.0183
0x3248000 0.1451 0.1286 -0.0374
0x324a000 0.0899 0.0958 0.0069
0x324c000 0.0741 0.0884 -0.0209
0x324e000 0.1556 0.14 -0.0212
0x3250000 0.0856 0.0825 -0.0007
0x3252000 0.107 0.1258 -0.0126
0x3254000 0.0618 0.0798 -0.0289
0x3256000 0.2024 0.1998 -0.0194
0x3258000 0.2332 0.1879 0.018
0x3260000 0.271 0.1544 -0.0171
0x3262000 0.1287 0.1078 -0.0329
0x3264000 0.1963 0.1026 -0.0495
0x3266000 0.2697 0.1783 -0.0593
0x3268000 0.1741 0.0781 -0.0656
0x326a000 0.2019 0.1835 -0.0557
0x326c000 0.2148 0.1457 -0.0776
0x326e000 0.2368 0.1968 -0.0297
0x3270000 0.2198 0.1608 -0.066
0x3272000 0.2391 0.0936 -0.0224
0x3274000 0.2269 0.1541 -0.0493
0x3276000 0.2523 0.2168 -0.0397
0x3278000 0.2389 0.167 -0.0165
0x3280000 0.1905 0.2153 0.0036
0x3282000 0.1918 0.1976 0.0086
0x3284000 0.1635 0.1378 0.001
0x3286000 0.2002 0.1834 0.0131
0x3288000 0.1535 0.133 -0.0055
0x328a000 0.2302 0.2074 -0.034
0x328c000 0.2215 0.2192 -0.0006
0x328e000 0.2002 0.177 -0.0114
0x3290000 0.2251 0.2455 -0.0458
0x3292000 0.3257 0.3277 -0.0216
0x3294000 0.143 0.1705 -0.013
0x3296000 0.2008 0.1991 0.0008
0x3298000 0.2881 0.1865 0.0638
0x32a0000 0.1598 0.142 -0.0412
0x32a2000 0.1653 0.1802 0.0182
0x32a4000 0.0858 0.0622 -0.016
0x32a6000 0.1666 0.1687 -0.0245
0x32a8000 0.1011 0.0923 -0.0221
0x32aa000 0.0678 0.0772 -0.0088
0x32ac000 0.2327 0.2141 -0.0027
0x32ae000 0.1838 0.1734 -0.0086
0x32b0000 0.0956 0.1122 -0.0095
0x32b2000 0.1214 0.0892 0.0055
0x32b4000 0.1593 0.1494 0.0042
0x32b6000 0.0486 0.0504 -0.005
0x32b8000 0.0991 0.1106 0.0066
0x32c0000 0.2504 0.1699 -0.0732
0x32c2000 0.1247 0.0448 -0.0705
0x32c4000 0.1961 0.1619 -0.0492
0x32c6000 0.0902 0.0391 -0.0853
0x32c8000 0.2455 0.1497 -0.0377
0x32ca000 0.1817 0.134 -0.0151
0x32cc000 0.1543 0.0974 0.0082
0x32ce000 0.099 0.0976 -0.0984
0x32d0000 0.1301 0.0838 0.0337
0x32d2000 0.1955 0.1406 -0.0926
0x32d4000 0.1988 0.1004 -0.0412
0x32d6000 0.2132 0.0841 -0.0113
0x32d8000 0.1896 0.1238 -0.029
0x32e0000 0.0599 0.0046 -0.0401
0x32e2000 0.1104 0.1064 -0.0596
0x32e4000 0.0852 0.0328 -0.0569
0x32e6000 0.1115 0.0212 -0.0758
0x32e8000 0.0965 0.0384 -0.066
0x32ea000 0.1834 0.0566 -0.0441
0x32ec000 0.1569 0.0733 -0.0579
0x32ee000 0.1657 0.1387 -0.0656
0x32f0000 0.1017 0.0507 -0.0546
0x32f2000 0.0753 0.0282 -0.0472
0x32f4000 0.1868 0.1464 -0.0513
0x32f6000 0.2015 0.1444 -0.067
0x32f8000 0.1 0.0875 -0.0786
0x3300000 0.2322 0.1019 -0.0523
0x3302000 0.1288 0.0252 -0.0656
0x3304000 0.2954 0.2 -0.0492
0x3306000 0.118 0.0831 -0.0459
0x3308000 0.2486 0.1415 -0.0061
0x330a000 0.1339 0.0624 -0.0362
0x330c000 0.2384 0.1318 -0.022
0x330e000 0.193 0.1109 -0.0523
0x3310000 0.1633 0.1179 -0.0317
0x3312000 0.2427 0.1424 -0.0395
0x3314000 0.2137 0.1071 -0.0326
0x3316000 0.1723 0.0726 -0.098
0x3318000 0.1957 0.1179 -0.092
0x3320000 0.1359 0.1315 0.0485
0x3322000 0.1471 0.136 0.0009
0x3324000 0.1187 0.1044 0.0212
0x3326000 0.0668 0.09 -0.0012
0x3328000 0.0542 0.0559 0.0003
0x332a000 0.1433 0.1304 -0.0158
0x332c000 0.1414 0.123 -0.05
0x332e000 0.1218 0.1196 0.0078
0x3330000 0.0962 0.0808 -0.0076
0x3332000 0.0687 0.0434 0.0026
0x3334000 0.1528 0.1422 0.0157
0x3336000 0.1641 0.1701 -0.0241
0x3338000 0.1473 0.1281 0.0125
0x3340000 0.2142 0.0661 -0.0854
0x3342000 0.1861 0.1517 -0.0456
0x3344000 0.2308 0.0283 -0.0464
0x3346000 0.2071 0.1377 -0.0707
0x3348000 0.2055 0.1516 -0.0283
0x334a000 0.2121 0.143 -0.0598
0x334c000 0.1189 0.084 -0.0493
0x334e000 0.1425 0.1336 -0.0909
0x3350000 0.1543 0.1327 -0.09
0x3352000 0.0826 0.0623 -0.0984
0x3354000 0.2215 0.1866 -0.1027
0x3356000 0.2638 0.1117 -0.125
0x3358000 0.2215 0.2093 -0.0642
0x3360000 0.1502 0.0645 0.0181
0x3362000 0.1657 0.0658 0.042
0x3364000 0.1802 0.1706 -0.0547
0x3366000 0.137 0.0575 -0.0644
0x3368000 0.0368 0.0176 -0.0064
0x336a000 0.0612 0.0099 -0.0109
0x336c000 0.0734 0.0567 -0.0424
0x336e000 0.0795 0.0349 -0.0664
0x3370000 0.254 0.1483 -0.1302
0x3372000 0.1364 0.0958 -0.1395
0x3374000 0.2193 0.1985 -0.0623
0x3376000 0.1439 0.0527 -0.0603
0x3378000 0.1857 0.0917 -0.108
0x3380000 0.1949 0.1502 -0.0823
0x3382000 0.2668 0.1423 -0.0543
0x3384000 0.1891 0.183 -0.1505
0x3386000 0.1917 0.1383 -0.1202
0x3388000 0.2247 0.1437 -0.0564
0x338a000 0.1613 0.0976 -0.0868
0x338c000 0.2332 0.1345 -0.014
0x338e000 0.1519 0.0982 -0.1115
0x3390000 0.1233 0.1039 -0.0683
0x3392000 0.2134 0.1427 -0.1013
0x3394000 0.1551 0.1442 0.0556
0x3396000 0.1483 0.0734 -0.0774
0x3398000 0.1649 0.0849 -0.0234
0x33a0000 0.0854 0.0729 -0.0112
0x33a2000 0.035 0.0279 -0.0048
0x33a4000 0.0732 0.0605 -0.0018
0x33a6000 0.0026 0.0102 0.007
0x33a8000 0.0435 0.0527 -0.0028
0x33aa000 0.188 0.1749 -0.012
0x33ac000 0.0342 0.0463 0.0008
0x33ae000 0.0817 0.075 -0.0067
0x33b0000 0.08 0.0608 -0.0027
0x33b2000 0.0589 0.0581 0.0027
0x33b4000 0.0254 0.0244 -0.0063
0x33b6000 0.024 0.0054 -0.0003
0x33b8000 0.2165 0.1369 0.0418
0x33c0000 0.1419 0.096 -0.0124
0x33c2000 0.1934 0.1047 -0.0586
0x33c4000 0.0832 0.0379 -0.0807
0x33c6000 0.0458 0.0834 0.0616
0x33c8000 0.1634 0.1479 -0.1004
0x33ca000 0.1796 0.1116 -0.0703
0x33cc000 0.1887 0.1988 -0.0204
0x33ce000 0.1125 0.1254 -0.0492
0x33d0000 0.1585 0.0262 0.0574
0x33d2000 0.1682 0.1331 -0.066
0x33d4000 0.1855 0.1223 -0.045
0x33d6000 0.1681 0.1208 -0.0525
0x33d8000 0.1101 0.0775 -0.0591
0x33e0000 0.1377 0.0885 -0.0518
0x33e2000 0.2255 0.1129 -0.1354
0x33e4000 0.214 0.1349 -0.1019
0x33e6000 0.2261 0.045 -0.1309
0x33e8000 0.1221 0.0601 -0.0276
0x33ea000 0.1667 0.0815 -0.0766
0x33ec000 0.1565 0.1212 -0.0867
0x33ee000 0.1261 0.0528 -0.0913
0x33f0000 0.0822 0.0366 -0.0248
0x33f2000 0.1895 0.1252 -0.0898
0x33f4000 0.1623 0.0432 -0.1746
0x33f6000 0.1154 0.0413 -0.035
0x33f8000 0.1427 0.1445 -0.0951
0x3400000 0.1334 0.1599 0.0469
0x3402000 0.2032 0.2281 0.0357
0x3404000 0.2264 0.2316 0.0258
0x3406000 0.1796 0.1926 -0.0291
0x3408000 0.2111 0.2331 -0.0162
0x340a000 0.2761 0.2519 -0.0311
0x340c000 0.2699 0.2497 -0.0488
0x340e000 0.1864 0.1813 -0.019
0x3410000 0.1888 0.195 0.004
0x3412000 0.1773 0.2021 -0.0033
0x3414000 0.1713 0.1699 -0.0321
0x3416000 0.157 0.1679 1e-04
0x3418000 0.3456 0.2617 -0.0153
0x3420000 0.24 0.2593 0.0368
0x3422000 0.0878 0.1108 0.0293
0x3424000 0.108 0.1051 -0.0144
0x3426000 0.1924 0.1862 -0.0516
0x3428000 0.2169 0.2231 -0.0033
0x342a000 0.0895 0.0697 0.0129
0x342c000 0.0957 0.1004 -0.0726
0x342e000 0.1127 0.0952 0.024
0x3430000 0.1759 0.1886 0.0022
0x3432000 0.1486 0.1413 -0.028
0x3434000 0.1405 0.1287 -0.0472
0x3436000 0.2423 0.2243 -0.0309
0x3438000 0 0 0
0x3440000 0.0693 0.0837 1e-04
0x3442000 0.0085 0.0128 -0.0085
0x3444000 0.0228 0.0417 0.0123
0x3446000 0.0319 0.0477 0.0046
0x3448000 0.1102 0.1054 -0.0118
0x344a000 0.0481 0.0535 -0.0016
0x344c000 0.0701 0.0568 0.0026
0x344e000 0.0698 0.0986 -0.0051
0x3450000 0.0496 0.0366 0.012
0x3452000 0.025 0.0295 0.0125
0x3454000 0.0033 0.0049 -0.0113
0x3456000 0.0157 0.0088 0.005
0x3458000 0.0691 0.0758 -0.0119
0x3460000 0.263 0.2604 0.0232
0x3462000 0.0907 0.0974 0.0232
0x3464000 0.1794 0.1823 0.0017
0x3466000 0.1844 0.1522 0.0286
0x3468000 0.2927 0.2523 -0.0173
0x346a000 0.1152 0.1133 0.0146
0x346c000 0.2146 0.1895 0.0293
0x346e000 0.0948 0.099 0.0027
0x3470000 0.2596 0.2626 0.0247
0x3472000 0.0668 0.0756 -0.0048
0x3474000 0.2341 0.2211 -0.1019
0x3476000 0.1529 0.1629 -0.0124
0x3478000 0.1502 0.118 0.0372
0x3480000 0.0152 0.0366 0.0084
0x3482000 0.0094 0.0544 0.0094
0x3484000 0.0895 0.0697 -0.0193
0x3486000 0.005 0.0167 -0.0016
0x3488000 0.0439 0.04 -0.0065
0x348a000 0.0904 0.1238 -0.0058
0x348c000 0.0834 0.0605 -0.0172
0x348e000 0.0803 0.0987 0.0185
0x3490000 0.0385 0.0773 0.0281
0x3492000 0.0948 0.0783 0.0078
0x3494000 0.0118 0.0056 -0.0057
0x3496000 0.0295 0.0517 0.0169
0x3498000 0.0459 0.0563 -0.0119
0x34a0000 0 0 0
0x34a2000 0 0 0
0x34a4000 0 0 0
0x34a6000 0 0 0
0x34a8000 0 0 0
0x34aa000 0 0 0
0x34ac000 0 0 0
0x34ae000 0 0 0
0x34b0000 0 0 0
0x34b2000 0 0 0
0x34b4000 0 0 0
0x34b6000 0 0 0
0x34b8000 0 0 0
0x34c0000 0.2464 0.2592 0.005
0x34c2000 0.1583 0.1363 0.0057
0x34c4000 0.3133 0.2422 -0.1019
0x34c6000 0.2355 0.1983 -0.0553
0x34c8000 0.1938 0.192 -0.0232
0x34ca000 0.1749 0.1589 -0.0252
0x34cc000 0.304 0.2724 -0.0632
0x34ce000 0.2387 0.2303 -0.0039
0x34d0000 0.1538 0.1441 -0.02
0x34d2000 0.1194 0.1079 -0.0494
0x34d4000 0.1075 0.0726 0.0489
0x34d6000 0.0257 0.0214 0.043
0x34d8000 0.0982 0.1102 0.0421
0x34e0000 0.2682 0.2921 0.0107
0x34e2000 0.0894 0.0748 0.0284
0x34e4000 0.4142 0.411 -0.0367
0x34e6000 0.1297 0.1268 -0.0106
0x34e8000 0.3677 0.3557 -0.0011
0x34ea000 0.1306 0.1357 0.0101
0x34ec000 0.0908 0.1121 -0.0192
0x34ee000 0.425 0.3788 -0.0397
0x34f0000 0.2544 0.234 -0.0641
0x34f2000 0.1521 0.1421 -0.0693
0x34f4000 0.0774 0.1072 0.0156
0x34f6000 0.2124 0.1851 -0.0005
0x34f8000 0.473 0.3241 0.0407
0x3500000 0.0359 0.0227 -0.0012
0x3502000 0.0978 0.0645 -0.015
0x3504000 0.0406 0.0278 -0.0076
0x3506000 0.0649 0.0362 0.0017
0x3508000 0.0869 0.1133 -0.005
0x350a000 0.0688 0.0611 -0.0041
0x350c000 0.0215 0.0529 0.0023
0x350e000 0.0962 0.0831 -0.0076
0x3510000 0.0506 0.0751 -0.009
0x3512000 0.0733 0.0822 -0.0207
0x3514000 0.1058 0.0881 -0.0101
0x3516000 0.0575 0.0778 -0.0105
0x3518000 0.053 0.066 -0.016
0x3520000 0.2229 0.2299 0.0053
0x3522000 0.2677 0.2411 0.0179
0x3524000 0.2135 0.1987 -0.008
0x3526000 0.1597 0.1746 -0.0161
0x3528000 0.1689 0.1895 -0.0089
0x352a000 0.2208 0.2459 -0.0168
0x352c000 0.4967 0.5005 -0.0821
0x352e000 0.2191 0.2221 -0.046
0x3530000 0.3361 0.3502 -0.0275
0x3532000 0.3107 0.3442 -0.0424
0x3534000 0.3302 0.3276 -0.0668
0x3536000 0.3238 0.3174 -0.0591
0x3538000 0.3362 0.2766 0.0274
0x3540000 0.0555 0.0802 0.0263
0x3542000 0.0491 0.0377 0.006
0x3544000 0.0535 0.0537 -0.0115
0x3546000 0.0528 0.0695 0.0134
0x3548000 0.049 0.0143 -0.0067
0x354a000 0.0673 0.0625 -0.007
0x354c000 0.0017 0.0033 0.019
0x354e000 0.036 0.0436 0.0093
0x3550000 0.0609 0.0697 -0.0272
0x3552000 0.0304 0.0363 -0.0079
0x3554000 0.0012 0.0038 0.0035
0x3556000 0.0063 0.0231 0.0237
0x3558000 0.0852 0.0812 -0.0103
0x3560000 0.0533 0.0535 0.0103
0x3562000 0.0486 0.0289 0.001
0x3564000 0.0937 0.0653 -0.0014
0x3566000 0.1322 0.1372 0.018
0x3568000 0.144 0.1603 0.0102
0x356a000 0.1007 0.098 0.0218
0x356c000 0.1329 0.1238 0.0165
0x356e000 0.1569 0.1495 -0.0173
0x3570000 0.0706 0.0629 -0.0063
0x3572000 0.1565 0.1609 0.009
0x3574000 0.1125 0.1238 0.0285
0x3576000 0.0591 0.0727 0.0132
0x3578000 0.1051 0.102 -0.0011
0x3580000 0.2542 0.2499 -0.0177
0x3582000 0.1425 0.1465 0.0155
0x3584000 0.2546 0.2715 0.0169
0x3586000 0.2931 0.3115 0.0179
0x3588000 0.2149 0.1967 -0.0743
0x358a000 0.1859 0.2122 0.0059
0x358c000 0.1492 0.1587 0.0215
0x358e000 0.2312 0.2047 -0.0245
0x3590000 0.1029 0.117 0.0136
0x3592000 0.1679 0.1744 -0.0353
0x3594000 0.0005 0.0794 0.0212
0x3596000 0.1608 0.1494 0.0015
0x3598000 0.1707 0.1012 0.0686
0x35a0000 0.3031 0.2795 -0.0382
0x35a2000 0.3497 0.3548 -0.0039
0x35a4000 0.2041 0.2071 0.0101
0x35a6000 0.1594 0.1741 -0.0081
0x35a8000 0.2141 0.2225 0.0089
0x35aa000 0.1861 0.2219 -0.0044
0x35ac000 0.3589 0.3161 -0.0415
0x35ae000 0.2216 0.2536 -0.0156
0x35b0000 0.301 0.3272 -0.0341
0x35b2000 0.2533 0.2834 -0.0261
0x35b4000 0.1628 0.1882 -0.0173
0x35b6000 0.2605 0.2202 -0.0761
0x35b8000 0.3007 0.2211 0.0156
0x35c0000 0.2646 0.2931 0.0347
0x35c2000 0.4877 0.4825 0.0357
0x35c4000 0.1242 0.1399 -0.002
0x35c6000 0.2085 0.1994 0.0235
0x35c8000 0.1209 0.1445 0.0034
0x35ca000 0.1843 0.1902 0.018
0x35cc000 0.1862 0.1849 -0.0139
0x35ce000 0.2913 0.2907 -0.0173
0x35d0000 0.2167 0.1988 0.0015
0x35d2000 0.1434 0.1226 -0.0309
0x35d4000 0.3049 0.3162 -0.0017
0x35d6000 0.0933 0.1063 -0.0017
0x35d8000 0.2739 0.1838 0.0547
0x35e0000 0.1042 0.0646 -0.0204
0x35e2000 0.0826 0.0716 0.0076
0x35e4000 0.1635 0.1309 -0.0177
0x35e6000 0.1168 0.1178 0.0135
0x35e8000 0.0577 0.0583 0
0x35ea000 0.1732 0.173 -0.0128
0x35ec000 0.1186 0.1602 -0.0081
0x35ee000 0.061 0.055 0.0039
0x35f0000 0.1344 0.1231 -0.0007
0x35f2000 0.123 0.139 0.0026
0x35f4000 0.088 0.0728 0.0057
0x35f6000 0.085 0.0665 0.0413
0x35f8000 0.0833 0.1118 0.0044
0x3600000 0.2307 0.1365 -0.0553
0x3602000 0.2165 0.1325 -0.1107
0x3604000 0.2243 0.1436 -0.0656
0x3606000 0.2837 0.2653 -0.0803
0x3608000 0.2376 0.1329 -0.0994
0x360a000 0.1871 0.0362 -0.1208
0x360c000 0.0744 0.0571 -0.0246
0x360e000 0.2379 0.1485 -0.0918
0x3610000 0.2622 0.167 -0.0651
0x3612000 0.1757 0.1346 -0.1631
0x3614000 0.1764 0.0758 -0.0748
0x3616000 0.2284 0.1864 -0.127
0x3618000 0.1793 0.1486 -0.0407
0x3620000 0.033 0.0123 -0.0252
0x3622000 0.1624 0.1618 -0.0792
0x3624000 0.1398 0.0302 -0.0498
0x3626000 0.1711 0.1114 -0.1129
0x3628000 0.2183 0.1836 -0.1029
0x362a000 0.1887 0.0892 -0.1097
0x362c000 0.2185 0.1111 -0.1326
0x362e000 0.1963 0.0568 -0.1244
0x3630000 0.2084 0.1194 -0.1049
0x3632000 0.3637 0.2636 -0.1055
0x3634000 0.2223 0.0952 -0.145
0x3636000 0.1738 0.1073 -0.1622
0x3638000 0.1263 0.0592 -0.0999
0x3640000 0.0463 0.0403 -0.0249
0x3642000 0.0151 0.0011 0.0028
0x3644000 0.005 0.0216 0.0022
0x3646000 0.0733 0.0501 0.0032
0x3648000 0.0014 0.0122 0.0225
0x364a000 0.0451 0.019 -0.0196
0x364c000 0.0576 0.0635 0.0183
0x364e000 0.0052 0.0188 -0.0116
0x3650000 0.0254 0.0194 -0.0141
0x3652000 0.0159 0.0417 -0.0133
0x3654000 0.0653 0.0588 -0.0048
0x3656000 0.1105 0.1016 -0.016
0x3658000 0.1127 0.0957 -0.02
0x3660000 0.121 0.0851 -0.0607
0x3662000 0.1964 0.1142 -0.0748
0x3664000 0.1276 0.0064 -0.0915
0x3666000 0.073 0.1326 -0.1371
0x3668000 0.1889 0.0603 -0.0093
0x366a000 0.1971 0.097 -0.1107
0x366c000 0.1404 0.0872 -0.0113
0x366e000 0.1331 0.0034 -0.0823
0x3670000 0.1355 0.0461 -0.1394
0x3672000 0.1397 0.1121 -0.1156
0x3674000 0.1913 0.0609 -0.0784
0x3676000 0.1344 0.0763 -0.083
0x3678000 0.1729 0.1345 -0.0686
