0 0 2 0 3
0 0 4 6 2
0 0 4 8 3
0 0 4 9 3
0 0 4 10 3
0 0 4 11 3
0 0 4 12 3
0 0 5 10 3
0 0 5 16 3
0 0 6 10 3
0 0 7 7 3
0 0 7 8 3
0 0 7 9 3
0 0 8 8 3
0 0 9 12 2
0 0 11 13 3
0 0 13 9 3
0 0 14 13 2
0 1 2 0 3
0 1 12 12 3
0 1 13 11 3
1 0 0 0 3
1 0 0 1 3
1 0 0 2 3
1 0 0 3 3
1 0 0 4 3
1 0 0 5 3
1 0 0 6 3
1 0 0 7 3
1 0 0 8 3
1 0 0 9 3
1 0 0 10 3
1 0 0 11 3
1 0 0 12 3
1 0 0 13 3
1 0 0 14 3
1 0 0 15 3
1 0 0 16 3
1 0 0 17 3
1 0 0 18 3
1 0 1 0 3
1 0 1 1 3
1 0 1 2 3
1 0 1 3 3
1 0 1 4 3
1 0 1 5 3
1 0 1 6 3
1 0 1 7 3
1 0 1 8 3
1 0 1 9 3
1 0 1 10 3
1 0 1 11 3
1 0 1 12 3
1 0 1 13 3
1 0 1 14 3
1 0 1 15 3
1 0 1 16 3
1 0 1 17 3
1 0 1 18 3
1 0 1 19 3
1 0 2 1 3
1 0 2 2 3
1 0 2 3 3
1 0 2 4 3
1 0 2 5 3
1 0 2 6 3
1 0 2 7 3
1 0 2 8 3
1 0 2 9 3
1 0 2 10 3
1 0 2 11 3
1 0 2 12 3
1 0 2 13 3
1 0 2 14 3
1 0 2 15 3
1 0 2 16 3
1 0 2 17 3
1 0 2 18 3
1 0 2 19 3
1 0 3 2 3
1 0 3 3 3
1 0 3 4 3
1 0 3 5 3
1 0 3 6 3
1 0 3 7 3
1 0 3 8 3
1 0 3 9 3
1 0 3 10 3
1 0 3 11 3
1 0 3 12 3
1 0 3 13 3
1 0 3 14 3
1 0 3 15 3
1 0 3 16 3
1 0 3 17 3
1 0 3 18 3
1 0 3 19 3
1 0 4 3 3
1 0 4 4 3
1 0 4 5 3
1 0 4 6 3
1 0 4 7 3
1 0 4 8 3
1 0 4 9 3
1 0 4 10 3
1 0 4 11 3
1 0 4 12 3
1 0 4 13 3
1 0 4 14 3
1 0 4 15 3
1 0 4 16 3
1 0 4 17 3
1 0 4 18 3
1 0 4 19 3
1 0 5 3 3
1 0 5 4 3
1 0 5 5 3
1 0 5 6 3
1 0 5 7 3
1 0 5 8 3
1 0 5 9 3
1 0 5 10 3
1 0 5 11 3
1 0 5 12 3
1 0 5 13 3
1 0 5 14 3
1 0 5 15 3
1 0 5 16 3
1 0 5 17 3
1 0 5 18 3
1 0 5 19 3
1 0 6 0 3
1 0 6 5 3
1 0 6 6 3
1 0 6 7 3
1 0 6 8 3
1 0 6 9 3
1 0 6 10 3
1 0 6 11 3
1 0 6 12 3
1 0 6 13 3
1 0 6 14 3
1 0 6 15 3
1 0 6 16 3
1 0 6 17 3
1 0 6 18 3
1 0 6 19 3
1 0 6 20 3
1 0 7 1 3
1 0 7 2 3
1 0 7 3 3
1 0 7 4 3
1 0 7 5 3
1 0 7 6 3
1 0 7 7 3
1 0 7 8 3
1 0 7 9 3
1 0 7 10 3
1 0 7 11 3
1 0 7 12 3
1 0 7 13 3
1 0 7 14 3
1 0 7 15 3
1 0 7 16 3
1 0 7 17 3
1 0 7 18 3
1 0 7 19 3
1 0 7 20 3
1 0 8 3 3
1 0 8 5 3
1 0 8 6 3
1 0 8 7 3
1 0 8 8 3
1 0 8 9 3
1 0 8 10 3
1 0 8 11 3
1 0 8 12 3
1 0 8 13 3
1 0 8 14 3
1 0 8 15 3
1 0 8 16 3
1 0 8 17 3
1 0 8 18 3
1 0 8 19 3
1 0 8 20 3
1 0 9 0 3
1 0 9 3 3
1 0 9 4 3
1 0 9 8 3
1 0 9 9 3
1 0 9 10 3
1 0 9 11 3
1 0 9 12 3
1 0 9 13 3
1 0 9 14 3
1 0 9 15 3
1 0 9 16 3
1 0 9 17 3
1 0 9 18 3
1 0 9 19 3
1 0 9 20 3
1 0 10 1 3
1 0 10 2 3
1 0 10 3 3
1 0 10 6 3
1 0 10 7 3
1 0 10 9 3
1 0 10 10 3
1 0 10 11 3
1 0 10 12 3
1 0 10 13 3
1 0 10 14 3
1 0 10 15 3
1 0 10 16 3
1 0 10 17 3
1 0 10 18 3
1 0 10 19 3
1 0 10 20 3
1 0 11 3 3
1 0 11 4 3
1 0 11 11 3
1 0 11 12 3
1 0 11 13 3
1 0 11 14 3
1 0 11 15 3
1 0 11 16 3
1 0 11 17 3
1 0 11 18 3
1 0 11 19 3
1 0 11 20 3
1 0 11 21 3
1 0 12 0 3
1 0 12 12 3
1 0 12 13 3
1 0 12 14 3
1 0 12 15 3
1 0 12 16 3
1 0 12 17 3
1 0 12 18 3
1 0 12 19 3
1 0 12 20 3
1 0 12 21 3
1 0 13 14 3
1 0 13 15 3
1 0 13 16 3
1 0 13 17 3
1 0 13 18 3
1 0 13 19 3
1 0 13 20 3
1 0 13 21 3
1 0 14 15 3
1 0 14 16 3
1 0 14 17 3
1 0 14 18 3
1 0 14 19 3
1 0 14 20 3
1 0 14 21 3
1 0 15 15 3
1 0 15 16 3
1 0 15 17 3
1 0 15 18 3
1 0 15 19 3
1 0 15 20 3
1 0 15 21 3
1 0 16 7 3
1 0 16 8 3
1 0 16 9 3
1 0 16 10 3
1 0 16 11 3
1 0 16 12 3
1 0 16 13 3
1 0 16 14 3
1 0 16 15 3
1 0 16 16 3
1 0 16 17 3
1 0 16 18 3
1 0 16 19 3
1 0 16 20 3
1 0 16 21 3
1 0 16 22 3
1 0 17 8 3
1 0 17 9 3
1 0 17 10 3
1 0 17 11 3
1 0 17 12 3
1 0 17 13 3
1 0 17 14 3
1 0 17 15 3
1 0 17 16 3
1 0 17 17 3
1 0 17 18 3
1 0 17 19 3
1 0 17 20 3
1 0 17 21 3
1 0 17 22 3
1 0 18 9 3
1 0 18 10 3
1 0 18 11 3
1 0 18 12 3
1 0 18 13 3
1 0 18 14 3
1 0 18 15 3
1 0 18 16 3
1 0 18 17 3
1 0 18 18 3
1 0 18 19 3
1 0 18 20 3
1 0 18 21 3
1 0 18 22 3
1 0 19 0 3
1 0 19 9 3
1 0 19 10 3
1 0 19 11 3
1 0 19 12 3
1 0 19 13 3
1 0 19 14 3
1 0 19 15 3
1 0 19 16 3
1 0 19 17 3
1 0 19 18 3
1 0 19 19 3
1 0 19 20 3
1 0 19 21 3
1 0 19 22 3
1 0 20 0 3
1 0 20 1 3
1 0 20 2 3
1 0 20 3 3
1 0 20 4 3
1 0 20 5 3
1 0 20 6 3
1 0 20 7 3
1 0 20 8 3
1 0 20 9 3
1 0 20 10 3
1 0 20 11 3
1 0 20 12 3
1 0 20 13 3
1 0 20 14 3
1 0 20 15 3
1 0 20 16 3
1 0 20 17 3
1 0 20 18 3
1 0 20 19 3
1 0 20 20 3
1 0 20 21 3
1 0 20 22 3
1 0 21 0 3
1 0 21 1 3
1 0 21 2 3
1 0 21 3 3
1 0 21 4 3
1 0 21 5 3
1 0 21 6 3
1 0 21 7 3
1 0 21 8 3
1 0 21 9 3
1 0 21 10 3
1 0 21 11 3
1 0 21 12 3
1 0 21 13 3
1 0 21 14 3
1 0 21 15 3
1 0 21 16 3
1 0 21 17 3
1 0 21 18 3
1 0 21 19 3
1 0 21 20 3
1 0 21 21 3
1 0 21 22 3
1 0 21 23 3
1 0 22 0 3
1 0 22 1 3
1 0 22 2 3
1 0 22 3 3
1 0 22 4 3
1 0 22 5 3
1 0 22 6 3
1 0 22 7 3
1 0 22 8 3
1 0 22 9 3
1 0 22 10 3
1 0 22 11 3
1 0 22 12 3
1 0 22 13 3
1 0 22 14 3
1 0 22 15 3
1 0 22 16 3
1 0 22 17 3
1 0 22 18 3
1 0 22 19 3
1 0 22 20 3
1 0 22 21 3
1 0 22 22 3
1 0 22 23 3
1 0 23 0 3
1 0 23 1 3
1 0 23 2 3
1 0 23 3 3
1 0 23 4 3
1 0 23 5 3
1 0 23 6 3
1 0 23 7 3
1 0 23 8 3
1 0 23 9 3
1 0 23 10 3
1 0 23 11 3
1 0 23 12 3
1 0 23 13 3
1 0 23 14 3
1 0 23 15 3
1 0 23 16 3
1 0 23 17 3
1 0 23 18 3
1 0 23 19 3
1 0 23 20 3
1 0 23 21 3
1 0 23 22 3
1 1 4 11 2
1 1 4 12 2
1 1 4 13 2
1 1 4 14 2
1 1 5 12 2
1 1 5 13 2
1 1 5 14 2
1 1 5 15 2
1 1 6 0 3
1 1 6 1 3
1 1 6 13 2
1 1 6 14 2
1 1 6 15 2
1 1 6 16 2
1 1 7 13 2
1 1 7 14 2
1 1 7 15 2
1 1 7 16 2
1 1 8 16 2
1 1 9 10 2
1 1 9 15 2
1 1 9 19 3
1 1 10 19 3
1 1 11 14 2
1 1 11 18 3
1 1 12 21 2
1 1 13 20 2
1 1 14 18 2
1 1 14 20 2
1 1 15 19 2
1 1 16 19 2
1 1 16 20 2
1 1 16 21 2
1 1 16 22 2
1 1 17 10 3
1 1 17 20 2
1 1 17 21 2
1 1 17 22 2
1 1 18 20 2
1 1 18 21 2
1 1 18 22 2
1 1 19 20 2
1 1 19 21 2
1 1 19 22 2
1 1 20 21 2
1 1 20 22 2
2 0 1 0 3
2 0 1 4 2
2 0 2 4 2
2 0 2 5 2
2 0 2 6 2
2 0 2 7 2
2 0 3 3 2
2 0 3 4 2
2 0 3 5 2
2 0 3 6 2
2 0 4 12 2
2 0 4 13 2
2 0 4 14 2
2 0 4 23 3
2 0 5 12 2
2 0 5 13 2
2 0 5 14 2
2 0 6 12 2
2 0 6 13 2
2 0 6 14 2
2 0 6 15 2
2 0 7 12 2
2 0 7 13 2
2 0 7 14 2
2 0 8 16 2
2 0 8 19 3
2 0 9 23 3
2 0 11 15 3
2 0 14 13 3
2 0 15 0 2
2 0 16 3 2
2 0 17 11 3
2 0 18 15 3
2 0 18 20 3
2 0 18 22 3
2 0 19 22 3
2 0 19 24 3
2 0 21 5 3
2 0 23 0 2
2 0 26 0 2
2 0 27 0 2
2 0 28 0 2
2 1 0 7 2
2 1 0 16 3
2 1 2 17 3
2 1 2 21 2
2 1 4 8 3
2 1 4 9 3
2 1 4 10 3
2 1 4 11 3
2 1 5 9 3
2 1 5 10 3
2 1 5 11 3
2 1 6 8 3
2 1 6 9 3
2 1 6 10 3
2 1 6 11 3
2 1 7 8 3
2 1 7 9 3
2 1 7 10 3
2 1 7 11 3
2 1 8 0 3
2 1 8 2 3
2 1 9 0 3
2 1 9 2 3
2 1 10 0 3
2 1 10 2 3
2 1 11 2 3
2 1 18 10 2
2 1 18 12 2
2 1 19 10 2
2 1 19 12 2
2 1 20 10 2
2 1 20 12 2
2 1 21 10 2
2 1 21 12 2
2 1 27 19 3
2 1 27 25 3
2 1 29 27 3
