5 174 583 PS_STATE__BOS1A02_1 302 1053 
6 174 583 PS_STATE__BOS1A02_2 302 1054 
7 180 595 PS_STATE__BOS2A02_1 302 1077 
8 180 595 PS_STATE__BOS2A02_2 302 1078 
9 186 607 PS_STATE__BOS3A02_1 302 1101 
10 186 607 PS_STATE__BOS3A02_2 302 1102 
11 192 619 PS_STATE__BOS4A02_1 302 1125 
12 192 619 PS_STATE__BOS4A02_2 302 1126 
13 198 631 PS_STATE__BOS5A02_1 302 1149 
14 198 631 PS_STATE__BOS5A02_2 302 1150 
15 204 643 PS_STATE__BOS6A02_1 302 1173 
16 204 643 PS_STATE__BOS6A02_2 302 1174 
21 220 2 PS_STATE__BEE1A02_1 302 1 
22 221 3 PS_STATE__BEE1A04_1 302 2 
23 222 4 PS_STATE__BEE1A06_1 302 1197 
24 223 5 PS_STATE__BEE1A08_1 302 1198 
25 224 6 PS_STATE__BEE1A10_1 302 1199 
26 225 7 PS_STATE__BEE1A12_1 302 1200 
27 226 8 PS_STATE__BEE1A14_1 302 1201 
28 227 9 PS_STATE__BEE1A16_1 302 1202 
29 228 10 PS_STATE__BEE1C02_1 303 1203 
30 229 11 PS_STATE__BEE1C04_1 303 1204 
31 230 12 PS_STATE__BEE1C06_1 303 1205 
32 231 13 PS_STATE__BEE1C08_1 303 1206 
33 232 14 PS_STATE__BEE1C10_1 303 1207 
34 233 15 PS_STATE__BEE1C12_1 303 1208 
35 234 16 PS_STATE__BEE1C14_1 303 1209 
36 235 17 PS_STATE__BEE1C16_1 303 1210 
37 236 18 PS_STATE__BEE2A02_1 302 3 
38 237 19 PS_STATE__BEE2A04_1 302 4 
39 238 20 PS_STATE__BEE2A06_1 302 1211 
40 239 21 PS_STATE__BEE2A08_1 302 1212 
41 240 22 PS_STATE__BEE2A10_1 302 1213 
42 241 23 PS_STATE__BEE2A12_1 302 1214 
43 242 24 PS_STATE__BEE2A14_1 302 1215 
44 243 25 PS_STATE__BEE2A16_1 302 1216 
45 244 26 PS_STATE__BEE2C02_1 303 1217 
46 245 27 PS_STATE__BEE2C04_1 303 1218 
47 246 28 PS_STATE__BEE2C06_1 303 1219 
48 247 29 PS_STATE__BEE2C08_1 303 1220 
49 248 30 PS_STATE__BEE2C10_1 303 1221 
50 249 31 PS_STATE__BEE2C12_1 303 1222 
51 250 32 PS_STATE__BEE2C14_1 303 1223 
52 251 33 PS_STATE__BEE2C16_1 303 1224 
53 39 34 PS_STATE__BIL1A01_1 302 13 
54 39 34 PS_STATE__BIL1A01_2 302 14 
55 40 35 PS_STATE__BIL1A03_1 302 15 
56 40 35 PS_STATE__BIL1A03_2 302 16 
57 41 36 PS_STATE__BIL1A05_1 302 17 
58 41 36 PS_STATE__BIL1A05_2 302 18 
59 42 37 PS_STATE__BIL1A07_1 302 19 
60 42 37 PS_STATE__BIL1A07_2 302 20 
61 43 38 PS_STATE__BIL1A09_1 302 21 
62 43 38 PS_STATE__BIL1A09_2 302 22 
63 9 39 PS_STATE__BIL1A13_1 302 23 
64 9 39 PS_STATE__BIL1A13_2 302 24 
65 252 40 PS_STATE__BIL1C01_1 303 25 
66 252 40 PS_STATE__BIL1C01_2 303 26 
67 253 41 PS_STATE__BIL1C03_1 303 27 
68 253 41 PS_STATE__BIL1C03_2 303 28 
69 254 42 PS_STATE__BIL1C05_1 303 29 
70 254 42 PS_STATE__BIL1C05_2 303 30 
71 255 43 PS_STATE__BIL1C07_1 303 31 
72 255 43 PS_STATE__BIL1C07_2 303 32 
73 256 44 PS_STATE__BIL1C09_1 303 33 
74 256 44 PS_STATE__BIL1C09_2 303 34 
75 257 45 PS_STATE__BIL1C13_1 303 35 
76 257 45 PS_STATE__BIL1C13_2 303 36 
77 44 46 PS_STATE__BIL2A01_1 302 37 
78 44 46 PS_STATE__BIL2A01_2 302 38 
79 45 47 PS_STATE__BIL2A03_1 302 39 
80 45 47 PS_STATE__BIL2A03_2 302 40 
81 46 48 PS_STATE__BIL2A05_1 302 41 
82 46 48 PS_STATE__BIL2A05_2 302 42 
83 47 49 PS_STATE__BIL2A07_1 302 43 
84 47 49 PS_STATE__BIL2A07_2 302 44 
85 48 50 PS_STATE__BIL2A09_1 302 45 
86 48 50 PS_STATE__BIL2A09_2 302 46 
87 10 51 PS_STATE__BIL2A13_1 302 47 
88 10 51 PS_STATE__BIL2A13_2 302 48 
89 258 52 PS_STATE__BIL2C01_1 303 49 
90 258 52 PS_STATE__BIL2C01_2 303 50 
91 259 53 PS_STATE__BIL2C03_1 303 51 
92 259 53 PS_STATE__BIL2C03_2 303 52 
93 260 54 PS_STATE__BIL2C05_1 303 53 
94 260 54 PS_STATE__BIL2C05_2 303 54 
95 261 55 PS_STATE__BIL2C07_1 303 55 
96 261 55 PS_STATE__BIL2C07_2 303 56 
97 262 56 PS_STATE__BIL2C09_1 303 57 
98 262 56 PS_STATE__BIL2C09_2 303 58 
99 263 57 PS_STATE__BIL2C13_1 303 59 
100 263 57 PS_STATE__BIL2C13_2 303 60 
101 49 58 PS_STATE__BIL3A01_1 302 61 
102 49 58 PS_STATE__BIL3A01_2 302 62 
103 50 59 PS_STATE__BIL3A03_1 302 63 
104 50 59 PS_STATE__BIL3A03_2 302 64 
105 51 60 PS_STATE__BIL3A05_1 302 65 
106 51 60 PS_STATE__BIL3A05_2 302 66 
107 52 61 PS_STATE__BIL3A07_1 302 67 
108 52 61 PS_STATE__BIL3A07_2 302 68 
109 53 62 PS_STATE__BIL3A09_1 302 69 
110 53 62 PS_STATE__BIL3A09_2 302 70 
111 11 63 PS_STATE__BIL3A13_1 302 71 
112 11 63 PS_STATE__BIL3A13_2 302 72 
113 264 64 PS_STATE__BIL3C01_1 303 73 
114 264 64 PS_STATE__BIL3C01_2 303 74 
115 265 65 PS_STATE__BIL3C03_1 303 75 
116 265 65 PS_STATE__BIL3C03_2 303 76 
117 266 66 PS_STATE__BIL3C05_1 303 77 
118 266 66 PS_STATE__BIL3C05_2 303 78 
119 267 67 PS_STATE__BIL3C07_1 303 79 
120 267 67 PS_STATE__BIL3C07_2 303 80 
121 268 68 PS_STATE__BIL3C09_1 303 81 
122 268 68 PS_STATE__BIL3C09_2 303 82 
123 269 69 PS_STATE__BIL3C13_1 303 83 
124 269 69 PS_STATE__BIL3C13_2 303 84 
125 54 70 PS_STATE__BIL4A01_1 302 85 
126 54 70 PS_STATE__BIL4A01_2 302 86 
127 55 71 PS_STATE__BIL4A03_1 302 87 
128 55 71 PS_STATE__BIL4A03_2 302 88 
129 56 72 PS_STATE__BIL4A05_1 302 89 
130 56 72 PS_STATE__BIL4A05_2 302 90 
131 57 73 PS_STATE__BIL4A07_1 302 91 
132 57 73 PS_STATE__BIL4A07_2 302 92 
133 58 74 PS_STATE__BIL4A09_1 302 93 
134 58 74 PS_STATE__BIL4A09_2 302 94 
135 12 75 PS_STATE__BIL4A13_1 302 95 
136 12 75 PS_STATE__BIL4A13_2 302 96 
137 270 76 PS_STATE__BIL4C01_1 303 97 
138 270 76 PS_STATE__BIL4C01_2 303 98 
139 271 77 PS_STATE__BIL4C03_1 303 99 
140 271 77 PS_STATE__BIL4C03_2 303 100 
141 272 78 PS_STATE__BIL4C05_1 303 101 
142 272 78 PS_STATE__BIL4C05_2 303 102 
143 273 79 PS_STATE__BIL4C07_1 303 103 
144 273 79 PS_STATE__BIL4C07_2 303 104 
145 274 80 PS_STATE__BIL4C09_1 303 105 
146 274 80 PS_STATE__BIL4C09_2 303 106 
147 275 81 PS_STATE__BIL4C13_1 303 107 
148 275 81 PS_STATE__BIL4C13_2 303 108 
149 59 82 PS_STATE__BIL5A01_1 302 109 
150 59 82 PS_STATE__BIL5A01_2 302 110 
151 60 83 PS_STATE__BIL5A03_1 302 111 
152 60 83 PS_STATE__BIL5A03_2 302 112 
153 61 84 PS_STATE__BIL5A05_1 302 113 
154 61 84 PS_STATE__BIL5A05_2 302 114 
155 62 85 PS_STATE__BIL5A07_1 302 115 
156 62 85 PS_STATE__BIL5A07_2 302 116 
157 63 86 PS_STATE__BIL5A09_1 302 117 
158 63 86 PS_STATE__BIL5A09_2 302 118 
159 13 87 PS_STATE__BIL5A13_1 302 119 
160 13 87 PS_STATE__BIL5A13_2 302 120 
161 276 88 PS_STATE__BIL5C01_1 303 121 
162 276 88 PS_STATE__BIL5C01_2 303 122 
163 277 89 PS_STATE__BIL5C03_1 303 123 
164 277 89 PS_STATE__BIL5C03_2 303 124 
165 278 90 PS_STATE__BIL5C05_1 303 125 
166 278 90 PS_STATE__BIL5C05_2 303 126 
167 279 91 PS_STATE__BIL5C07_1 303 127 
168 279 91 PS_STATE__BIL5C07_2 303 128 
169 280 92 PS_STATE__BIL5C09_1 303 129 
170 280 92 PS_STATE__BIL5C09_2 303 130 
171 281 93 PS_STATE__BIL5C13_1 303 131 
172 281 93 PS_STATE__BIL5C13_2 303 132 
173 64 94 PS_STATE__BIL6A01_1 302 133 
174 64 94 PS_STATE__BIL6A01_2 302 134 
175 65 95 PS_STATE__BIL6A03_1 302 135 
176 65 95 PS_STATE__BIL6A03_2 302 136 
177 66 96 PS_STATE__BIL6A05_1 302 137 
178 66 96 PS_STATE__BIL6A05_2 302 138 
179 67 97 PS_STATE__BIL6A07_1 302 139 
180 67 97 PS_STATE__BIL6A07_2 302 140 
181 68 98 PS_STATE__BIL6A09_1 302 141 
182 68 98 PS_STATE__BIL6A09_2 302 142 
183 14 953 PS_STATE__BIL6A13_1 302 143 
184 14 953 PS_STATE__BIL6A13_2 302 144 
185 282 99 PS_STATE__BIL6C01_1 303 145 
186 282 99 PS_STATE__BIL6C01_2 303 146 
187 283 100 PS_STATE__BIL6C03_1 303 147 
188 283 100 PS_STATE__BIL6C03_2 303 148 
189 284 101 PS_STATE__BIL6C05_1 303 149 
190 284 101 PS_STATE__BIL6C05_2 303 150 
191 285 102 PS_STATE__BIL6C07_1 303 151 
192 285 102 PS_STATE__BIL6C07_2 303 152 
193 286 103 PS_STATE__BIL6C09_1 303 153 
194 286 103 PS_STATE__BIL6C09_2 303 154 
195 287 954 PS_STATE__BIL6C13_1 303 155 
196 287 954 PS_STATE__BIL6C13_2 303 156 
197 288 104 PS_STATE__BIM1A11_1 302 157 
198 288 104 PS_STATE__BIM1A11_2 302 158 
199 289 105 PS_STATE__BIM1A15_1 302 159 
200 289 105 PS_STATE__BIM1A15_2 302 160 
201 290 106 PS_STATE__BIM1C11_1 303 161 
202 290 106 PS_STATE__BIM1C11_2 303 162 
203 291 107 PS_STATE__BIM1C15_1 303 163 
204 291 107 PS_STATE__BIM1C15_2 303 164 
205 292 108 PS_STATE__BIM2A11_1 302 165 
206 292 108 PS_STATE__BIM2A11_2 302 166 
207 293 109 PS_STATE__BIM2A15_1 302 167 
208 293 109 PS_STATE__BIM2A15_2 302 168 
209 294 110 PS_STATE__BIM2C11_1 303 169 
210 294 110 PS_STATE__BIM2C11_2 303 170 
211 295 111 PS_STATE__BIM2C15_1 303 171 
212 295 111 PS_STATE__BIM2C15_2 303 172 
213 296 112 PS_STATE__BIM3A11_1 302 173 
214 296 112 PS_STATE__BIM3A11_2 302 174 
215 297 113 PS_STATE__BIM3A15_1 302 175 
216 297 113 PS_STATE__BIM3A15_2 302 176 
217 298 114 PS_STATE__BIM3C11_1 303 177 
218 298 114 PS_STATE__BIM3C11_2 303 178 
219 299 115 PS_STATE__BIM3C15_1 303 179 
220 299 115 PS_STATE__BIM3C15_2 303 180 
221 300 116 PS_STATE__BIM4A11_1 302 181 
222 300 116 PS_STATE__BIM4A11_2 302 182 
223 301 117 PS_STATE__BIM4A15_1 302 183 
224 301 117 PS_STATE__BIM4A15_2 302 184 
225 302 118 PS_STATE__BIM4C11_1 303 185 
226 302 118 PS_STATE__BIM4C11_2 303 186 
227 303 119 PS_STATE__BIM4C15_1 303 187 
228 303 119 PS_STATE__BIM4C15_2 303 188 
229 304 120 PS_STATE__BIM5A11_1 302 189 
230 304 120 PS_STATE__BIM5A11_2 302 190 
231 305 121 PS_STATE__BIM5A15_1 302 191 
232 305 121 PS_STATE__BIM5A15_2 302 192 
233 306 122 PS_STATE__BIM5C11_1 303 193 
234 306 122 PS_STATE__BIM5C11_2 303 194 
235 307 123 PS_STATE__BIM5C15_1 303 195 
236 307 123 PS_STATE__BIM5C15_2 303 196 
237 69 124 PS_STATE__BIR1A11_1 302 197 
238 69 124 PS_STATE__BIR1A11_2 302 198 
239 70 125 PS_STATE__BIR1A15_1 302 199 
240 70 125 PS_STATE__BIR1A15_2 302 200 
241 308 126 PS_STATE__BIR1C11_1 303 201 
242 308 126 PS_STATE__BIR1C11_2 303 202 
243 309 127 PS_STATE__BIR1C15_1 303 203 
244 309 127 PS_STATE__BIR1C15_2 303 204 
245 71 128 PS_STATE__BIR2A11_1 302 205 
246 71 128 PS_STATE__BIR2A11_2 302 206 
247 72 129 PS_STATE__BIR2A15_1 302 207 
248 72 129 PS_STATE__BIR2A15_2 302 208 
249 310 130 PS_STATE__BIR2C11_1 303 209 
250 310 130 PS_STATE__BIR2C11_2 303 210 
251 311 131 PS_STATE__BIR2C15_1 303 211 
252 311 131 PS_STATE__BIR2C15_2 303 212 
253 73 132 PS_STATE__BIR3A11_1 302 213 
254 73 132 PS_STATE__BIR3A11_2 302 214 
255 74 133 PS_STATE__BIR3A15_1 302 215 
256 74 133 PS_STATE__BIR3A15_2 302 216 
257 312 134 PS_STATE__BIR3C11_1 303 217 
258 312 134 PS_STATE__BIR3C11_2 303 218 
259 313 135 PS_STATE__BIR3C15_1 303 219 
260 313 135 PS_STATE__BIR3C15_2 303 220 
261 75 136 PS_STATE__BIR4A11_1 302 221 
262 75 136 PS_STATE__BIR4A11_2 302 222 
263 76 137 PS_STATE__BIR4A15_1 302 223 
264 76 137 PS_STATE__BIR4A15_2 302 224 
265 314 138 PS_STATE__BIR4C11_1 303 225 
266 314 138 PS_STATE__BIR4C11_2 303 226 
267 315 139 PS_STATE__BIR4C15_1 303 227 
268 315 139 PS_STATE__BIR4C15_2 303 228 
269 316 140 PS_STATE__BIR5A11_1 302 229 
270 316 140 PS_STATE__BIR5A11_2 302 230 
271 317 141 PS_STATE__BIR5A15_1 302 231 
272 317 141 PS_STATE__BIR5A15_2 302 232 
273 318 142 PS_STATE__BIR5C11_1 303 233 
274 318 142 PS_STATE__BIR5C11_2 303 234 
275 319 143 PS_STATE__BIR5C15_1 303 235 
276 319 143 PS_STATE__BIR5C15_2 303 236 
277 320 144 PS_STATE__BIR6A11_1 302 237 
278 320 144 PS_STATE__BIR6A11_2 302 238 
279 77 145 PS_STATE__BIR6A15_1 302 239 
280 77 145 PS_STATE__BIR6A15_2 302 240 
281 321 146 PS_STATE__BIR6C11_1 303 241 
282 321 146 PS_STATE__BIR6C11_2 303 242 
283 322 147 PS_STATE__BIR6C15_1 303 243 
284 322 147 PS_STATE__BIR6C15_2 303 244 
285 78 148 PS_STATE__BIS1A02_1 302 245 
286 78 148 PS_STATE__BIS1A02_2 302 246 
287 79 149 PS_STATE__BIS1A04_1 302 247 
288 79 149 PS_STATE__BIS1A04_2 302 248 
289 80 150 PS_STATE__BIS1A06_1 302 249 
290 80 150 PS_STATE__BIS1A06_2 302 250 
291 81 151 PS_STATE__BIS1A08_1 302 251 
292 81 151 PS_STATE__BIS1A08_2 302 252 
293 82 152 PS_STATE__BIS1A10_1 302 253 
294 82 152 PS_STATE__BIS1A10_2 302 254 
295 83 153 PS_STATE__BIS1A12_1 302 255 
296 83 153 PS_STATE__BIS1A12_2 302 256 
297 15 154 PS_STATE__BIS1A14_1 302 257 
298 15 154 PS_STATE__BIS1A14_2 302 258 
299 84 155 PS_STATE__BIS1A16_1 302 259 
300 84 155 PS_STATE__BIS1A16_2 302 260 
301 323 156 PS_STATE__BIS1C02_1 303 261 
302 323 156 PS_STATE__BIS1C02_2 303 262 
303 324 157 PS_STATE__BIS1C04_1 303 263 
304 324 157 PS_STATE__BIS1C04_2 303 264 
305 325 158 PS_STATE__BIS1C06_1 303 265 
306 325 158 PS_STATE__BIS1C06_2 303 266 
307 326 159 PS_STATE__BIS1C08_1 303 267 
308 326 159 PS_STATE__BIS1C08_2 303 268 
309 327 160 PS_STATE__BIS1C10_1 303 269 
310 327 160 PS_STATE__BIS1C10_2 303 270 
311 328 161 PS_STATE__BIS1C12_1 303 271 
312 328 161 PS_STATE__BIS1C12_2 303 272 
313 329 162 PS_STATE__BIS1C14_1 303 273 
314 329 162 PS_STATE__BIS1C14_2 303 274 
315 330 163 PS_STATE__BIS1C16_1 303 275 
316 330 163 PS_STATE__BIS1C16_2 303 276 
317 85 164 PS_STATE__BIS2A02_1 302 277 
318 85 164 PS_STATE__BIS2A02_2 302 278 
319 331 165 PS_STATE__BIS2A04_1 302 279 
320 331 165 PS_STATE__BIS2A04_2 302 280 
321 332 166 PS_STATE__BIS2A06_1 302 281 
322 332 166 PS_STATE__BIS2A06_2 302 282 
323 333 167 PS_STATE__BIS2A08_1 302 283 
324 333 167 PS_STATE__BIS2A08_2 302 284 
325 334 168 PS_STATE__BIS2A10_1 302 285 
326 334 168 PS_STATE__BIS2A10_2 302 286 
327 335 169 PS_STATE__BIS2A12_1 302 287 
328 335 169 PS_STATE__BIS2A12_2 302 288 
329 16 170 PS_STATE__BIS2A14_1 302 289 
330 16 170 PS_STATE__BIS2A14_2 302 290 
331 86 171 PS_STATE__BIS2A16_1 302 291 
332 86 171 PS_STATE__BIS2A16_2 302 292 
333 336 172 PS_STATE__BIS2C02_1 303 293 
334 336 172 PS_STATE__BIS2C02_2 303 294 
335 337 173 PS_STATE__BIS2C04_1 303 295 
336 337 173 PS_STATE__BIS2C04_2 303 296 
337 338 174 PS_STATE__BIS2C06_1 303 297 
338 338 174 PS_STATE__BIS2C06_2 303 298 
339 339 175 PS_STATE__BIS2C08_1 303 299 
340 339 175 PS_STATE__BIS2C08_2 303 300 
341 340 176 PS_STATE__BIS2C10_1 303 301 
342 340 176 PS_STATE__BIS2C10_2 303 302 
343 341 177 PS_STATE__BIS2C12_1 303 303 
344 341 177 PS_STATE__BIS2C12_2 303 304 
345 342 178 PS_STATE__BIS2C14_1 303 305 
346 342 178 PS_STATE__BIS2C14_2 303 306 
347 343 179 PS_STATE__BIS2C16_1 303 307 
348 343 179 PS_STATE__BIS2C16_2 303 308 
349 87 180 PS_STATE__BIS3A02_1 302 309 
350 87 180 PS_STATE__BIS3A02_2 302 310 
351 88 181 PS_STATE__BIS3A04_1 302 311 
352 88 181 PS_STATE__BIS3A04_2 302 312 
353 89 182 PS_STATE__BIS3A06_1 302 313 
354 89 182 PS_STATE__BIS3A06_2 302 314 
355 90 183 PS_STATE__BIS3A08_1 302 315 
356 90 183 PS_STATE__BIS3A08_2 302 316 
357 91 184 PS_STATE__BIS3A10_1 302 317 
358 91 184 PS_STATE__BIS3A10_2 302 318 
359 92 185 PS_STATE__BIS3A12_1 302 319 
360 92 185 PS_STATE__BIS3A12_2 302 320 
361 17 186 PS_STATE__BIS3A14_1 302 321 
362 17 186 PS_STATE__BIS3A14_2 302 322 
363 93 187 PS_STATE__BIS3A16_1 302 323 
364 93 187 PS_STATE__BIS3A16_2 302 324 
365 344 188 PS_STATE__BIS3C02_1 303 325 
366 344 188 PS_STATE__BIS3C02_2 303 326 
367 345 189 PS_STATE__BIS3C04_1 303 327 
368 345 189 PS_STATE__BIS3C04_2 303 328 
369 346 190 PS_STATE__BIS3C06_1 303 329 
370 346 190 PS_STATE__BIS3C06_2 303 330 
371 347 191 PS_STATE__BIS3C08_1 303 331 
372 347 191 PS_STATE__BIS3C08_2 303 332 
373 348 192 PS_STATE__BIS3C10_1 303 333 
374 348 192 PS_STATE__BIS3C10_2 303 334 
375 349 193 PS_STATE__BIS3C12_1 303 335 
376 349 193 PS_STATE__BIS3C12_2 303 336 
377 350 194 PS_STATE__BIS3C14_1 303 337 
378 350 194 PS_STATE__BIS3C14_2 303 338 
379 351 195 PS_STATE__BIS3C16_1 303 339 
380 351 195 PS_STATE__BIS3C16_2 303 340 
381 94 196 PS_STATE__BIS4A02_1 302 341 
382 94 196 PS_STATE__BIS4A02_2 302 342 
383 95 197 PS_STATE__BIS4A04_1 302 343 
384 95 197 PS_STATE__BIS4A04_2 302 344 
385 352 198 PS_STATE__BIS4A06_1 302 345 
386 352 198 PS_STATE__BIS4A06_2 302 346 
387 353 199 PS_STATE__BIS4A08_1 302 347 
388 353 199 PS_STATE__BIS4A08_2 302 348 
389 354 200 PS_STATE__BIS4A10_1 302 349 
390 355 201 PS_STATE__BIS4A12_1 302 351 
391 355 201 PS_STATE__BIS4A12_2 302 352 
392 18 202 PS_STATE__BIS4A14_1 302 353 
393 18 202 PS_STATE__BIS4A14_2 302 354 
394 96 203 PS_STATE__BIS4A16_1 302 355 
395 96 203 PS_STATE__BIS4A16_2 302 356 
396 356 204 PS_STATE__BIS4C02_1 303 357 
397 356 204 PS_STATE__BIS4C02_2 303 358 
398 357 205 PS_STATE__BIS4C04_1 303 359 
399 357 205 PS_STATE__BIS4C04_2 303 360 
400 358 206 PS_STATE__BIS4C06_1 303 361 
401 358 206 PS_STATE__BIS4C06_2 303 362 
402 359 207 PS_STATE__BIS4C08_1 303 363 
403 359 207 PS_STATE__BIS4C08_2 303 364 
404 360 208 PS_STATE__BIS4C10_1 303 365 
405 360 208 PS_STATE__BIS4C10_2 303 366 
406 361 209 PS_STATE__BIS4C12_1 303 367 
407 361 209 PS_STATE__BIS4C12_2 303 368 
408 362 210 PS_STATE__BIS4C14_1 303 369 
409 362 210 PS_STATE__BIS4C14_2 303 370 
410 363 211 PS_STATE__BIS4C16_1 303 371 
411 363 211 PS_STATE__BIS4C16_2 303 372 
412 97 212 PS_STATE__BIS5A02_1 302 373 
413 97 212 PS_STATE__BIS5A02_2 302 374 
414 98 213 PS_STATE__BIS5A04_1 302 375 
415 98 213 PS_STATE__BIS5A04_2 302 376 
416 99 214 PS_STATE__BIS5A06_1 302 377 
417 99 214 PS_STATE__BIS5A06_2 302 378 
418 100 215 PS_STATE__BIS5A08_1 302 379 
419 100 215 PS_STATE__BIS5A08_2 302 380 
420 364 216 PS_STATE__BIS5A10_1 302 381 
421 364 216 PS_STATE__BIS5A10_2 302 382 
422 365 217 PS_STATE__BIS5A12_1 302 383 
423 365 217 PS_STATE__BIS5A12_2 302 384 
424 19 218 PS_STATE__BIS5A14_1 302 385 
425 19 218 PS_STATE__BIS5A14_2 302 386 
426 366 219 PS_STATE__BIS5A16_1 302 387 
427 366 219 PS_STATE__BIS5A16_2 302 388 
428 367 220 PS_STATE__BIS5C02_1 303 389 
429 367 220 PS_STATE__BIS5C02_2 303 390 
430 368 221 PS_STATE__BIS5C04_1 303 391 
431 368 221 PS_STATE__BIS5C04_2 303 392 
432 369 222 PS_STATE__BIS5C06_1 303 393 
433 369 222 PS_STATE__BIS5C06_2 303 394 
434 370 1 PS_STATE__BIS5C08_1 303 395 
435 370 1 PS_STATE__BIS5C08_2 303 396 
436 371 223 PS_STATE__BIS5C10_1 303 397 
437 371 223 PS_STATE__BIS5C10_2 303 398 
438 372 224 PS_STATE__BIS5C12_1 303 399 
439 372 224 PS_STATE__BIS5C12_2 303 400 
440 373 225 PS_STATE__BIS5C14_1 303 401 
441 373 225 PS_STATE__BIS5C14_2 303 402 
442 374 226 PS_STATE__BIS5C16_1 303 403 
443 374 226 PS_STATE__BIS5C16_2 303 404 
444 375 227 PS_STATE__BIS6A02_1 302 405 
445 375 227 PS_STATE__BIS6A02_2 302 406 
446 101 228 PS_STATE__BIS6A04_1 302 407 
447 101 228 PS_STATE__BIS6A04_2 302 408 
448 102 229 PS_STATE__BIS6A06_1 302 409 
449 102 229 PS_STATE__BIS6A06_2 302 410 
450 103 230 PS_STATE__BIS6A08_1 302 411 
451 103 230 PS_STATE__BIS6A08_2 302 412 
452 104 231 PS_STATE__BIS6A10_1 302 413 
453 104 231 PS_STATE__BIS6A10_2 302 414 
454 105 232 PS_STATE__BIS6A12_1 302 415 
455 105 232 PS_STATE__BIS6A12_2 302 416 
456 20 233 PS_STATE__BIS6A14_1 302 417 
457 20 233 PS_STATE__BIS6A14_2 302 418 
458 376 234 PS_STATE__BIS6A16_1 302 419 
459 376 234 PS_STATE__BIS6A16_2 302 420 
460 377 235 PS_STATE__BIS6C02_1 303 421 
461 377 235 PS_STATE__BIS6C02_2 303 422 
462 378 236 PS_STATE__BIS6C04_1 303 423 
463 378 236 PS_STATE__BIS6C04_2 303 424 
464 379 237 PS_STATE__BIS6C06_1 303 425 
465 379 237 PS_STATE__BIS6C06_2 303 426 
466 380 238 PS_STATE__BIS6C08_1 303 427 
467 380 238 PS_STATE__BIS6C08_2 303 428 
468 381 239 PS_STATE__BIS6C10_1 303 429 
469 381 239 PS_STATE__BIS6C10_2 303 430 
470 382 240 PS_STATE__BIS6C12_1 303 431 
471 382 240 PS_STATE__BIS6C12_2 303 432 
472 383 241 PS_STATE__BIS6C14_1 303 433 
473 383 241 PS_STATE__BIS6C14_2 303 434 
474 384 242 PS_STATE__BIS6C16_1 303 435 
475 384 242 PS_STATE__BIS6C16_2 303 436 
476 385 243 PS_STATE__BIS7A02_1 302 1225 
477 385 243 PS_STATE__BIS7A02_2 302 1226 
478 386 244 PS_STATE__BIS7A04_1 302 1227 
479 386 244 PS_STATE__BIS7A04_2 302 1228 
480 387 245 PS_STATE__BIS7A06_1 302 1229 
481 387 245 PS_STATE__BIS7A06_2 302 1230 
482 388 246 PS_STATE__BIS7A08_1 302 1231 
483 388 246 PS_STATE__BIS7A08_2 302 1232 
484 389 247 PS_STATE__BIS7A10_1 302 1233 
485 389 247 PS_STATE__BIS7A10_2 302 1234 
486 390 248 PS_STATE__BIS7A12_1 302 1235 
487 390 248 PS_STATE__BIS7A12_2 302 1236 
488 391 249 PS_STATE__BIS7A14_1 302 1237 
489 391 249 PS_STATE__BIS7A14_2 302 1238 
490 392 250 PS_STATE__BIS7A16_1 302 1239 
491 392 250 PS_STATE__BIS7A16_2 302 1240 
492 393 251 PS_STATE__BIS7C02_1 303 1241 
493 393 251 PS_STATE__BIS7C02_2 303 1242 
494 394 252 PS_STATE__BIS7C04_1 303 1243 
495 394 252 PS_STATE__BIS7C04_2 303 1244 
496 395 253 PS_STATE__BIS7C06_1 303 1245 
497 395 253 PS_STATE__BIS7C06_2 303 1246 
498 396 254 PS_STATE__BIS7C08_1 303 1247 
499 396 254 PS_STATE__BIS7C08_2 303 1248 
500 397 255 PS_STATE__BIS7C10_1 303 1249 
501 397 255 PS_STATE__BIS7C10_2 303 1250 
502 398 256 PS_STATE__BIS7C12_1 303 1251 
503 398 256 PS_STATE__BIS7C12_2 303 1252 
504 399 257 PS_STATE__BIS7C14_1 303 1253 
505 399 257 PS_STATE__BIS7C14_2 303 1254 
506 400 258 PS_STATE__BIS7C16_1 303 1255 
507 400 258 PS_STATE__BIS7C16_2 303 1256 
508 401 259 PS_STATE__BIS8A02_1 302 1257 
509 402 260 PS_STATE__BIS8A04_1 302 1258 
510 403 261 PS_STATE__BIS8A06_1 302 1259 
511 404 262 PS_STATE__BIS8A08_1 302 1260 
512 405 263 PS_STATE__BIS8A10_1 302 1261 
513 406 264 PS_STATE__BIS8A12_1 302 1262 
514 407 265 PS_STATE__BIS8A14_1 302 1263 
515 408 266 PS_STATE__BIS8A16_1 302 1264 
516 409 267 PS_STATE__BIS8C02_1 303 1265 
517 410 268 PS_STATE__BIS8C04_1 303 1266 
518 411 269 PS_STATE__BIS8C06_1 303 1267 
519 412 270 PS_STATE__BIS8C08_1 303 1268 
520 413 271 PS_STATE__BIS8C10_1 303 1269 
521 414 272 PS_STATE__BIS8C12_1 303 1270 
522 415 273 PS_STATE__BIS8C14_1 303 1271 
523 416 274 PS_STATE__BIS8C16_1 303 1272 
524 417 275 PS_STATE__BMF1A12_1 302 437 
525 417 275 PS_STATE__BMF1A12_2 302 438 
526 418 276 PS_STATE__BMF1A14_1 302 439 
527 418 276 PS_STATE__BMF1A14_2 302 440 
528 419 277 PS_STATE__BMF1C12_1 303 441 
529 419 277 PS_STATE__BMF1C12_2 303 442 
530 420 278 PS_STATE__BMF1C14_1 303 443 
531 420 278 PS_STATE__BMF1C14_2 303 444 
532 421 279 PS_STATE__BMF2A12_1 302 445 
533 421 279 PS_STATE__BMF2A12_2 302 446 
534 422 280 PS_STATE__BMF2A14_1 302 447 
535 422 280 PS_STATE__BMF2A14_2 302 448 
536 423 281 PS_STATE__BMF2C12_1 303 449 
537 423 281 PS_STATE__BMF2C12_2 303 450 
538 424 282 PS_STATE__BMF2C14_1 303 451 
539 424 282 PS_STATE__BMF2C14_2 303 452 
540 425 283 PS_STATE__BMF3A12_1 302 453 
541 425 283 PS_STATE__BMF3A12_2 302 454 
542 426 284 PS_STATE__BMF3A14_1 302 455 
543 426 284 PS_STATE__BMF3A14_2 302 456 
544 427 285 PS_STATE__BMF3C12_1 303 457 
545 427 285 PS_STATE__BMF3C12_2 303 458 
546 428 286 PS_STATE__BMF3C14_1 303 459 
547 428 286 PS_STATE__BMF3C14_2 303 460 
548 429 287 PS_STATE__BML1A01_1 302 461 
549 429 287 PS_STATE__BML1A01_2 302 462 
550 430 288 PS_STATE__BML1A03_1 302 463 
551 430 288 PS_STATE__BML1A03_2 302 464 
552 431 289 PS_STATE__BML1A05_1 302 465 
553 431 289 PS_STATE__BML1A05_2 302 466 
554 432 290 PS_STATE__BML1A07_1 302 467 
555 432 290 PS_STATE__BML1A07_2 302 468 
556 433 291 PS_STATE__BML1A09_1 302 469 
557 433 291 PS_STATE__BML1A09_2 302 470 
558 434 292 PS_STATE__BML1A11_1 302 471 
559 434 292 PS_STATE__BML1A11_2 302 472 
560 435 293 PS_STATE__BML1A13_1 302 473 
561 435 293 PS_STATE__BML1A13_2 302 474 
562 436 294 PS_STATE__BML1A15_1 302 475 
563 436 294 PS_STATE__BML1A15_2 302 476 
564 437 295 PS_STATE__BML1C01_1 303 477 
565 437 295 PS_STATE__BML1C01_2 303 478 
566 438 296 PS_STATE__BML1C03_1 303 479 
567 438 296 PS_STATE__BML1C03_2 303 480 
568 439 297 PS_STATE__BML1C05_1 303 481 
569 439 297 PS_STATE__BML1C05_2 303 482 
570 440 298 PS_STATE__BML1C07_1 303 483 
571 440 298 PS_STATE__BML1C07_2 303 484 
572 441 299 PS_STATE__BML1C09_1 303 485 
573 441 299 PS_STATE__BML1C09_2 303 486 
574 442 300 PS_STATE__BML1C11_1 303 487 
575 442 300 PS_STATE__BML1C11_2 303 488 
576 443 301 PS_STATE__BML1C13_1 303 489 
577 443 301 PS_STATE__BML1C13_2 303 490 
578 444 302 PS_STATE__BML1C15_1 303 491 
579 444 302 PS_STATE__BML1C15_2 303 492 
580 445 303 PS_STATE__BML2A01_1 302 493 
581 445 303 PS_STATE__BML2A01_2 302 494 
582 446 304 PS_STATE__BML2A03_1 302 495 
583 446 304 PS_STATE__BML2A03_2 302 496 
584 447 305 PS_STATE__BML2A05_1 302 497 
585 447 305 PS_STATE__BML2A05_2 302 498 
586 448 306 PS_STATE__BML2A07_1 302 499 
587 448 306 PS_STATE__BML2A07_2 302 500 
588 449 307 PS_STATE__BML2A09_1 302 501 
589 449 307 PS_STATE__BML2A09_2 302 502 
590 450 308 PS_STATE__BML2A11_1 302 503 
591 450 308 PS_STATE__BML2A11_2 302 504 
592 451 309 PS_STATE__BML2A13_1 302 505 
593 451 309 PS_STATE__BML2A13_2 302 506 
594 452 310 PS_STATE__BML2A15_1 302 507 
595 452 310 PS_STATE__BML2A15_2 302 508 
596 453 311 PS_STATE__BML2C01_1 303 509 
597 453 311 PS_STATE__BML2C01_2 303 510 
598 454 312 PS_STATE__BML2C03_1 303 511 
599 454 312 PS_STATE__BML2C03_2 303 512 
600 1 313 PS_STATE__BML2C05_1 303 513 
601 1 313 PS_STATE__BML2C05_2 303 514 
602 455 314 PS_STATE__BML2C07_1 303 515 
603 455 314 PS_STATE__BML2C07_2 303 516 
604 456 315 PS_STATE__BML2C09_1 303 517 
605 456 315 PS_STATE__BML2C09_2 303 518 
606 457 316 PS_STATE__BML2C11_1 303 519 
607 457 316 PS_STATE__BML2C11_2 303 520 
608 458 317 PS_STATE__BML2C13_1 303 521 
609 458 317 PS_STATE__BML2C13_2 303 522 
610 459 318 PS_STATE__BML2C15_1 303 523 
611 459 318 PS_STATE__BML2C15_2 303 524 
612 460 319 PS_STATE__BML3A01_1 302 525 
613 460 319 PS_STATE__BML3A01_2 302 526 
614 461 320 PS_STATE__BML3A03_1 302 527 
615 461 320 PS_STATE__BML3A03_2 302 528 
616 462 321 PS_STATE__BML3A05_1 302 529 
617 462 321 PS_STATE__BML3A05_2 302 530 
618 463 322 PS_STATE__BML3A07_1 302 531 
619 463 322 PS_STATE__BML3A07_2 302 532 
620 464 323 PS_STATE__BML3A09_1 302 533 
621 464 323 PS_STATE__BML3A09_2 302 534 
622 465 324 PS_STATE__BML3A11_1 302 535 
623 465 324 PS_STATE__BML3A11_2 302 536 
624 466 325 PS_STATE__BML3A13_1 302 537 
625 466 325 PS_STATE__BML3A13_2 302 538 
626 467 326 PS_STATE__BML3A15_1 302 539 
627 467 326 PS_STATE__BML3A15_2 302 540 
628 468 327 PS_STATE__BML3C01_1 303 541 
629 468 327 PS_STATE__BML3C01_2 303 542 
630 469 328 PS_STATE__BML3C03_1 303 543 
631 469 328 PS_STATE__BML3C03_2 303 544 
632 2 329 PS_STATE__BML3C05_1 303 545 
633 2 329 PS_STATE__BML3C05_2 303 546 
634 470 330 PS_STATE__BML3C07_1 303 547 
635 470 330 PS_STATE__BML3C07_2 303 548 
636 471 331 PS_STATE__BML3C09_1 303 549 
637 471 331 PS_STATE__BML3C09_2 303 550 
638 472 332 PS_STATE__BML3C11_1 303 551 
639 472 332 PS_STATE__BML3C11_2 303 552 
640 473 333 PS_STATE__BML3C13_1 303 553 
641 473 333 PS_STATE__BML3C13_2 303 554 
642 474 334 PS_STATE__BML3C15_1 303 555 
643 474 334 PS_STATE__BML3C15_2 303 556 
644 475 335 PS_STATE__BML4A01_1 302 557 
645 475 335 PS_STATE__BML4A01_2 302 558 
646 476 336 PS_STATE__BML4A03_1 302 559 
647 476 336 PS_STATE__BML4A03_2 302 560 
648 477 337 PS_STATE__BML4A05_1 302 561 
649 477 337 PS_STATE__BML4A05_2 302 562 
650 478 338 PS_STATE__BML4A07_1 302 563 
651 478 338 PS_STATE__BML4A07_2 302 564 
652 479 339 PS_STATE__BML4A09_1 302 565 
653 479 339 PS_STATE__BML4A09_2 302 566 
654 480 340 PS_STATE__BML4A11_1 302 567 
655 480 340 PS_STATE__BML4A11_2 302 568 
656 481 341 PS_STATE__BML4A15_1 302 569 
657 481 341 PS_STATE__BML4A15_2 302 570 
658 482 342 PS_STATE__BML4C01_1 303 571 
659 482 342 PS_STATE__BML4C01_2 303 572 
660 483 343 PS_STATE__BML4C03_1 303 573 
661 483 343 PS_STATE__BML4C03_2 303 574 
662 3 344 PS_STATE__BML4C05_1 303 575 
663 3 344 PS_STATE__BML4C05_2 303 576 
664 484 345 PS_STATE__BML4C07_1 303 577 
665 484 345 PS_STATE__BML4C07_2 303 578 
666 485 346 PS_STATE__BML4C09_1 303 579 
667 485 346 PS_STATE__BML4C09_2 303 580 
668 486 347 PS_STATE__BML4C11_1 303 581 
669 486 347 PS_STATE__BML4C11_2 303 582 
670 487 348 PS_STATE__BML4C15_1 303 583 
671 487 348 PS_STATE__BML4C15_2 303 584 
672 488 349 PS_STATE__BML5A01_1 302 585 
673 488 349 PS_STATE__BML5A01_2 302 586 
674 489 350 PS_STATE__BML5A03_1 302 587 
675 489 350 PS_STATE__BML5A03_2 302 588 
676 490 351 PS_STATE__BML5A05_1 302 589 
677 490 351 PS_STATE__BML5A05_2 302 590 
678 491 352 PS_STATE__BML5A07_1 302 591 
679 491 352 PS_STATE__BML5A07_2 302 592 
680 492 353 PS_STATE__BML5A09_1 302 593 
681 492 353 PS_STATE__BML5A09_2 302 594 
682 493 354 PS_STATE__BML5A11_1 302 595 
683 493 354 PS_STATE__BML5A11_2 302 596 
684 494 355 PS_STATE__BML5A13_1 302 597 
685 494 355 PS_STATE__BML5A13_2 302 598 
686 495 356 PS_STATE__BML5A15_1 302 599 
687 495 356 PS_STATE__BML5A15_2 302 600 
688 496 357 PS_STATE__BML5C01_1 303 601 
689 496 357 PS_STATE__BML5C01_2 303 602 
690 497 358 PS_STATE__BML5C03_1 303 603 
691 497 358 PS_STATE__BML5C03_2 303 604 
692 4 359 PS_STATE__BML5C05_1 303 605 
693 4 359 PS_STATE__BML5C05_2 303 606 
694 498 360 PS_STATE__BML5C07_1 303 607 
695 498 360 PS_STATE__BML5C07_2 303 608 
696 499 361 PS_STATE__BML5C09_1 303 609 
697 499 361 PS_STATE__BML5C09_2 303 610 
698 500 362 PS_STATE__BML5C11_1 303 611 
699 500 362 PS_STATE__BML5C11_2 303 612 
700 501 363 PS_STATE__BML5C13_1 303 613 
701 501 363 PS_STATE__BML5C13_2 303 614 
702 502 364 PS_STATE__BML5C15_1 303 615 
703 502 364 PS_STATE__BML5C15_2 303 616 
704 503 365 PS_STATE__BML6A01_1 302 617 
705 503 365 PS_STATE__BML6A01_2 302 618 
706 504 366 PS_STATE__BML6A03_1 302 619 
707 504 366 PS_STATE__BML6A03_2 302 620 
708 505 367 PS_STATE__BML6A05_1 302 621 
709 505 367 PS_STATE__BML6A05_2 302 622 
710 506 368 PS_STATE__BML6A07_1 302 623 
711 506 368 PS_STATE__BML6A07_2 302 624 
712 507 369 PS_STATE__BML6A09_1 302 625 
713 507 369 PS_STATE__BML6A09_2 302 626 
714 508 370 PS_STATE__BML6A11_1 302 627 
715 508 370 PS_STATE__BML6A11_2 302 628 
716 509 371 PS_STATE__BML6A13_1 302 629 
717 509 371 PS_STATE__BML6A13_2 302 630 
718 510 372 PS_STATE__BML6A15_1 302 631 
719 510 372 PS_STATE__BML6A15_2 302 632 
720 511 373 PS_STATE__BML6C01_1 303 633 
721 511 373 PS_STATE__BML6C01_2 303 634 
722 512 374 PS_STATE__BML6C03_1 303 635 
723 512 374 PS_STATE__BML6C03_2 303 636 
724 513 375 PS_STATE__BML6C05_1 303 637 
725 513 375 PS_STATE__BML6C05_2 303 638 
726 514 376 PS_STATE__BML6C07_1 303 639 
727 514 376 PS_STATE__BML6C07_2 303 640 
728 515 377 PS_STATE__BML6C09_1 303 641 
729 515 377 PS_STATE__BML6C09_2 303 642 
730 516 378 PS_STATE__BML6C11_1 303 643 
731 516 378 PS_STATE__BML6C11_2 303 644 
732 517 379 PS_STATE__BML6C13_1 303 645 
733 517 379 PS_STATE__BML6C13_2 303 646 
734 518 380 PS_STATE__BML6C15_1 303 647 
735 518 380 PS_STATE__BML6C15_2 303 648 
736 519 381 PS_STATE__BMS1A02_1 302 649 
737 519 381 PS_STATE__BMS1A02_2 302 650 
738 520 382 PS_STATE__BMS1A04_1 302 651 
739 520 382 PS_STATE__BMS1A04_2 302 652 
740 521 383 PS_STATE__BMS1A06_1 302 653 
741 521 383 PS_STATE__BMS1A06_2 302 654 
742 522 384 PS_STATE__BMS1A08_1 302 655 
743 522 384 PS_STATE__BMS1A08_2 302 656 
744 523 385 PS_STATE__BMS1A10_1 302 657 
745 523 385 PS_STATE__BMS1A10_2 302 658 
746 524 386 PS_STATE__BMS1A16_1 302 659 
747 524 386 PS_STATE__BMS1A16_2 302 660 
748 525 387 PS_STATE__BMS1C02_1 303 661 
749 525 387 PS_STATE__BMS1C02_2 303 662 
750 5 388 PS_STATE__BMS1C04_1 303 663 
751 5 388 PS_STATE__BMS1C04_2 303 664 
752 6 389 PS_STATE__BMS1C06_1 303 665 
753 6 389 PS_STATE__BMS1C06_2 303 666 
754 526 390 PS_STATE__BMS1C08_1 303 667 
755 526 390 PS_STATE__BMS1C08_2 303 668 
756 527 391 PS_STATE__BMS1C10_1 303 669 
757 527 391 PS_STATE__BMS1C10_2 303 670 
758 528 392 PS_STATE__BMS1C16_1 303 671 
759 528 392 PS_STATE__BMS1C16_2 303 672 
760 106 393 PS_STATE__BMS2A02_1 302 673 
761 106 393 PS_STATE__BMS2A02_2 302 674 
762 529 394 PS_STATE__BMS2A04_1 302 675 
763 529 394 PS_STATE__BMS2A04_2 302 676 
764 530 395 PS_STATE__BMS2A06_1 302 677 
765 530 395 PS_STATE__BMS2A06_2 302 678 
766 531 396 PS_STATE__BMS2A08_1 302 679 
767 531 396 PS_STATE__BMS2A08_2 302 680 
768 532 397 PS_STATE__BMS2A10_1 302 681 
769 532 397 PS_STATE__BMS2A10_2 302 682 
770 533 398 PS_STATE__BMS2A16_1 302 683 
771 533 398 PS_STATE__BMS2A16_2 302 684 
772 534 399 PS_STATE__BMS2C02_1 303 685 
773 534 399 PS_STATE__BMS2C02_2 303 686 
774 7 400 PS_STATE__BMS2C04_1 303 687 
775 7 400 PS_STATE__BMS2C04_2 303 688 
776 535 401 PS_STATE__BMS2C06_1 303 689 
777 535 401 PS_STATE__BMS2C06_2 303 690 
778 536 402 PS_STATE__BMS2C08_1 303 691 
779 536 402 PS_STATE__BMS2C08_2 303 692 
780 537 403 PS_STATE__BMS2C10_1 303 693 
781 537 403 PS_STATE__BMS2C10_2 303 694 
782 538 404 PS_STATE__BMS2C16_1 303 695 
783 538 404 PS_STATE__BMS2C16_2 303 696 
784 107 405 PS_STATE__BMS3A02_1 302 697 
785 107 405 PS_STATE__BMS3A02_2 302 698 
786 539 406 PS_STATE__BMS3A04_1 302 699 
787 539 406 PS_STATE__BMS3A04_2 302 700 
788 540 407 PS_STATE__BMS3A06_1 302 701 
789 540 407 PS_STATE__BMS3A06_2 302 702 
790 541 408 PS_STATE__BMS3A08_1 302 703 
791 541 408 PS_STATE__BMS3A08_2 302 704 
792 542 409 PS_STATE__BMS3A10_1 302 705 
793 542 409 PS_STATE__BMS3A10_2 302 706 
794 543 410 PS_STATE__BMS3A16_1 302 707 
795 543 410 PS_STATE__BMS3A16_2 302 708 
796 544 411 PS_STATE__BMS3C02_1 303 709 
797 544 411 PS_STATE__BMS3C02_2 303 710 
798 8 412 PS_STATE__BMS3C04_1 303 711 
799 8 412 PS_STATE__BMS3C04_2 303 712 
800 545 413 PS_STATE__BMS3C06_1 303 713 
801 545 413 PS_STATE__BMS3C06_2 303 714 
802 546 414 PS_STATE__BMS3C08_1 303 715 
803 546 414 PS_STATE__BMS3C08_2 303 716 
804 547 415 PS_STATE__BMS3C10_1 303 717 
805 547 415 PS_STATE__BMS3C10_2 303 718 
806 548 416 PS_STATE__BMS3C16_1 303 719 
807 548 416 PS_STATE__BMS3C16_2 303 720 
808 549 417 PS_STATE__BMS4A02_1 302 721 
809 549 417 PS_STATE__BMS4A02_2 302 722 
810 550 418 PS_STATE__BMS4A04_1 302 723 
811 550 418 PS_STATE__BMS4A04_2 302 724 
812 551 419 PS_STATE__BMS4A06_1 302 725 
813 551 419 PS_STATE__BMS4A06_2 302 726 
814 552 420 PS_STATE__BMS4A08_1 302 727 
815 552 420 PS_STATE__BMS4A08_2 302 728 
816 553 421 PS_STATE__BMS4A10_1 302 729 
817 553 421 PS_STATE__BMS4A10_2 302 730 
818 554 422 PS_STATE__BMS4A16_1 302 731 
819 554 422 PS_STATE__BMS4A16_2 302 732 
820 555 423 PS_STATE__BMS4C02_1 303 733 
821 555 423 PS_STATE__BMS4C02_2 303 734 
822 556 424 PS_STATE__BMS4C04_1 303 735 
823 556 424 PS_STATE__BMS4C04_2 303 736 
824 557 425 PS_STATE__BMS4C06_1 303 737 
825 557 425 PS_STATE__BMS4C06_2 303 738 
826 558 426 PS_STATE__BMS4C08_1 303 739 
827 558 426 PS_STATE__BMS4C08_2 303 740 
828 559 427 PS_STATE__BMS4C10_1 303 741 
829 559 427 PS_STATE__BMS4C10_2 303 742 
830 560 428 PS_STATE__BMS4C16_1 303 743 
831 560 428 PS_STATE__BMS4C16_2 303 744 
832 561 429 PS_STATE__BMS5A02_1 302 745 
833 561 429 PS_STATE__BMS5A02_2 302 746 
834 562 430 PS_STATE__BMS5A04_1 302 747 
835 562 430 PS_STATE__BMS5A04_2 302 748 
836 563 431 PS_STATE__BMS5A06_1 302 749 
837 563 431 PS_STATE__BMS5A06_2 302 750 
838 564 432 PS_STATE__BMS5A08_1 302 751 
839 564 432 PS_STATE__BMS5A08_2 302 752 
840 565 433 PS_STATE__BMS5A10_1 302 753 
841 565 433 PS_STATE__BMS5A10_2 302 754 
842 566 434 PS_STATE__BMS5A16_1 302 755 
843 566 434 PS_STATE__BMS5A16_2 302 756 
844 567 435 PS_STATE__BMS5C02_1 303 757 
845 567 435 PS_STATE__BMS5C02_2 303 758 
846 568 436 PS_STATE__BMS5C04_1 303 759 
847 568 436 PS_STATE__BMS5C04_2 303 760 
848 569 437 PS_STATE__BMS5C06_1 303 761 
849 569 437 PS_STATE__BMS5C06_2 303 762 
850 570 438 PS_STATE__BMS5C08_1 303 763 
851 570 438 PS_STATE__BMS5C08_2 303 764 
852 571 439 PS_STATE__BMS5C10_1 303 765 
853 571 439 PS_STATE__BMS5C10_2 303 766 
854 572 440 PS_STATE__BMS5C16_1 303 767 
855 572 440 PS_STATE__BMS5C16_2 303 768 
856 573 441 PS_STATE__BMS6A02_1 302 769 
857 573 441 PS_STATE__BMS6A02_2 302 770 
858 574 442 PS_STATE__BMS6A04_1 302 771 
859 574 442 PS_STATE__BMS6A04_2 302 772 
860 575 443 PS_STATE__BMS6A06_1 302 773 
861 575 443 PS_STATE__BMS6A06_2 302 774 
862 576 444 PS_STATE__BMS6A08_1 302 775 
863 576 444 PS_STATE__BMS6A08_2 302 776 
864 577 445 PS_STATE__BMS6A10_1 302 777 
865 577 445 PS_STATE__BMS6A10_2 302 778 
866 578 446 PS_STATE__BMS6A16_1 302 779 
867 578 446 PS_STATE__BMS6A16_2 302 780 
868 579 447 PS_STATE__BMS6C02_1 303 781 
869 579 447 PS_STATE__BMS6C02_2 303 782 
870 580 448 PS_STATE__BMS6C04_1 303 783 
871 580 448 PS_STATE__BMS6C04_2 303 784 
872 581 449 PS_STATE__BMS6C06_1 303 785 
873 581 449 PS_STATE__BMS6C06_2 303 786 
874 582 450 PS_STATE__BMS6C08_1 303 787 
875 582 450 PS_STATE__BMS6C08_2 303 788 
876 583 451 PS_STATE__BMS6C10_1 303 789 
877 583 451 PS_STATE__BMS6C10_2 303 790 
878 584 452 PS_STATE__BMS6C16_1 303 791 
879 584 452 PS_STATE__BMS6C16_2 303 792 
880 108 453 PS_STATE__BOF1A12_1 302 793 
881 108 453 PS_STATE__BOF1A12_2 302 794 
882 109 454 PS_STATE__BOF1A14_1 302 795 
883 109 454 PS_STATE__BOF1A14_2 302 796 
884 585 455 PS_STATE__BOF1C12_1 303 797 
885 585 455 PS_STATE__BOF1C12_2 303 798 
886 586 456 PS_STATE__BOF1C14_1 303 799 
887 586 456 PS_STATE__BOF1C14_2 303 800 
888 110 457 PS_STATE__BOF3A12_1 302 801 
889 110 457 PS_STATE__BOF3A12_2 302 802 
890 111 458 PS_STATE__BOF3A14_1 302 803 
891 111 458 PS_STATE__BOF3A14_2 302 804 
892 587 459 PS_STATE__BOF3C12_1 303 805 
893 587 459 PS_STATE__BOF3C12_2 303 806 
894 588 460 PS_STATE__BOF3C14_1 303 807 
895 588 460 PS_STATE__BOF3C14_2 303 808 
896 112 461 PS_STATE__BOF5A12_1 302 809 
897 112 461 PS_STATE__BOF5A12_2 302 810 
898 113 462 PS_STATE__BOF5A14_1 302 811 
899 113 462 PS_STATE__BOF5A14_2 302 812 
900 589 463 PS_STATE__BOF5C12_1 303 813 
901 589 463 PS_STATE__BOF5C12_2 303 814 
902 590 464 PS_STATE__BOF5C14_1 303 815 
903 590 464 PS_STATE__BOF5C14_2 303 816 
904 114 465 PS_STATE__BOF7A12_1 302 817 
905 114 465 PS_STATE__BOF7A12_2 302 818 
906 115 466 PS_STATE__BOF7A14_1 302 819 
907 115 466 PS_STATE__BOF7A14_2 302 820 
908 591 467 PS_STATE__BOF7C12_1 303 821 
909 591 467 PS_STATE__BOF7C12_2 303 822 
910 592 468 PS_STATE__BOF7C14_1 303 823 
911 592 468 PS_STATE__BOF7C14_2 303 824 
912 116 469 PS_STATE__BOG0B12_1 303 825 
913 116 469 PS_STATE__BOG0B12_2 303 826 
914 117 470 PS_STATE__BOG0B14_1 303 827 
915 117 470 PS_STATE__BOG0B14_2 303 828 
916 118 471 PS_STATE__BOG2A12_1 302 829 
917 118 471 PS_STATE__BOG2A12_2 302 830 
918 119 472 PS_STATE__BOG2A14_1 302 831 
919 119 472 PS_STATE__BOG2A14_2 302 832 
920 593 473 PS_STATE__BOG2C12_1 303 833 
921 593 473 PS_STATE__BOG2C12_2 303 834 
922 594 474 PS_STATE__BOG2C14_1 303 835 
923 594 474 PS_STATE__BOG2C14_2 303 836 
924 120 475 PS_STATE__BOG4A12_1 302 837 
925 120 475 PS_STATE__BOG4A12_2 302 838 
926 121 476 PS_STATE__BOG4A14_1 302 839 
927 121 476 PS_STATE__BOG4A14_2 302 840 
928 595 477 PS_STATE__BOG4C12_1 303 841 
929 595 477 PS_STATE__BOG4C12_2 303 842 
930 596 478 PS_STATE__BOG4C14_1 303 843 
931 596 478 PS_STATE__BOG4C14_2 303 844 
932 122 479 PS_STATE__BOG6A12_1 302 845 
933 122 479 PS_STATE__BOG6A12_2 302 846 
934 123 480 PS_STATE__BOG6A14_1 302 847 
935 123 480 PS_STATE__BOG6A14_2 302 848 
936 597 481 PS_STATE__BOG6C12_1 303 849 
937 597 481 PS_STATE__BOG6C12_2 303 850 
938 598 482 PS_STATE__BOG6C14_1 303 851 
939 598 482 PS_STATE__BOG6C14_2 303 852 
940 124 483 PS_STATE__BOG8A12_1 302 853 
941 124 483 PS_STATE__BOG8A12_2 302 854 
942 125 484 PS_STATE__BOG8A14_1 302 855 
943 125 484 PS_STATE__BOG8A14_2 302 856 
944 599 485 PS_STATE__BOG8C12_1 303 857 
945 599 485 PS_STATE__BOG8C12_2 303 858 
946 600 486 PS_STATE__BOG8C14_1 303 859 
947 600 486 PS_STATE__BOG8C14_2 303 860 
948 126 487 PS_STATE__BOL1A01_1 302 861 
949 126 487 PS_STATE__BOL1A01_2 302 862 
950 127 488 PS_STATE__BOL1A03_1 302 863 
951 127 488 PS_STATE__BOL1A03_2 302 864 
952 21 489 PS_STATE__BOL1A05_1 302 865 
953 21 489 PS_STATE__BOL1A05_2 302 866 
954 128 490 PS_STATE__BOL1A07_1 302 867 
955 128 490 PS_STATE__BOL1A07_2 302 868 
956 129 491 PS_STATE__BOL1A09_1 302 869 
957 129 491 PS_STATE__BOL1A09_2 302 870 
958 130 492 PS_STATE__BOL1A11_1 302 871 
959 130 492 PS_STATE__BOL1A11_2 302 872 
960 131 493 PS_STATE__BOL1A13_1 302 873 
961 131 493 PS_STATE__BOL1A13_2 302 874 
962 132 494 PS_STATE__BOL1A15_1 302 875 
963 132 494 PS_STATE__BOL1A15_2 302 876 
964 601 495 PS_STATE__BOL1C01_1 303 877 
965 601 495 PS_STATE__BOL1C01_2 303 878 
966 602 496 PS_STATE__BOL1C03_1 303 879 
967 602 496 PS_STATE__BOL1C03_2 303 880 
968 133 497 PS_STATE__BOL1C05_1 303 881 
969 133 497 PS_STATE__BOL1C05_2 303 882 
970 603 498 PS_STATE__BOL1C07_1 303 883 
971 603 498 PS_STATE__BOL1C07_2 303 884 
972 134 499 PS_STATE__BOL1C09_1 303 885 
973 134 499 PS_STATE__BOL1C09_2 303 886 
974 135 500 PS_STATE__BOL1C11_1 303 887 
975 135 500 PS_STATE__BOL1C11_2 303 888 
976 604 501 PS_STATE__BOL1C13_1 303 889 
977 604 501 PS_STATE__BOL1C13_2 303 890 
978 605 502 PS_STATE__BOL1C15_1 303 891 
979 605 502 PS_STATE__BOL1C15_2 303 892 
980 136 503 PS_STATE__BOL2A01_1 302 893 
981 136 503 PS_STATE__BOL2A01_2 302 894 
982 137 504 PS_STATE__BOL2A03_1 302 895 
983 137 504 PS_STATE__BOL2A03_2 302 896 
984 22 505 PS_STATE__BOL2A05_1 302 897 
985 22 505 PS_STATE__BOL2A05_2 302 898 
986 138 506 PS_STATE__BOL2A07_1 302 899 
987 138 506 PS_STATE__BOL2A07_2 302 900 
988 139 507 PS_STATE__BOL2A09_1 302 901 
989 139 507 PS_STATE__BOL2A09_2 302 902 
990 140 508 PS_STATE__BOL2A11_1 302 903 
991 140 508 PS_STATE__BOL2A11_2 302 904 
992 141 509 PS_STATE__BOL2A13_1 302 905 
993 141 509 PS_STATE__BOL2A13_2 302 906 
994 142 510 PS_STATE__BOL2A15_1 302 907 
995 142 510 PS_STATE__BOL2A15_2 302 908 
996 606 511 PS_STATE__BOL2C01_1 303 909 
997 606 511 PS_STATE__BOL2C01_2 303 910 
998 607 512 PS_STATE__BOL2C03_1 303 911 
999 607 512 PS_STATE__BOL2C03_2 303 912 
1000 143 513 PS_STATE__BOL2C05_1 303 913 
1001 143 513 PS_STATE__BOL2C05_2 303 914 
1002 608 514 PS_STATE__BOL2C07_1 303 915 
1003 608 514 PS_STATE__BOL2C07_2 303 916 
1004 609 515 PS_STATE__BOL2C09_1 303 917 
1005 609 515 PS_STATE__BOL2C09_2 303 918 
1006 610 516 PS_STATE__BOL2C11_1 303 919 
1007 610 516 PS_STATE__BOL2C11_2 303 920 
1008 611 517 PS_STATE__BOL2C13_1 303 921 
1009 611 517 PS_STATE__BOL2C13_2 303 922 
1010 612 518 PS_STATE__BOL2C15_1 303 923 
1011 612 518 PS_STATE__BOL2C15_2 303 924 
1012 144 519 PS_STATE__BOL3A01_1 302 925 
1013 144 519 PS_STATE__BOL3A01_2 302 926 
1014 145 520 PS_STATE__BOL3A03_1 302 927 
1015 145 520 PS_STATE__BOL3A03_2 302 928 
1016 23 521 PS_STATE__BOL3A05_1 302 929 
1017 23 521 PS_STATE__BOL3A05_2 302 930 
1018 146 522 PS_STATE__BOL3A07_1 302 931 
1019 146 522 PS_STATE__BOL3A07_2 302 932 
1020 147 523 PS_STATE__BOL3A09_1 302 933 
1021 147 523 PS_STATE__BOL3A09_2 302 934 
1022 148 524 PS_STATE__BOL3A11_1 302 935 
1023 148 524 PS_STATE__BOL3A11_2 302 936 
1024 149 525 PS_STATE__BOL3A13_1 302 937 
1025 149 525 PS_STATE__BOL3A13_2 302 938 
1026 150 526 PS_STATE__BOL3A15_1 302 939 
1027 150 526 PS_STATE__BOL3A15_2 302 940 
1028 613 527 PS_STATE__BOL3C01_1 303 941 
1029 613 527 PS_STATE__BOL3C01_2 303 942 
1030 614 528 PS_STATE__BOL3C03_1 303 943 
1031 614 528 PS_STATE__BOL3C03_2 303 944 
1032 615 529 PS_STATE__BOL3C05_1 303 945 
1033 615 529 PS_STATE__BOL3C05_2 303 946 
1034 616 530 PS_STATE__BOL3C07_1 303 947 
1035 616 530 PS_STATE__BOL3C07_2 303 948 
1036 151 531 PS_STATE__BOL3C09_1 303 949 
1037 151 531 PS_STATE__BOL3C09_2 303 950 
1038 152 532 PS_STATE__BOL3C11_1 303 951 
1039 152 532 PS_STATE__BOL3C11_2 303 952 
1040 617 533 PS_STATE__BOL3C13_1 303 953 
1041 617 533 PS_STATE__BOL3C13_2 303 954 
1042 618 534 PS_STATE__BOL3C15_1 303 955 
1043 618 534 PS_STATE__BOL3C15_2 303 956 
1044 153 535 PS_STATE__BOL4A01_1 302 957 
1045 153 535 PS_STATE__BOL4A01_2 302 958 
1046 154 536 PS_STATE__BOL4A03_1 302 959 
1047 154 536 PS_STATE__BOL4A03_2 302 960 
1048 24 537 PS_STATE__BOL4A05_1 302 961 
1049 24 537 PS_STATE__BOL4A05_2 302 962 
1050 155 538 PS_STATE__BOL4A07_1 302 963 
1051 155 538 PS_STATE__BOL4A07_2 302 964 
1052 156 539 PS_STATE__BOL4A09_1 302 965 
1053 156 539 PS_STATE__BOL4A09_2 302 966 
1054 157 540 PS_STATE__BOL4A11_1 302 967 
1055 157 540 PS_STATE__BOL4A11_2 302 968 
1056 158 541 PS_STATE__BOL4A13_1 302 969 
1057 158 541 PS_STATE__BOL4A13_2 302 970 
1058 159 542 PS_STATE__BOL4A15_1 302 971 
1059 159 542 PS_STATE__BOL4A15_2 302 972 
1060 619 543 PS_STATE__BOL4C01_1 303 973 
1061 619 543 PS_STATE__BOL4C01_2 303 974 
1062 620 544 PS_STATE__BOL4C03_1 303 975 
1063 620 544 PS_STATE__BOL4C03_2 303 976 
1064 621 545 PS_STATE__BOL4C05_1 303 977 
1065 621 545 PS_STATE__BOL4C05_2 303 978 
1066 622 546 PS_STATE__BOL4C07_1 303 979 
1067 622 546 PS_STATE__BOL4C07_2 303 980 
1068 623 547 PS_STATE__BOL4C09_1 303 981 
1069 623 547 PS_STATE__BOL4C09_2 303 982 
1070 624 548 PS_STATE__BOL4C11_1 303 983 
1071 624 548 PS_STATE__BOL4C11_2 303 984 
1072 625 549 PS_STATE__BOL4C13_1 303 985 
1073 625 549 PS_STATE__BOL4C13_2 303 986 
1074 626 550 PS_STATE__BOL4C15_1 303 987 
1075 626 550 PS_STATE__BOL4C15_2 303 988 
1076 160 551 PS_STATE__BOL5A01_1 302 989 
1077 160 551 PS_STATE__BOL5A01_2 302 990 
1078 161 552 PS_STATE__BOL5A03_1 302 991 
1079 161 552 PS_STATE__BOL5A03_2 302 992 
1080 25 553 PS_STATE__BOL5A05_1 302 993 
1081 25 553 PS_STATE__BOL5A05_2 302 994 
1082 162 554 PS_STATE__BOL5A07_1 302 995 
1083 162 554 PS_STATE__BOL5A07_2 302 996 
1084 163 555 PS_STATE__BOL5A09_1 302 997 
1085 163 555 PS_STATE__BOL5A09_2 302 998 
1086 164 556 PS_STATE__BOL5A11_1 302 999 
1087 164 556 PS_STATE__BOL5A11_2 302 1000 
1088 165 557 PS_STATE__BOL5A13_1 302 1001 
1089 165 557 PS_STATE__BOL5A13_2 302 1002 
1090 166 558 PS_STATE__BOL5A15_1 302 1003 
1091 166 558 PS_STATE__BOL5A15_2 302 1004 
1092 627 559 PS_STATE__BOL5C01_1 303 1005 
1093 627 559 PS_STATE__BOL5C01_2 303 1006 
1094 628 560 PS_STATE__BOL5C03_1 303 1007 
1095 628 560 PS_STATE__BOL5C03_2 303 1008 
1096 629 561 PS_STATE__BOL5C05_1 303 1009 
1097 629 561 PS_STATE__BOL5C05_2 303 1010 
1098 630 562 PS_STATE__BOL5C07_1 303 1011 
1099 630 562 PS_STATE__BOL5C07_2 303 1012 
1100 631 563 PS_STATE__BOL5C09_1 303 1013 
1101 631 563 PS_STATE__BOL5C09_2 303 1014 
1102 632 564 PS_STATE__BOL5C11_1 303 1015 
1103 632 564 PS_STATE__BOL5C11_2 303 1016 
1104 633 565 PS_STATE__BOL5C13_1 303 1017 
1105 633 565 PS_STATE__BOL5C13_2 303 1018 
1106 634 566 PS_STATE__BOL5C15_1 303 1019 
1107 634 566 PS_STATE__BOL5C15_2 303 1020 
1108 167 567 PS_STATE__BOL6A01_1 302 1021 
1109 167 567 PS_STATE__BOL6A01_2 302 1022 
1110 168 568 PS_STATE__BOL6A03_1 302 1023 
1111 168 568 PS_STATE__BOL6A03_2 302 1024 
1112 26 569 PS_STATE__BOL6A05_1 302 1025 
1113 26 569 PS_STATE__BOL6A05_2 302 1026 
1114 169 570 PS_STATE__BOL6A07_1 302 1027 
1115 169 570 PS_STATE__BOL6A07_2 302 1028 
1116 170 571 PS_STATE__BOL6A09_1 302 1029 
1117 170 571 PS_STATE__BOL6A09_2 302 1030 
1118 171 572 PS_STATE__BOL6A11_1 302 1031 
1119 171 572 PS_STATE__BOL6A11_2 302 1032 
1120 172 573 PS_STATE__BOL6A13_1 302 1033 
1121 172 573 PS_STATE__BOL6A13_2 302 1034 
1122 173 574 PS_STATE__BOL6A15_1 302 1035 
1123 173 574 PS_STATE__BOL6A15_2 302 1036 
1124 635 575 PS_STATE__BOL6C01_1 303 1037 
1125 635 575 PS_STATE__BOL6C01_2 303 1038 
1126 636 576 PS_STATE__BOL6C03_1 303 1039 
1127 636 576 PS_STATE__BOL6C03_2 303 1040 
1128 637 577 PS_STATE__BOL6C05_1 303 1041 
1129 637 577 PS_STATE__BOL6C05_2 303 1042 
1130 638 578 PS_STATE__BOL6C07_1 303 1043 
1131 638 578 PS_STATE__BOL6C07_2 303 1044 
1132 639 579 PS_STATE__BOL6C09_1 303 1045 
1133 639 579 PS_STATE__BOL6C09_2 303 1046 
1134 640 580 PS_STATE__BOL6C11_1 303 1047 
1135 640 580 PS_STATE__BOL6C11_2 303 1048 
1136 641 581 PS_STATE__BOL6C13_1 303 1049 
1137 641 581 PS_STATE__BOL6C13_2 303 1050 
1138 642 582 PS_STATE__BOL6C15_1 303 1051 
1139 642 582 PS_STATE__BOL6C15_2 303 1052 
1140 175 584 PS_STATE__BOS1A04_1 302 1055 
1141 175 584 PS_STATE__BOS1A04_2 302 1056 
1142 176 585 PS_STATE__BOS1A06_1 302 1057 
1143 176 585 PS_STATE__BOS1A06_2 302 1058 
1144 177 586 PS_STATE__BOS1A08_1 302 1059 
1145 177 586 PS_STATE__BOS1A08_2 302 1060 
1146 178 587 PS_STATE__BOS1A10_1 302 1061 
1147 178 587 PS_STATE__BOS1A10_2 302 1062 
1148 179 588 PS_STATE__BOS1A16_1 302 1063 
1149 179 588 PS_STATE__BOS1A16_2 302 1064 
1150 643 589 PS_STATE__BOS1C02_1 303 1065 
1151 643 589 PS_STATE__BOS1C02_2 303 1066 
1152 644 590 PS_STATE__BOS1C04_1 303 1067 
1153 644 590 PS_STATE__BOS1C04_2 303 1068 
1154 645 591 PS_STATE__BOS1C06_1 303 1069 
1155 645 591 PS_STATE__BOS1C06_2 303 1070 
1156 646 592 PS_STATE__BOS1C08_1 303 1071 
1157 646 592 PS_STATE__BOS1C08_2 303 1072 
1158 647 593 PS_STATE__BOS1C10_1 303 1073 
1159 647 593 PS_STATE__BOS1C10_2 303 1074 
1160 648 594 PS_STATE__BOS1C16_1 303 1075 
1161 648 594 PS_STATE__BOS1C16_2 303 1076 
1162 181 596 PS_STATE__BOS2A04_1 302 1079 
1163 181 596 PS_STATE__BOS2A04_2 302 1080 
1164 182 597 PS_STATE__BOS2A06_1 302 1081 
1165 182 597 PS_STATE__BOS2A06_2 302 1082 
1166 183 598 PS_STATE__BOS2A08_1 302 1083 
1167 183 598 PS_STATE__BOS2A08_2 302 1084 
1168 184 599 PS_STATE__BOS2A10_1 302 1085 
1169 184 599 PS_STATE__BOS2A10_2 302 1086 
1170 185 600 PS_STATE__BOS2A16_1 302 1087 
1171 185 600 PS_STATE__BOS2A16_2 302 1088 
1172 649 601 PS_STATE__BOS2C02_1 303 1089 
1173 649 601 PS_STATE__BOS2C02_2 303 1090 
1174 650 602 PS_STATE__BOS2C04_1 303 1091 
1175 650 602 PS_STATE__BOS2C04_2 303 1092 
1176 651 603 PS_STATE__BOS2C06_1 303 1093 
1177 651 603 PS_STATE__BOS2C06_2 303 1094 
1178 652 604 PS_STATE__BOS2C08_1 303 1095 
1179 652 604 PS_STATE__BOS2C08_2 303 1096 
1180 653 605 PS_STATE__BOS2C10_1 303 1097 
1181 653 605 PS_STATE__BOS2C10_2 303 1098 
1182 654 606 PS_STATE__BOS2C16_1 303 1099 
1183 654 606 PS_STATE__BOS2C16_2 303 1100 
1184 187 608 PS_STATE__BOS3A04_1 302 1103 
1185 187 608 PS_STATE__BOS3A04_2 302 1104 
1186 188 609 PS_STATE__BOS3A06_1 302 1105 
1187 188 609 PS_STATE__BOS3A06_2 302 1106 
1188 189 610 PS_STATE__BOS3A08_1 302 1107 
1189 189 610 PS_STATE__BOS3A08_2 302 1108 
1190 190 611 PS_STATE__BOS3A10_1 302 1109 
1191 190 611 PS_STATE__BOS3A10_2 302 1110 
1192 191 612 PS_STATE__BOS3A16_1 302 1111 
1193 191 612 PS_STATE__BOS3A16_2 302 1112 
1194 655 613 PS_STATE__BOS3C02_1 303 1113 
1195 655 613 PS_STATE__BOS3C02_2 303 1114 
1196 656 614 PS_STATE__BOS3C04_1 303 1115 
1197 656 614 PS_STATE__BOS3C04_2 303 1116 
1198 657 615 PS_STATE__BOS3C06_1 303 1117 
1199 657 615 PS_STATE__BOS3C06_2 303 1118 
1200 658 616 PS_STATE__BOS3C08_1 303 1119 
1201 658 616 PS_STATE__BOS3C08_2 303 1120 
1202 659 617 PS_STATE__BOS3C10_1 303 1121 
1203 659 617 PS_STATE__BOS3C10_2 303 1122 
1204 660 618 PS_STATE__BOS3C16_1 303 1123 
1205 660 618 PS_STATE__BOS3C16_2 303 1124 
1206 193 620 PS_STATE__BOS4A04_1 302 1127 
1207 193 620 PS_STATE__BOS4A04_2 302 1128 
1208 194 621 PS_STATE__BOS4A06_1 302 1129 
1209 194 621 PS_STATE__BOS4A06_2 302 1130 
1210 195 622 PS_STATE__BOS4A08_1 302 1131 
1211 195 622 PS_STATE__BOS4A08_2 302 1132 
1212 196 623 PS_STATE__BOS4A10_1 302 1133 
1213 196 623 PS_STATE__BOS4A10_2 302 1134 
1214 197 624 PS_STATE__BOS4A16_1 302 1135 
1215 197 624 PS_STATE__BOS4A16_2 302 1136 
1216 661 625 PS_STATE__BOS4C02_1 303 1137 
1217 661 625 PS_STATE__BOS4C02_2 303 1138 
1218 662 626 PS_STATE__BOS4C04_1 303 1139 
1219 662 626 PS_STATE__BOS4C04_2 303 1140 
1220 663 627 PS_STATE__BOS4C06_1 303 1141 
1221 663 627 PS_STATE__BOS4C06_2 303 1142 
1222 664 628 PS_STATE__BOS4C08_1 303 1143 
1223 664 628 PS_STATE__BOS4C08_2 303 1144 
1224 665 629 PS_STATE__BOS4C10_1 303 1145 
1225 665 629 PS_STATE__BOS4C10_2 303 1146 
1226 666 630 PS_STATE__BOS4C16_1 303 1147 
1227 666 630 PS_STATE__BOS4C16_2 303 1148 
1228 199 632 PS_STATE__BOS5A04_1 302 1151 
1229 199 632 PS_STATE__BOS5A04_2 302 1152 
1230 200 633 PS_STATE__BOS5A06_1 302 1153 
1231 200 633 PS_STATE__BOS5A06_2 302 1154 
1232 201 634 PS_STATE__BOS5A08_1 302 1155 
1233 201 634 PS_STATE__BOS5A08_2 302 1156 
1234 202 635 PS_STATE__BOS5A10_1 302 1157 
1235 202 635 PS_STATE__BOS5A10_2 302 1158 
1236 203 636 PS_STATE__BOS5A16_1 302 1159 
1237 203 636 PS_STATE__BOS5A16_2 302 1160 
1238 667 637 PS_STATE__BOS5C02_1 303 1161 
1239 667 637 PS_STATE__BOS5C02_2 303 1162 
1240 668 638 PS_STATE__BOS5C04_1 303 1163 
1241 668 638 PS_STATE__BOS5C04_2 303 1164 
1242 669 639 PS_STATE__BOS5C06_1 303 1165 
1243 669 639 PS_STATE__BOS5C06_2 303 1166 
1244 670 640 PS_STATE__BOS5C08_1 303 1167 
1245 670 640 PS_STATE__BOS5C08_2 303 1168 
1246 671 641 PS_STATE__BOS5C10_1 303 1169 
1247 671 641 PS_STATE__BOS5C10_2 303 1170 
1248 672 642 PS_STATE__BOS5C16_1 303 1171 
1249 672 642 PS_STATE__BOS5C16_2 303 1172 
1250 205 644 PS_STATE__BOS6A04_1 302 1175 
1251 205 644 PS_STATE__BOS6A04_2 302 1176 
1252 206 645 PS_STATE__BOS6A06_1 302 1177 
1253 206 645 PS_STATE__BOS6A06_2 302 1178 
1254 207 646 PS_STATE__BOS6A08_1 302 1179 
1255 207 646 PS_STATE__BOS6A08_2 302 1180 
1256 208 647 PS_STATE__BOS6A10_1 302 1181 
1257 208 647 PS_STATE__BOS6A10_2 302 1182 
1258 209 648 PS_STATE__BOS6A16_1 302 1183 
1259 209 648 PS_STATE__BOS6A16_2 302 1184 
1260 673 649 PS_STATE__BOS6C02_1 303 1185 
1261 673 649 PS_STATE__BOS6C02_2 303 1186 
1262 674 650 PS_STATE__BOS6C04_1 303 1187 
1263 674 650 PS_STATE__BOS6C04_2 303 1188 
1264 675 651 PS_STATE__BOS6C06_1 303 1189 
1265 675 651 PS_STATE__BOS6C06_2 303 1190 
1266 676 652 PS_STATE__BOS6C08_1 303 1191 
1267 676 652 PS_STATE__BOS6C08_2 303 1192 
1268 677 653 PS_STATE__BOS6C10_1 303 1193 
1269 677 653 PS_STATE__BOS6C10_2 303 1194 
1270 678 654 PS_STATE__BOS6C16_1 303 1195 
1271 678 654 PS_STATE__BOS6C16_2 303 1196 
1272 695 655 PS_STATE__EEL2A05_1 304 1283 
1273 695 655 PS_STATE__EEL2A05_2 304 1284 
1274 703 656 PS_STATE__EEL2C05_1 305 1291 
1275 703 656 PS_STATE__EEL2C05_2 305 1292 
1276 27 657 PS_STATE__EIL1A01_1 304 1329 
1277 27 657 PS_STATE__EIL1A01_2 304 1330 
1278 28 658 PS_STATE__EIL1A03_1 304 1331 
1279 28 658 PS_STATE__EIL1A03_2 304 1332 
1280 737 659 PS_STATE__EIL1A05_1 304 1333 
1281 737 659 PS_STATE__EIL1A05_2 304 1334 
1282 738 660 PS_STATE__EIL1A07_1 304 1335 
1283 738 660 PS_STATE__EIL1A07_2 304 1336 
1284 739 661 PS_STATE__EIL1A09_1 304 1337 
1285 739 661 PS_STATE__EIL1A09_2 304 1338 
1286 740 662 PS_STATE__EIL1A11_1 304 1339 
1287 740 662 PS_STATE__EIL1A11_2 304 1340 
1288 741 663 PS_STATE__EIL1A13_1 304 1341 
1289 741 663 PS_STATE__EIL1A13_2 304 1342 
1290 742 664 PS_STATE__EIL1A15_1 304 1343 
1291 742 664 PS_STATE__EIL1A15_2 304 1344 
1292 743 665 PS_STATE__EIL1C01_1 305 1345 
1293 743 665 PS_STATE__EIL1C01_2 305 1346 
1294 744 666 PS_STATE__EIL1C03_1 305 1347 
1295 744 666 PS_STATE__EIL1C03_2 305 1348 
1296 745 667 PS_STATE__EIL1C05_1 305 1349 
1297 745 667 PS_STATE__EIL1C05_2 305 1350 
1298 746 668 PS_STATE__EIL1C07_1 305 1351 
1299 746 668 PS_STATE__EIL1C07_2 305 1352 
1300 747 669 PS_STATE__EIL1C09_1 305 1353 
1301 747 669 PS_STATE__EIL1C09_2 305 1354 
1302 748 670 PS_STATE__EIL1C11_1 305 1355 
1303 748 670 PS_STATE__EIL1C11_2 305 1356 
1304 749 671 PS_STATE__EIL1C13_1 305 1357 
1305 749 671 PS_STATE__EIL1C13_2 305 1358 
1306 750 672 PS_STATE__EIL1C15_1 305 1359 
1307 750 672 PS_STATE__EIL1C15_2 305 1360 
1308 751 673 PS_STATE__EIL2A01_1 304 1361 
1309 751 673 PS_STATE__EIL2A01_2 304 1362 
1310 752 674 PS_STATE__EIL2A03_1 304 1363 
1311 752 674 PS_STATE__EIL2A03_2 304 1364 
1312 753 675 PS_STATE__EIL2A05_1 304 1365 
1313 753 675 PS_STATE__EIL2A05_2 304 1366 
1314 754 676 PS_STATE__EIL2A07_1 304 1367 
1315 754 676 PS_STATE__EIL2A07_2 304 1368 
1316 755 677 PS_STATE__EIL2A09_1 304 1369 
1317 755 677 PS_STATE__EIL2A09_2 304 1370 
1318 756 678 PS_STATE__EIL2A11_1 304 1371 
1319 756 678 PS_STATE__EIL2A11_2 304 1372 
1320 757 679 PS_STATE__EIL2A13_1 304 1373 
1321 757 679 PS_STATE__EIL2A13_2 304 1374 
1322 758 680 PS_STATE__EIL2A15_1 304 1375 
1323 758 680 PS_STATE__EIL2A15_2 304 1376 
1324 29 681 PS_STATE__EIL2C01_1 305 1377 
1325 29 681 PS_STATE__EIL2C01_2 305 1378 
1326 30 682 PS_STATE__EIL2C03_1 305 1379 
1327 30 682 PS_STATE__EIL2C03_2 305 1380 
1328 759 683 PS_STATE__EIL2C05_1 305 1381 
1329 759 683 PS_STATE__EIL2C05_2 305 1382 
1330 760 684 PS_STATE__EIL2C07_1 305 1383 
1331 760 684 PS_STATE__EIL2C07_2 305 1384 
1332 761 685 PS_STATE__EIL2C09_1 305 1385 
1333 761 685 PS_STATE__EIL2C09_2 305 1386 
1334 762 686 PS_STATE__EIL2C11_1 305 1387 
1335 762 686 PS_STATE__EIL2C11_2 305 1388 
1336 763 687 PS_STATE__EIL2C13_1 305 1389 
1337 763 687 PS_STATE__EIL2C13_2 305 1390 
1338 764 688 PS_STATE__EIL2C15_1 305 1391 
1339 764 688 PS_STATE__EIL2C15_2 305 1392 
1340 765 689 PS_STATE__EIL4A01_1 304 1393 
1341 765 689 PS_STATE__EIL4A01_2 304 1394 
1342 766 690 PS_STATE__EIL4A03_1 304 1395 
1343 766 690 PS_STATE__EIL4A03_2 304 1396 
1344 767 691 PS_STATE__EIL4A05_1 304 1397 
1345 767 691 PS_STATE__EIL4A05_2 304 1398 
1346 768 692 PS_STATE__EIL4A07_1 304 1399 
1347 768 692 PS_STATE__EIL4A07_2 304 1400 
1348 769 693 PS_STATE__EIL4A09_1 304 1401 
1349 769 693 PS_STATE__EIL4A09_2 304 1402 
1350 770 694 PS_STATE__EIL4A11_1 304 1403 
1351 770 694 PS_STATE__EIL4A11_2 304 1404 
1352 771 695 PS_STATE__EIL4A13_1 304 1405 
1353 771 695 PS_STATE__EIL4A13_2 304 1406 
1354 772 696 PS_STATE__EIL4A15_1 304 1407 
1355 772 696 PS_STATE__EIL4A15_2 304 1408 
1356 773 697 PS_STATE__EIL4C01_1 305 1409 
1357 773 697 PS_STATE__EIL4C01_2 305 1410 
1358 774 698 PS_STATE__EIL4C03_1 305 1411 
1359 774 698 PS_STATE__EIL4C03_2 305 1412 
1360 775 699 PS_STATE__EIL4C05_1 305 1413 
1361 775 699 PS_STATE__EIL4C05_2 305 1414 
1362 776 700 PS_STATE__EIL4C07_1 305 1415 
1363 776 700 PS_STATE__EIL4C07_2 305 1416 
1364 777 701 PS_STATE__EIL4C09_1 305 1417 
1365 777 701 PS_STATE__EIL4C09_2 305 1418 
1366 778 702 PS_STATE__EIL4C11_1 305 1419 
1367 778 702 PS_STATE__EIL4C11_2 305 1420 
1368 779 703 PS_STATE__EIL4C13_1 305 1421 
1369 779 703 PS_STATE__EIL4C13_2 305 1422 
1370 780 704 PS_STATE__EIL4C15_1 305 1423 
1371 780 704 PS_STATE__EIL4C15_2 305 1424 
1372 781 705 PS_STATE__EIS1A02_1 304 1425 
1373 781 705 PS_STATE__EIS1A02_2 304 1426 
1374 782 706 PS_STATE__EIS1A04_1 304 1427 
1375 782 706 PS_STATE__EIS1A04_2 304 1428 
1376 783 707 PS_STATE__EIS1A06_1 304 1429 
1377 783 707 PS_STATE__EIS1A06_2 304 1430 
1378 784 708 PS_STATE__EIS1A08_1 304 1431 
1379 784 708 PS_STATE__EIS1A08_2 304 1432 
1380 785 709 PS_STATE__EIS1A10_1 304 1433 
1381 785 709 PS_STATE__EIS1A10_2 304 1434 
1382 786 710 PS_STATE__EIS1A12_1 304 1435 
1383 786 710 PS_STATE__EIS1A12_2 304 1436 
1384 787 711 PS_STATE__EIS1A14_1 304 5 
1385 787 711 PS_STATE__EIS1A14_2 304 6 
1386 788 712 PS_STATE__EIS1A16_1 304 7 
1387 788 712 PS_STATE__EIS1A16_2 304 8 
1388 789 713 PS_STATE__EIS1C02_1 305 1437 
1389 789 713 PS_STATE__EIS1C02_2 305 1438 
1390 790 714 PS_STATE__EIS1C04_1 305 1439 
1391 790 714 PS_STATE__EIS1C04_2 305 1440 
1392 791 715 PS_STATE__EIS1C06_1 305 1441 
1393 791 715 PS_STATE__EIS1C06_2 305 1442 
1394 792 716 PS_STATE__EIS1C08_1 305 1443 
1395 792 716 PS_STATE__EIS1C08_2 305 1444 
1396 793 717 PS_STATE__EIS1C10_1 305 1445 
1397 793 717 PS_STATE__EIS1C10_2 305 1446 
1398 794 718 PS_STATE__EIS1C12_1 305 1447 
1399 794 718 PS_STATE__EIS1C12_2 305 1448 
1400 795 719 PS_STATE__EIS1C14_1 305 1449 
1401 795 719 PS_STATE__EIS1C14_2 305 1450 
1402 796 720 PS_STATE__EIS1C16_1 305 1451 
1403 796 720 PS_STATE__EIS1C16_2 305 1452 
1404 797 721 PS_STATE__EIS2A02_1 304 1453 
1405 797 721 PS_STATE__EIS2A02_2 304 1454 
1406 798 722 PS_STATE__EIS2A04_1 304 1455 
1407 798 722 PS_STATE__EIS2A04_2 304 1456 
1408 799 723 PS_STATE__EIS2A06_1 304 1457 
1409 799 723 PS_STATE__EIS2A06_2 304 1458 
1410 800 724 PS_STATE__EIS2A08_1 304 1459 
1411 800 724 PS_STATE__EIS2A08_2 304 1460 
1412 801 725 PS_STATE__EIS2A10_1 304 1461 
1413 801 725 PS_STATE__EIS2A10_2 304 1462 
1414 802 726 PS_STATE__EIS2A12_1 304 1463 
1415 802 726 PS_STATE__EIS2A12_2 304 1464 
1416 803 727 PS_STATE__EIS2A14_1 304 9 
1417 803 727 PS_STATE__EIS2A14_2 304 10 
1418 804 728 PS_STATE__EIS2A16_1 304 11 
1419 804 728 PS_STATE__EIS2A16_2 304 12 
1420 805 729 PS_STATE__EIS2C02_1 305 1465 
1421 805 729 PS_STATE__EIS2C02_2 305 1466 
1422 806 730 PS_STATE__EIS2C04_1 305 1467 
1423 806 730 PS_STATE__EIS2C04_2 305 1468 
1424 807 731 PS_STATE__EIS2C06_1 305 1469 
1425 807 731 PS_STATE__EIS2C06_2 305 1470 
1426 808 732 PS_STATE__EIS2C08_1 305 1471 
1427 808 732 PS_STATE__EIS2C08_2 305 1472 
1428 809 733 PS_STATE__EIS2C10_1 305 1473 
1429 809 733 PS_STATE__EIS2C10_2 305 1474 
1430 810 734 PS_STATE__EIS2C12_1 305 1475 
1431 810 734 PS_STATE__EIS2C12_2 305 1476 
1432 811 735 PS_STATE__EIS2C14_1 305 1477 
1433 811 735 PS_STATE__EIS2C14_2 305 1478 
1434 812 736 PS_STATE__EIS2C16_1 305 1479 
1435 812 736 PS_STATE__EIS2C16_2 305 1480 
1436 813 737 PS_STATE__EML1A01_1 304 1481 
1437 813 737 PS_STATE__EML1A01_2 304 1482 
1438 814 738 PS_STATE__EML1A03_1 304 1483 
1439 814 738 PS_STATE__EML1A03_2 304 1484 
1440 815 739 PS_STATE__EML1A05_1 304 1485 
1441 815 739 PS_STATE__EML1A05_2 304 1486 
1442 816 740 PS_STATE__EML1A07_1 304 1487 
1443 816 740 PS_STATE__EML1A07_2 304 1488 
1444 817 741 PS_STATE__EML1A09_1 304 1489 
1445 817 741 PS_STATE__EML1A09_2 304 1490 
1446 818 742 PS_STATE__EML1A11_1 304 1491 
1447 818 742 PS_STATE__EML1A11_2 304 1492 
1448 819 743 PS_STATE__EML1A13_1 304 1493 
1449 819 743 PS_STATE__EML1A13_2 304 1494 
1450 820 744 PS_STATE__EML1A15_1 304 1495 
1451 820 744 PS_STATE__EML1A15_2 304 1496 
1452 821 745 PS_STATE__EML1C01_1 305 1497 
1453 821 745 PS_STATE__EML1C01_2 305 1498 
1454 822 746 PS_STATE__EML1C03_1 305 1499 
1455 822 746 PS_STATE__EML1C03_2 305 1500 
1456 823 747 PS_STATE__EML1C05_1 305 1501 
1457 823 747 PS_STATE__EML1C05_2 305 1502 
1458 824 748 PS_STATE__EML1C07_1 305 1503 
1459 824 748 PS_STATE__EML1C07_2 305 1504 
1460 825 749 PS_STATE__EML1C09_1 305 1505 
1461 825 749 PS_STATE__EML1C09_2 305 1506 
1462 826 750 PS_STATE__EML1C11_1 305 1507 
1463 826 750 PS_STATE__EML1C11_2 305 1508 
1464 827 751 PS_STATE__EML1C13_1 305 1509 
1465 827 751 PS_STATE__EML1C13_2 305 1510 
1466 828 752 PS_STATE__EML1C15_1 305 1511 
1467 828 752 PS_STATE__EML1C15_2 305 1512 
1468 829 753 PS_STATE__EML2A01_1 304 1513 
1469 829 753 PS_STATE__EML2A01_2 304 1514 
1470 830 754 PS_STATE__EML2A03_1 304 1515 
1471 830 754 PS_STATE__EML2A03_2 304 1516 
1472 831 755 PS_STATE__EML2A05_1 304 1517 
1473 831 755 PS_STATE__EML2A05_2 304 1518 
1474 832 756 PS_STATE__EML2A07_1 304 1519 
1475 832 756 PS_STATE__EML2A07_2 304 1520 
1476 833 757 PS_STATE__EML2A09_1 304 1521 
1477 833 757 PS_STATE__EML2A09_2 304 1522 
1478 834 758 PS_STATE__EML2A11_1 304 1523 
1479 834 758 PS_STATE__EML2A11_2 304 1524 
1480 835 759 PS_STATE__EML2A13_1 304 1525 
1481 835 759 PS_STATE__EML2A13_2 304 1526 
1482 836 760 PS_STATE__EML2A15_1 304 1527 
1483 836 760 PS_STATE__EML2A15_2 304 1528 
1484 837 761 PS_STATE__EML2C01_1 305 1529 
1485 837 761 PS_STATE__EML2C01_2 305 1530 
1486 31 762 PS_STATE__EML2C03_1 305 1531 
1487 31 762 PS_STATE__EML2C03_2 305 1532 
1488 838 763 PS_STATE__EML2C05_1 305 1533 
1489 838 763 PS_STATE__EML2C05_2 305 1534 
1490 839 764 PS_STATE__EML2C07_1 305 1535 
1491 839 764 PS_STATE__EML2C07_2 305 1536 
1492 840 765 PS_STATE__EML2C09_1 305 1537 
1493 840 765 PS_STATE__EML2C09_2 305 1538 
1494 841 766 PS_STATE__EML2C11_1 305 1539 
1495 841 766 PS_STATE__EML2C11_2 305 1540 
1496 842 767 PS_STATE__EML2C13_1 305 1541 
1497 842 767 PS_STATE__EML2C13_2 305 1542 
1498 843 768 PS_STATE__EML2C15_1 305 1543 
1499 843 768 PS_STATE__EML2C15_2 305 1544 
1500 844 769 PS_STATE__EML3A01_1 304 1545 
1501 844 769 PS_STATE__EML3A01_2 304 1546 
1502 845 770 PS_STATE__EML3A03_1 304 1547 
1503 845 770 PS_STATE__EML3A03_2 304 1548 
1504 846 771 PS_STATE__EML3A05_1 304 1549 
1505 846 771 PS_STATE__EML3A05_2 304 1550 
1506 847 772 PS_STATE__EML3A07_1 304 1551 
1507 847 772 PS_STATE__EML3A07_2 304 1552 
1508 848 773 PS_STATE__EML3A09_1 304 1553 
1509 848 773 PS_STATE__EML3A09_2 304 1554 
1510 849 774 PS_STATE__EML3A11_1 304 1555 
1511 849 774 PS_STATE__EML3A11_2 304 1556 
1512 850 775 PS_STATE__EML3A13_1 304 1557 
1513 850 775 PS_STATE__EML3A13_2 304 1558 
1514 851 776 PS_STATE__EML3A15_1 304 1559 
1515 851 776 PS_STATE__EML3A15_2 304 1560 
1516 852 777 PS_STATE__EML3C01_1 305 1561 
1517 852 777 PS_STATE__EML3C01_2 305 1562 
1518 32 778 PS_STATE__EML3C03_1 305 1563 
1519 32 778 PS_STATE__EML3C03_2 305 1564 
1520 853 779 PS_STATE__EML3C05_1 305 1565 
1521 853 779 PS_STATE__EML3C05_2 305 1566 
1522 854 780 PS_STATE__EML3C07_1 305 1567 
1523 854 780 PS_STATE__EML3C07_2 305 1568 
1524 855 781 PS_STATE__EML3C09_1 305 1569 
1525 855 781 PS_STATE__EML3C09_2 305 1570 
1526 856 782 PS_STATE__EML3C11_1 305 1571 
1527 856 782 PS_STATE__EML3C11_2 305 1572 
1528 857 783 PS_STATE__EML3C13_1 305 1573 
1529 857 783 PS_STATE__EML3C13_2 305 1574 
1530 858 784 PS_STATE__EML3C15_1 305 1575 
1531 858 784 PS_STATE__EML3C15_2 305 1576 
1532 859 785 PS_STATE__EML4A01_1 304 1577 
1533 859 785 PS_STATE__EML4A01_2 304 1578 
1534 860 786 PS_STATE__EML4A03_1 304 1579 
1535 860 786 PS_STATE__EML4A03_2 304 1580 
1536 861 787 PS_STATE__EML4A05_1 304 1581 
1537 861 787 PS_STATE__EML4A05_2 304 1582 
1538 862 788 PS_STATE__EML4A07_1 304 1583 
1539 862 788 PS_STATE__EML4A07_2 304 1584 
1540 863 789 PS_STATE__EML4A09_1 304 1585 
1541 863 789 PS_STATE__EML4A09_2 304 1586 
1542 864 790 PS_STATE__EML4A11_1 304 1587 
1543 864 790 PS_STATE__EML4A11_2 304 1588 
1544 865 791 PS_STATE__EML4A13_1 304 1589 
1545 865 791 PS_STATE__EML4A13_2 304 1590 
1546 866 792 PS_STATE__EML4A15_1 304 1591 
1547 866 792 PS_STATE__EML4A15_2 304 1592 
1548 867 793 PS_STATE__EML4C01_1 305 1593 
1549 867 793 PS_STATE__EML4C01_2 305 1594 
1550 33 794 PS_STATE__EML4C03_1 305 1595 
1551 33 794 PS_STATE__EML4C03_2 305 1596 
1552 868 795 PS_STATE__EML4C05_1 305 1597 
1553 868 795 PS_STATE__EML4C05_2 305 1598 
1554 869 796 PS_STATE__EML4C07_1 305 1599 
1555 869 796 PS_STATE__EML4C07_2 305 1600 
1556 870 797 PS_STATE__EML4C09_1 305 1601 
1557 870 797 PS_STATE__EML4C09_2 305 1602 
1558 871 798 PS_STATE__EML4C11_1 305 1603 
1559 871 798 PS_STATE__EML4C11_2 305 1604 
1560 872 799 PS_STATE__EML4C13_1 305 1605 
1561 872 799 PS_STATE__EML4C13_2 305 1606 
1562 873 800 PS_STATE__EML4C15_1 305 1607 
1563 873 800 PS_STATE__EML4C15_2 305 1608 
1564 874 801 PS_STATE__EML5A01_1 304 1609 
1565 874 801 PS_STATE__EML5A01_2 304 1610 
1566 875 802 PS_STATE__EML5A03_1 304 1611 
1567 875 802 PS_STATE__EML5A03_2 304 1612 
1568 876 803 PS_STATE__EML5A05_1 304 1613 
1569 876 803 PS_STATE__EML5A05_2 304 1614 
1570 877 804 PS_STATE__EML5A07_1 304 1615 
1571 877 804 PS_STATE__EML5A07_2 304 1616 
1572 878 805 PS_STATE__EML5A09_1 304 1617 
1573 878 805 PS_STATE__EML5A09_2 304 1618 
1574 879 806 PS_STATE__EML5A11_1 304 1619 
1575 879 806 PS_STATE__EML5A11_2 304 1620 
1576 880 807 PS_STATE__EML5A13_1 304 1621 
1577 880 807 PS_STATE__EML5A13_2 304 1622 
1578 881 808 PS_STATE__EML5A15_1 304 1623 
1579 881 808 PS_STATE__EML5A15_2 304 1624 
1580 882 809 PS_STATE__EML5C01_1 305 1625 
1581 882 809 PS_STATE__EML5C01_2 305 1626 
1582 34 810 PS_STATE__EML5C03_1 305 1627 
1583 34 810 PS_STATE__EML5C03_2 305 1628 
1584 883 811 PS_STATE__EML5C05_1 305 1629 
1585 883 811 PS_STATE__EML5C05_2 305 1630 
1586 884 812 PS_STATE__EML5C07_1 305 1631 
1587 884 812 PS_STATE__EML5C07_2 305 1632 
1588 885 813 PS_STATE__EML5C09_1 305 1633 
1589 885 813 PS_STATE__EML5C09_2 305 1634 
1590 886 814 PS_STATE__EML5C11_1 305 1635 
1591 886 814 PS_STATE__EML5C11_2 305 1636 
1592 887 815 PS_STATE__EML5C13_1 305 1637 
1593 887 815 PS_STATE__EML5C13_2 305 1638 
1594 888 816 PS_STATE__EML5C15_1 305 1639 
1595 888 816 PS_STATE__EML5C15_2 305 1640 
1596 889 957 PS_STATE__EMS1A02_1 304 1641 
1597 889 957 PS_STATE__EMS1A02_2 304 1642 
1598 890 958 PS_STATE__EMS1A04_1 304 1643 
1599 890 958 PS_STATE__EMS1A04_2 304 1644 
1600 891 959 PS_STATE__EMS1A06_1 304 1645 
1601 891 959 PS_STATE__EMS1A06_2 304 1646 
1602 892 960 PS_STATE__EMS1A08_1 304 1647 
1603 892 960 PS_STATE__EMS1A08_2 304 1648 
1604 893 961 PS_STATE__EMS1A10_1 304 1649 
1605 893 961 PS_STATE__EMS1A10_2 304 1650 
1606 894 962 PS_STATE__EMS1A12_1 304 1651 
1607 894 962 PS_STATE__EMS1A12_2 304 1652 
1608 895 963 PS_STATE__EMS1A14_1 304 1653 
1609 895 963 PS_STATE__EMS1A14_2 304 1654 
1610 212 964 PS_STATE__EMS1A16_1 304 1655 
1611 212 964 PS_STATE__EMS1A16_2 304 1656 
1612 896 817 PS_STATE__EMS1C02_1 305 1657 
1613 896 817 PS_STATE__EMS1C02_2 305 1658 
1614 35 818 PS_STATE__EMS1C04_1 305 1659 
1615 35 818 PS_STATE__EMS1C04_2 305 1660 
1616 897 819 PS_STATE__EMS1C06_1 305 1661 
1617 897 819 PS_STATE__EMS1C06_2 305 1662 
1618 898 820 PS_STATE__EMS1C08_1 305 1663 
1619 898 820 PS_STATE__EMS1C08_2 305 1664 
1620 899 821 PS_STATE__EMS1C10_1 305 1665 
1621 899 821 PS_STATE__EMS1C10_2 305 1666 
1622 900 822 PS_STATE__EMS1C12_1 305 1667 
1623 900 822 PS_STATE__EMS1C12_2 305 1668 
1624 901 823 PS_STATE__EMS1C14_1 305 1669 
1625 901 823 PS_STATE__EMS1C14_2 305 1670 
1626 902 824 PS_STATE__EMS1C16_1 305 1671 
1627 902 824 PS_STATE__EMS1C16_2 305 1672 
1628 903 965 PS_STATE__EMS2A02_1 304 1673 
1629 903 965 PS_STATE__EMS2A02_2 304 1674 
1630 904 966 PS_STATE__EMS2A04_1 304 1675 
1631 904 966 PS_STATE__EMS2A04_2 304 1676 
1632 905 967 PS_STATE__EMS2A06_1 304 1677 
1633 905 967 PS_STATE__EMS2A06_2 304 1678 
1634 906 968 PS_STATE__EMS2A08_1 304 1679 
1635 906 968 PS_STATE__EMS2A08_2 304 1680 
1636 907 969 PS_STATE__EMS2A10_1 304 1681 
1637 907 969 PS_STATE__EMS2A10_2 304 1682 
1638 908 970 PS_STATE__EMS2A12_1 304 1683 
1639 908 970 PS_STATE__EMS2A12_2 304 1684 
1640 909 971 PS_STATE__EMS2A14_1 304 1685 
1641 909 971 PS_STATE__EMS2A14_2 304 1686 
1642 910 972 PS_STATE__EMS2A16_1 304 1687 
1643 910 972 PS_STATE__EMS2A16_2 304 1688 
1644 911 825 PS_STATE__EMS2C02_1 305 1689 
1645 911 825 PS_STATE__EMS2C02_2 305 1690 
1646 912 826 PS_STATE__EMS2C04_1 305 1691 
1647 912 826 PS_STATE__EMS2C04_2 305 1692 
1648 913 827 PS_STATE__EMS2C06_1 305 1693 
1649 913 827 PS_STATE__EMS2C06_2 305 1694 
1650 914 828 PS_STATE__EMS2C08_1 305 1695 
1651 914 828 PS_STATE__EMS2C08_2 305 1696 
1652 915 829 PS_STATE__EMS2C10_1 305 1697 
1653 915 829 PS_STATE__EMS2C10_2 305 1698 
1654 916 830 PS_STATE__EMS2C12_1 305 1699 
1655 916 830 PS_STATE__EMS2C12_2 305 1700 
1656 917 831 PS_STATE__EMS2C14_1 305 1701 
1657 917 831 PS_STATE__EMS2C14_2 305 1702 
1658 918 832 PS_STATE__EMS2C16_1 305 1703 
1659 918 832 PS_STATE__EMS2C16_2 305 1704 
1660 919 973 PS_STATE__EMS3A02_1 304 1705 
1661 919 973 PS_STATE__EMS3A02_2 304 1706 
1662 920 974 PS_STATE__EMS3A04_1 304 1707 
1663 920 974 PS_STATE__EMS3A04_2 304 1708 
1664 921 975 PS_STATE__EMS3A06_1 304 1709 
1665 921 975 PS_STATE__EMS3A06_2 304 1710 
1666 922 976 PS_STATE__EMS3A08_1 304 1711 
1667 922 976 PS_STATE__EMS3A08_2 304 1712 
1668 923 977 PS_STATE__EMS3A10_1 304 1713 
1669 923 977 PS_STATE__EMS3A10_2 304 1714 
1670 924 978 PS_STATE__EMS3A12_1 304 1715 
1671 924 978 PS_STATE__EMS3A12_2 304 1716 
1672 925 979 PS_STATE__EMS3A14_1 304 1717 
1673 925 979 PS_STATE__EMS3A14_2 304 1718 
1674 926 980 PS_STATE__EMS3A16_1 304 1719 
1675 926 980 PS_STATE__EMS3A16_2 304 1720 
1676 36 833 PS_STATE__EMS3C02_1 305 1721 
1677 36 833 PS_STATE__EMS3C02_2 305 1722 
1678 927 834 PS_STATE__EMS3C04_1 305 1723 
1679 927 834 PS_STATE__EMS3C04_2 305 1724 
1680 928 835 PS_STATE__EMS3C06_1 305 1725 
1681 928 835 PS_STATE__EMS3C06_2 305 1726 
1682 929 836 PS_STATE__EMS3C08_1 305 1727 
1683 929 836 PS_STATE__EMS3C08_2 305 1728 
1684 930 837 PS_STATE__EMS3C10_1 305 1729 
1685 930 837 PS_STATE__EMS3C10_2 305 1730 
1686 931 838 PS_STATE__EMS3C12_1 305 1731 
1687 931 838 PS_STATE__EMS3C12_2 305 1732 
1688 932 839 PS_STATE__EMS3C14_1 305 1733 
1689 932 839 PS_STATE__EMS3C14_2 305 1734 
1690 933 840 PS_STATE__EMS3C16_1 305 1735 
1691 933 840 PS_STATE__EMS3C16_2 305 1736 
1692 934 981 PS_STATE__EMS4A02_1 304 1737 
1693 934 981 PS_STATE__EMS4A02_2 304 1738 
1694 935 982 PS_STATE__EMS4A04_1 304 1739 
1695 935 982 PS_STATE__EMS4A04_2 304 1740 
1696 936 983 PS_STATE__EMS4A06_1 304 1741 
1697 936 983 PS_STATE__EMS4A06_2 304 1742 
1698 937 984 PS_STATE__EMS4A08_1 304 1743 
1699 937 984 PS_STATE__EMS4A08_2 304 1744 
1700 938 985 PS_STATE__EMS4A10_1 304 1745 
1701 938 985 PS_STATE__EMS4A10_2 304 1746 
1702 939 986 PS_STATE__EMS4A12_1 304 1747 
1703 939 986 PS_STATE__EMS4A12_2 304 1748 
1704 940 987 PS_STATE__EMS4A14_1 304 1749 
1705 940 987 PS_STATE__EMS4A14_2 304 1750 
1706 941 988 PS_STATE__EMS4A16_1 304 1751 
1707 941 988 PS_STATE__EMS4A16_2 304 1752 
1708 37 841 PS_STATE__EMS4C02_1 305 1753 
1709 37 841 PS_STATE__EMS4C02_2 305 1754 
1710 942 842 PS_STATE__EMS4C04_1 305 1755 
1711 942 842 PS_STATE__EMS4C04_2 305 1756 
1712 943 843 PS_STATE__EMS4C06_1 305 1757 
1713 943 843 PS_STATE__EMS4C06_2 305 1758 
1714 944 844 PS_STATE__EMS4C08_1 305 1759 
1715 944 844 PS_STATE__EMS4C08_2 305 1760 
1716 945 845 PS_STATE__EMS4C10_1 305 1761 
1717 945 845 PS_STATE__EMS4C10_2 305 1762 
1718 946 846 PS_STATE__EMS4C12_1 305 1763 
1719 946 846 PS_STATE__EMS4C12_2 305 1764 
1720 947 847 PS_STATE__EMS4C14_1 305 1765 
1721 947 847 PS_STATE__EMS4C14_2 305 1766 
1722 948 848 PS_STATE__EMS4C16_1 305 1767 
1723 948 848 PS_STATE__EMS4C16_2 305 1768 
1724 949 989 PS_STATE__EMS5A02_1 304 1769 
1725 949 989 PS_STATE__EMS5A02_2 304 1770 
1726 950 990 PS_STATE__EMS5A04_1 304 1771 
1727 950 990 PS_STATE__EMS5A04_2 304 1772 
1728 951 991 PS_STATE__EMS5A06_1 304 1773 
1729 951 991 PS_STATE__EMS5A06_2 304 1774 
1730 952 992 PS_STATE__EMS5A08_1 304 1775 
1731 952 992 PS_STATE__EMS5A08_2 304 1776 
1732 953 993 PS_STATE__EMS5A10_1 304 1777 
1733 953 993 PS_STATE__EMS5A10_2 304 1778 
1734 954 994 PS_STATE__EMS5A12_1 304 1779 
1735 954 994 PS_STATE__EMS5A12_2 304 1780 
1736 213 995 PS_STATE__EMS5A14_1 304 1781 
1737 213 995 PS_STATE__EMS5A14_2 304 1782 
1738 955 996 PS_STATE__EMS5A16_1 304 1783 
1739 955 996 PS_STATE__EMS5A16_2 304 1784 
1740 38 849 PS_STATE__EMS5C02_1 305 1785 
1741 38 849 PS_STATE__EMS5C02_2 305 1786 
1742 956 850 PS_STATE__EMS5C04_1 305 1787 
1743 956 850 PS_STATE__EMS5C04_2 305 1788 
1744 957 851 PS_STATE__EMS5C06_1 305 1789 
1745 957 851 PS_STATE__EMS5C06_2 305 1790 
1746 958 852 PS_STATE__EMS5C08_1 305 1791 
1747 958 852 PS_STATE__EMS5C08_2 305 1792 
1748 959 853 PS_STATE__EMS5C10_1 305 1793 
1749 959 853 PS_STATE__EMS5C10_2 305 1794 
1750 960 854 PS_STATE__EMS5C12_1 305 1795 
1751 960 854 PS_STATE__EMS5C12_2 305 1796 
1752 961 855 PS_STATE__EMS5C14_1 305 1797 
1753 961 855 PS_STATE__EMS5C14_2 305 1798 
1754 962 856 PS_STATE__EMS5C16_1 305 1799 
1755 962 856 PS_STATE__EMS5C16_2 305 1800 
1756 963 997 PS_STATE__EOL1A01_1 304 1801 
1757 963 997 PS_STATE__EOL1A01_2 304 1802 
1758 964 998 PS_STATE__EOL1A03_1 304 1803 
1759 964 998 PS_STATE__EOL1A03_2 304 1804 
1760 965 999 PS_STATE__EOL1A05_1 304 1805 
1761 965 999 PS_STATE__EOL1A05_2 304 1806 
1762 966 1000 PS_STATE__EOL1A07_1 304 1807 
1763 966 1000 PS_STATE__EOL1A07_2 304 1808 
1764 967 1001 PS_STATE__EOL1A09_1 304 1809 
1765 967 1001 PS_STATE__EOL1A09_2 304 1810 
1766 968 1002 PS_STATE__EOL1A11_1 304 1811 
1767 968 1002 PS_STATE__EOL1A11_2 304 1812 
1768 969 1003 PS_STATE__EOL1A13_1 304 1813 
1769 969 1003 PS_STATE__EOL1A13_2 304 1814 
1770 970 1004 PS_STATE__EOL1A15_1 304 1815 
1771 970 1004 PS_STATE__EOL1A15_2 304 1816 
1772 971 857 PS_STATE__EOL1C01_1 305 1817 
1773 971 857 PS_STATE__EOL1C01_2 305 1818 
1774 972 858 PS_STATE__EOL1C03_1 305 1819 
1775 972 858 PS_STATE__EOL1C03_2 305 1820 
1776 973 859 PS_STATE__EOL1C05_1 305 1821 
1777 973 859 PS_STATE__EOL1C05_2 305 1822 
1778 974 860 PS_STATE__EOL1C07_1 305 1823 
1779 974 860 PS_STATE__EOL1C07_2 305 1824 
1780 975 861 PS_STATE__EOL1C09_1 305 1825 
1781 975 861 PS_STATE__EOL1C09_2 305 1826 
1782 976 862 PS_STATE__EOL1C11_1 305 1827 
1783 976 862 PS_STATE__EOL1C11_2 305 1828 
1784 977 863 PS_STATE__EOL1C13_1 305 1829 
1785 977 863 PS_STATE__EOL1C13_2 305 1830 
1786 978 864 PS_STATE__EOL1C15_1 305 1831 
1787 978 864 PS_STATE__EOL1C15_2 305 1832 
1788 979 1005 PS_STATE__EOL2A01_1 304 1833 
1789 979 1005 PS_STATE__EOL2A01_2 304 1834 
1790 980 1006 PS_STATE__EOL2A03_1 304 1835 
1791 980 1006 PS_STATE__EOL2A03_2 304 1836 
1792 981 1007 PS_STATE__EOL2A05_1 304 1837 
1793 981 1007 PS_STATE__EOL2A05_2 304 1838 
1794 982 1008 PS_STATE__EOL2A07_1 304 1839 
1795 982 1008 PS_STATE__EOL2A07_2 304 1840 
1796 983 1009 PS_STATE__EOL2A09_1 304 1841 
1797 983 1009 PS_STATE__EOL2A09_2 304 1842 
1798 984 1010 PS_STATE__EOL2A11_1 304 1843 
1799 984 1010 PS_STATE__EOL2A11_2 304 1844 
1800 985 1011 PS_STATE__EOL2A13_1 304 1845 
1801 985 1011 PS_STATE__EOL2A13_2 304 1846 
1802 986 1012 PS_STATE__EOL2A15_1 304 1847 
1803 986 1012 PS_STATE__EOL2A15_2 304 1848 
1804 987 865 PS_STATE__EOL2C01_1 305 1849 
1805 987 865 PS_STATE__EOL2C01_2 305 1850 
1806 988 866 PS_STATE__EOL2C03_1 305 1851 
1807 988 866 PS_STATE__EOL2C03_2 305 1852 
1808 989 867 PS_STATE__EOL2C05_1 305 1853 
1809 989 867 PS_STATE__EOL2C05_2 305 1854 
1810 990 868 PS_STATE__EOL2C07_1 305 1855 
1811 990 868 PS_STATE__EOL2C07_2 305 1856 
1812 991 869 PS_STATE__EOL2C09_1 305 1857 
1813 991 869 PS_STATE__EOL2C09_2 305 1858 
1814 992 870 PS_STATE__EOL2C11_1 305 1859 
1815 992 870 PS_STATE__EOL2C11_2 305 1860 
1816 993 871 PS_STATE__EOL2C13_1 305 1861 
1817 993 871 PS_STATE__EOL2C13_2 305 1862 
1818 994 872 PS_STATE__EOL2C15_1 305 1863 
1819 994 872 PS_STATE__EOL2C15_2 305 1864 
1820 995 1013 PS_STATE__EOL3A01_1 304 1865 
1821 995 1013 PS_STATE__EOL3A01_2 304 1866 
1822 996 1014 PS_STATE__EOL3A03_1 304 1867 
1823 996 1014 PS_STATE__EOL3A03_2 304 1868 
1824 997 1015 PS_STATE__EOL3A05_1 304 1869 
1825 997 1015 PS_STATE__EOL3A05_2 304 1870 
1826 998 1016 PS_STATE__EOL3A07_1 304 1871 
1827 998 1016 PS_STATE__EOL3A07_2 304 1872 
1828 999 1017 PS_STATE__EOL3A09_1 304 1873 
1829 999 1017 PS_STATE__EOL3A09_2 304 1874 
1830 1000 955 PS_STATE__EOL3A11_1 304 1875 
1831 1000 955 PS_STATE__EOL3A11_2 304 1876 
1832 1001 1018 PS_STATE__EOL3A13_1 304 1877 
1833 1001 1018 PS_STATE__EOL3A13_2 304 1878 
1834 1002 1019 PS_STATE__EOL3A15_1 304 1879 
1835 1002 1019 PS_STATE__EOL3A15_2 304 1880 
1836 1003 873 PS_STATE__EOL3C01_1 305 1881 
1837 1003 873 PS_STATE__EOL3C01_2 305 1882 
1838 1004 874 PS_STATE__EOL3C03_1 305 1883 
1839 1004 874 PS_STATE__EOL3C03_2 305 1884 
1840 1005 875 PS_STATE__EOL3C05_1 305 1885 
1841 1005 875 PS_STATE__EOL3C05_2 305 1886 
1842 1006 876 PS_STATE__EOL3C07_1 305 1887 
1843 1006 876 PS_STATE__EOL3C07_2 305 1888 
1844 1007 877 PS_STATE__EOL3C09_1 305 1889 
1845 1007 877 PS_STATE__EOL3C09_2 305 1890 
1846 1008 878 PS_STATE__EOL3C11_1 305 1891 
1847 1008 878 PS_STATE__EOL3C11_2 305 1892 
1848 1009 879 PS_STATE__EOL3C13_1 305 1893 
1849 1009 879 PS_STATE__EOL3C13_2 305 1894 
1850 1010 880 PS_STATE__EOL3C15_1 305 1895 
1851 1010 880 PS_STATE__EOL3C15_2 305 1896 
1852 1011 1020 PS_STATE__EOL4A01_1 304 1897 
1853 1011 1020 PS_STATE__EOL4A01_2 304 1898 
1854 1012 1021 PS_STATE__EOL4A03_1 304 1899 
1855 1012 1021 PS_STATE__EOL4A03_2 304 1900 
1856 1013 1022 PS_STATE__EOL4A05_1 304 1901 
1857 1013 1022 PS_STATE__EOL4A05_2 304 1902 
1858 1014 1023 PS_STATE__EOL4A07_1 304 1903 
1859 1014 1023 PS_STATE__EOL4A07_2 304 1904 
1860 1015 1024 PS_STATE__EOL4A09_1 304 1905 
1861 1015 1024 PS_STATE__EOL4A09_2 304 1906 
1862 1016 1025 PS_STATE__EOL4A11_1 304 1907 
1863 1016 1025 PS_STATE__EOL4A11_2 304 1908 
1864 1017 1026 PS_STATE__EOL4A13_1 304 1909 
1865 1017 1026 PS_STATE__EOL4A13_2 304 1910 
1866 1018 1027 PS_STATE__EOL4A15_1 304 1911 
1867 1018 1027 PS_STATE__EOL4A15_2 304 1912 
1868 1019 881 PS_STATE__EOL4C01_1 305 1913 
1869 1019 881 PS_STATE__EOL4C01_2 305 1914 
1870 1020 882 PS_STATE__EOL4C03_1 305 1915 
1871 1020 882 PS_STATE__EOL4C03_2 305 1916 
1872 1021 883 PS_STATE__EOL4C05_1 305 1917 
1873 1021 883 PS_STATE__EOL4C05_2 305 1918 
1874 1022 884 PS_STATE__EOL4C07_1 305 1919 
1875 1022 884 PS_STATE__EOL4C07_2 305 1920 
1876 1023 885 PS_STATE__EOL4C09_1 305 1921 
1877 1023 885 PS_STATE__EOL4C09_2 305 1922 
1878 1024 886 PS_STATE__EOL4C11_1 305 1923 
1879 1024 886 PS_STATE__EOL4C11_2 305 1924 
1880 1025 887 PS_STATE__EOL4C13_1 305 1925 
1881 1025 887 PS_STATE__EOL4C13_2 305 1926 
1882 1026 888 PS_STATE__EOL4C15_1 305 1927 
1883 1026 888 PS_STATE__EOL4C15_2 305 1928 
1884 1027 1028 PS_STATE__EOL5A01_1 304 1929 
1885 1027 1028 PS_STATE__EOL5A01_2 304 1930 
1886 1028 1029 PS_STATE__EOL5A03_1 304 1931 
1887 1028 1029 PS_STATE__EOL5A03_2 304 1932 
1888 1029 1030 PS_STATE__EOL5A05_1 304 1933 
1889 1029 1030 PS_STATE__EOL5A05_2 304 1934 
1890 1030 1031 PS_STATE__EOL5A07_1 304 1935 
1891 1030 1031 PS_STATE__EOL5A07_2 304 1936 
1892 1031 1032 PS_STATE__EOL5A09_1 304 1937 
1893 1031 1032 PS_STATE__EOL5A09_2 304 1938 
1894 1032 1033 PS_STATE__EOL5A11_1 304 1939 
1895 1032 1033 PS_STATE__EOL5A11_2 304 1940 
1896 1033 1034 PS_STATE__EOL5A13_1 304 1941 
1897 1033 1034 PS_STATE__EOL5A13_2 304 1942 
1898 1034 1035 PS_STATE__EOL5A15_1 304 1943 
1899 1034 1035 PS_STATE__EOL5A15_2 304 1944 
1900 1035 889 PS_STATE__EOL5C01_1 305 1945 
1901 1035 889 PS_STATE__EOL5C01_2 305 1946 
1902 1036 890 PS_STATE__EOL5C03_1 305 1947 
1903 1036 890 PS_STATE__EOL5C03_2 305 1948 
1904 1037 891 PS_STATE__EOL5C05_1 305 1949 
1905 1037 891 PS_STATE__EOL5C05_2 305 1950 
1906 214 892 PS_STATE__EOL5C07_1 305 1951 
1907 214 892 PS_STATE__EOL5C07_2 305 1952 
1908 1038 893 PS_STATE__EOL5C09_1 305 1953 
1909 1038 893 PS_STATE__EOL5C09_2 305 1954 
1910 1039 894 PS_STATE__EOL5C11_1 305 1955 
1911 1039 894 PS_STATE__EOL5C11_2 305 1956 
1912 1040 895 PS_STATE__EOL5C13_1 305 1957 
1913 1040 895 PS_STATE__EOL5C13_2 305 1958 
1914 1041 896 PS_STATE__EOL5C15_1 305 1959 
1915 1041 896 PS_STATE__EOL5C15_2 305 1960 
1916 1042 1036 PS_STATE__EOL6A01_1 304 1961 
1917 1042 1036 PS_STATE__EOL6A01_2 304 1962 
1918 1043 1037 PS_STATE__EOL6A03_1 304 1963 
1919 1043 1037 PS_STATE__EOL6A03_2 304 1964 
1920 1044 1038 PS_STATE__EOL6A05_1 304 1965 
1921 1044 1038 PS_STATE__EOL6A05_2 304 1966 
1922 1045 1039 PS_STATE__EOL6A07_1 304 1967 
1923 1045 1039 PS_STATE__EOL6A07_2 304 1968 
1924 1046 1040 PS_STATE__EOL6A09_1 304 1969 
1925 1046 1040 PS_STATE__EOL6A09_2 304 1970 
1926 1047 1041 PS_STATE__EOL6A11_1 304 1971 
1927 1047 1041 PS_STATE__EOL6A11_2 304 1972 
1928 1048 1042 PS_STATE__EOL6A13_1 304 1973 
1929 1048 1042 PS_STATE__EOL6A13_2 304 1974 
1930 1049 1043 PS_STATE__EOL6A15_1 304 1975 
1931 1049 1043 PS_STATE__EOL6A15_2 304 1976 
1932 1050 897 PS_STATE__EOL6C01_1 305 1977 
1933 1050 897 PS_STATE__EOL6C01_2 305 1978 
1934 1051 898 PS_STATE__EOL6C03_1 305 1979 
1935 1051 898 PS_STATE__EOL6C03_2 305 1980 
1936 1052 899 PS_STATE__EOL6C05_1 305 1981 
1937 1052 899 PS_STATE__EOL6C05_2 305 1982 
1938 215 900 PS_STATE__EOL6C07_1 305 1983 
1939 215 900 PS_STATE__EOL6C07_2 305 1984 
1940 1053 901 PS_STATE__EOL6C09_1 305 1985 
1941 1053 901 PS_STATE__EOL6C09_2 305 1986 
1942 1054 902 PS_STATE__EOL6C11_1 305 1987 
1943 1054 902 PS_STATE__EOL6C11_2 305 1988 
1944 1055 903 PS_STATE__EOL6C13_1 305 1989 
1945 1055 903 PS_STATE__EOL6C13_2 305 1990 
1946 1056 904 PS_STATE__EOL6C15_1 305 1991 
1947 1056 904 PS_STATE__EOL6C15_2 305 1992 
1948 1057 1044 PS_STATE__EOS1A02_1 304 1993 
1949 1057 1044 PS_STATE__EOS1A02_2 304 1994 
1950 1058 1045 PS_STATE__EOS1A04_1 304 1995 
1951 1058 1045 PS_STATE__EOS1A04_2 304 1996 
1952 1059 1046 PS_STATE__EOS1A06_1 304 1997 
1953 1059 1046 PS_STATE__EOS1A06_2 304 1998 
1954 1060 1047 PS_STATE__EOS1A08_1 304 1999 
1955 1060 1047 PS_STATE__EOS1A08_2 304 2000 
1956 1061 1048 PS_STATE__EOS1A10_1 304 2001 
1957 1061 1048 PS_STATE__EOS1A10_2 304 2002 
1958 1062 1049 PS_STATE__EOS1A12_1 304 2003 
1959 1062 1049 PS_STATE__EOS1A12_2 304 2004 
1960 1063 1050 PS_STATE__EOS1A14_1 304 2005 
1961 1063 1050 PS_STATE__EOS1A14_2 304 2006 
1962 1064 1051 PS_STATE__EOS1A16_1 304 2007 
1963 1064 1051 PS_STATE__EOS1A16_2 304 2008 
1964 1065 905 PS_STATE__EOS1C02_1 305 2009 
1965 1065 905 PS_STATE__EOS1C02_2 305 2010 
1966 1066 906 PS_STATE__EOS1C04_1 305 2011 
1967 1066 906 PS_STATE__EOS1C04_2 305 2012 
1968 1067 907 PS_STATE__EOS1C06_1 305 2013 
1969 1067 907 PS_STATE__EOS1C06_2 305 2014 
1970 1068 908 PS_STATE__EOS1C08_1 305 2015 
1971 1068 908 PS_STATE__EOS1C08_2 305 2016 
1972 1069 909 PS_STATE__EOS1C10_1 305 2017 
1973 1069 909 PS_STATE__EOS1C10_2 305 2018 
1974 1070 910 PS_STATE__EOS1C12_1 305 2019 
1975 1070 910 PS_STATE__EOS1C12_2 305 2020 
1976 1071 911 PS_STATE__EOS1C14_1 305 2021 
1977 1071 911 PS_STATE__EOS1C14_2 305 2022 
1978 1072 912 PS_STATE__EOS1C16_1 305 2023 
1979 1072 912 PS_STATE__EOS1C16_2 305 2024 
1980 1073 1052 PS_STATE__EOS2A02_1 304 2025 
1981 1073 1052 PS_STATE__EOS2A02_2 304 2026 
1982 1074 1053 PS_STATE__EOS2A04_1 304 2027 
1983 1074 1053 PS_STATE__EOS2A04_2 304 2028 
1984 1075 1054 PS_STATE__EOS2A06_1 304 2029 
1985 1075 1054 PS_STATE__EOS2A06_2 304 2030 
1986 1076 1055 PS_STATE__EOS2A08_1 304 2031 
1987 1076 1055 PS_STATE__EOS2A08_2 304 2032 
1988 1077 1056 PS_STATE__EOS2A10_1 304 2033 
1989 1077 1056 PS_STATE__EOS2A10_2 304 2034 
1990 1078 1057 PS_STATE__EOS2A12_1 304 2035 
1991 1078 1057 PS_STATE__EOS2A12_2 304 2036 
1992 1079 1058 PS_STATE__EOS2A14_1 304 2037 
1993 1079 1058 PS_STATE__EOS2A14_2 304 2038 
1994 1080 1059 PS_STATE__EOS2A16_1 304 2039 
1995 1080 1059 PS_STATE__EOS2A16_2 304 2040 
1996 1081 913 PS_STATE__EOS2C02_1 305 2041 
1997 1081 913 PS_STATE__EOS2C02_2 305 2042 
1998 1082 914 PS_STATE__EOS2C04_1 305 2043 
1999 1082 914 PS_STATE__EOS2C04_2 305 2044 
2000 1083 915 PS_STATE__EOS2C06_1 305 2045 
2001 1083 915 PS_STATE__EOS2C06_2 305 2046 
2002 1084 916 PS_STATE__EOS2C08_1 305 2047 
2003 1084 916 PS_STATE__EOS2C08_2 305 2048 
2004 1085 917 PS_STATE__EOS2C10_1 305 2049 
2005 1085 917 PS_STATE__EOS2C10_2 305 2050 
2006 1086 918 PS_STATE__EOS2C12_1 305 2051 
2007 1086 918 PS_STATE__EOS2C12_2 305 2052 
2008 1087 919 PS_STATE__EOS2C14_1 305 2053 
2009 1087 919 PS_STATE__EOS2C14_2 305 2054 
2010 1088 920 PS_STATE__EOS2C16_1 305 2055 
2011 1088 920 PS_STATE__EOS2C16_2 305 2056 
2012 1089 1060 PS_STATE__EOS3A02_1 304 2057 
2013 1089 1060 PS_STATE__EOS3A02_2 304 2058 
2014 1090 1061 PS_STATE__EOS3A04_1 304 2059 
2015 1090 1061 PS_STATE__EOS3A04_2 304 2060 
2016 1091 1062 PS_STATE__EOS3A06_1 304 2061 
2017 1091 1062 PS_STATE__EOS3A06_2 304 2062 
2018 1092 1063 PS_STATE__EOS3A08_1 304 2063 
2019 1092 1063 PS_STATE__EOS3A08_2 304 2064 
2020 1093 1064 PS_STATE__EOS3A10_1 304 2065 
2021 1093 1064 PS_STATE__EOS3A10_2 304 2066 
2022 1094 1065 PS_STATE__EOS3A12_1 304 2067 
2023 1094 1065 PS_STATE__EOS3A12_2 304 2068 
2024 1095 1066 PS_STATE__EOS3A14_1 304 2069 
2025 1095 1066 PS_STATE__EOS3A14_2 304 2070 
2026 1096 1067 PS_STATE__EOS3A16_1 304 2071 
2027 1096 1067 PS_STATE__EOS3A16_2 304 2072 
2028 1097 921 PS_STATE__EOS3C02_1 305 2073 
2029 1097 921 PS_STATE__EOS3C02_2 305 2074 
2030 1098 922 PS_STATE__EOS3C04_1 305 2075 
2031 1098 922 PS_STATE__EOS3C04_2 305 2076 
2032 1099 923 PS_STATE__EOS3C06_1 305 2077 
2033 1099 923 PS_STATE__EOS3C06_2 305 2078 
2034 1100 924 PS_STATE__EOS3C08_1 305 2079 
2035 1100 924 PS_STATE__EOS3C08_2 305 2080 
2036 1101 925 PS_STATE__EOS3C10_1 305 2081 
2037 1101 925 PS_STATE__EOS3C10_2 305 2082 
2038 1102 926 PS_STATE__EOS3C12_1 305 2083 
2039 1102 926 PS_STATE__EOS3C12_2 305 2084 
2040 1103 927 PS_STATE__EOS3C14_1 305 2085 
2041 1103 927 PS_STATE__EOS3C14_2 305 2086 
2042 1104 928 PS_STATE__EOS3C16_1 305 2087 
2043 1104 928 PS_STATE__EOS3C16_2 305 2088 
2044 1105 1068 PS_STATE__EOS4A02_1 304 2089 
2045 1105 1068 PS_STATE__EOS4A02_2 304 2090 
2046 1106 1069 PS_STATE__EOS4A04_1 304 2091 
2047 1106 1069 PS_STATE__EOS4A04_2 304 2092 
2048 1107 1070 PS_STATE__EOS4A06_1 304 2093 
2049 1107 1070 PS_STATE__EOS4A06_2 304 2094 
2050 1108 1071 PS_STATE__EOS4A08_1 304 2095 
2051 1108 1071 PS_STATE__EOS4A08_2 304 2096 
2052 1109 1072 PS_STATE__EOS4A10_1 304 2097 
2053 1109 1072 PS_STATE__EOS4A10_2 304 2098 
2054 1110 1073 PS_STATE__EOS4A12_1 304 2099 
2055 1110 1073 PS_STATE__EOS4A12_2 304 2100 
2056 1111 1074 PS_STATE__EOS4A14_1 304 2101 
2057 1111 1074 PS_STATE__EOS4A14_2 304 2102 
2058 1112 1075 PS_STATE__EOS4A16_1 304 2103 
2059 1112 1075 PS_STATE__EOS4A16_2 304 2104 
2060 1113 929 PS_STATE__EOS4C02_1 305 2105 
2061 1113 929 PS_STATE__EOS4C02_2 305 2106 
2062 1114 930 PS_STATE__EOS4C04_1 305 2107 
2063 1114 930 PS_STATE__EOS4C04_2 305 2108 
2064 1115 931 PS_STATE__EOS4C06_1 305 2109 
2065 1115 931 PS_STATE__EOS4C06_2 305 2110 
2066 1116 932 PS_STATE__EOS4C08_1 305 2111 
2067 1116 932 PS_STATE__EOS4C08_2 305 2112 
2068 1117 933 PS_STATE__EOS4C10_1 305 2113 
2069 1117 933 PS_STATE__EOS4C10_2 305 2114 
2070 1118 934 PS_STATE__EOS4C12_1 305 2115 
2071 1118 934 PS_STATE__EOS4C12_2 305 2116 
2072 1119 935 PS_STATE__EOS4C14_1 305 2117 
2073 1119 935 PS_STATE__EOS4C14_2 305 2118 
2074 1120 936 PS_STATE__EOS4C16_1 305 2119 
2075 1120 936 PS_STATE__EOS4C16_2 305 2120 
2076 1121 1076 PS_STATE__EOS5A02_1 304 2121 
2077 1121 1076 PS_STATE__EOS5A02_2 304 2122 
2078 1122 1077 PS_STATE__EOS5A04_1 304 2123 
2079 1122 1077 PS_STATE__EOS5A04_2 304 2124 
2080 1123 1078 PS_STATE__EOS5A06_1 304 2125 
2081 1123 1078 PS_STATE__EOS5A06_2 304 2126 
2082 1124 1079 PS_STATE__EOS5A08_1 304 2127 
2083 1124 1079 PS_STATE__EOS5A08_2 304 2128 
2084 1125 1080 PS_STATE__EOS5A10_1 304 2129 
2085 1125 1080 PS_STATE__EOS5A10_2 304 2130 
2086 1126 956 PS_STATE__EOS5A12_1 304 2131 
2087 1126 956 PS_STATE__EOS5A12_2 304 2132 
2088 1127 1081 PS_STATE__EOS5A14_1 304 2133 
2089 1127 1081 PS_STATE__EOS5A14_2 304 2134 
2090 1128 1082 PS_STATE__EOS5A16_1 304 2135 
2091 1128 1082 PS_STATE__EOS5A16_2 304 2136 
2092 1129 937 PS_STATE__EOS5C02_1 305 2137 
2093 1129 937 PS_STATE__EOS5C02_2 305 2138 
2094 1130 938 PS_STATE__EOS5C04_1 305 2139 
2095 1130 938 PS_STATE__EOS5C04_2 305 2140 
2096 1131 939 PS_STATE__EOS5C06_1 305 2141 
2097 1131 939 PS_STATE__EOS5C06_2 305 2142 
2098 1132 940 PS_STATE__EOS5C08_1 305 2143 
2099 1132 940 PS_STATE__EOS5C08_2 305 2144 
2100 1133 941 PS_STATE__EOS5C10_1 305 2145 
2101 1133 941 PS_STATE__EOS5C10_2 305 2146 
2102 1134 942 PS_STATE__EOS5C12_1 305 2147 
2103 1134 942 PS_STATE__EOS5C12_2 305 2148 
2104 1135 943 PS_STATE__EOS5C14_1 305 2149 
2105 1135 943 PS_STATE__EOS5C14_2 305 2150 
2106 1136 944 PS_STATE__EOS5C16_1 305 2151 
2107 1136 944 PS_STATE__EOS5C16_2 305 2152 
2108 218 1083 PS_STATE__EOS6A02_1 304 2153 
2109 218 1083 PS_STATE__EOS6A02_2 304 2154 
2110 219 1084 PS_STATE__EOS6A04_1 304 2155 
2111 219 1084 PS_STATE__EOS6A04_2 304 2156 
2112 1137 1085 PS_STATE__EOS6A06_1 304 2157 
2113 1137 1085 PS_STATE__EOS6A06_2 304 2158 
2114 1138 1086 PS_STATE__EOS6A08_1 304 2159 
2115 1138 1086 PS_STATE__EOS6A08_2 304 2160 
2116 1139 1087 PS_STATE__EOS6A10_1 304 2161 
2117 1139 1087 PS_STATE__EOS6A10_2 304 2162 
2118 1140 1088 PS_STATE__EOS6A12_1 304 2163 
2119 1140 1088 PS_STATE__EOS6A12_2 304 2164 
2120 1141 1089 PS_STATE__EOS6A14_1 304 2165 
2121 1141 1089 PS_STATE__EOS6A14_2 304 2166 
2122 1142 1090 PS_STATE__EOS6A16_1 304 2167 
2123 1142 1090 PS_STATE__EOS6A16_2 304 2168 
2124 1143 945 PS_STATE__EOS6C02_1 305 2169 
2125 1143 945 PS_STATE__EOS6C02_2 305 2170 
2126 1144 946 PS_STATE__EOS6C04_1 305 2171 
2127 1144 946 PS_STATE__EOS6C04_2 305 2172 
2128 1145 947 PS_STATE__EOS6C06_1 305 2173 
2129 1145 947 PS_STATE__EOS6C06_2 305 2174 
2130 1146 948 PS_STATE__EOS6C08_1 305 2175 
2131 1146 948 PS_STATE__EOS6C08_2 305 2176 
2132 1147 949 PS_STATE__EOS6C10_1 305 2177 
2133 1147 949 PS_STATE__EOS6C10_2 305 2178 
2134 1148 950 PS_STATE__EOS6C12_1 305 2179 
2135 1148 950 PS_STATE__EOS6C12_2 305 2180 
2136 1149 951 PS_STATE__EOS6C14_1 305 2181 
2137 1149 951 PS_STATE__EOS6C14_2 305 2182 
2138 1150 952 PS_STATE__EOS6C16_1 305 2183 
2139 1150 952 PS_STATE__EOS6C16_2 305 2184 
2140 354 200 PS_STATE__BIS4A10_2 302 350 
2233 680 1112 PS_STATE__EEL1A03_1 304 2187 
2234 680 1112 PS_STATE__EEL1A03_2 304 2188
2239 683 1095 PS_STATE__EEL1A11_1 304 1273 
2240 683 1095 PS_STATE__EEL1A11_2 304 1274 
2241 684 1096 PS_STATE__EEL1A13_1 304 1275 
2242 684 1096 PS_STATE__EEL1A13_2 304 1276 
2245 686 1114 PS_STATE__EEL1C01_1 305 2193 
2246 686 1114 PS_STATE__EEL1C01_2 305 2194 
2247 687 1115 PS_STATE__EEL1C03_1 305 2195 
2248 687 1115 PS_STATE__EEL1C03_2 305 2196 
2249 688 1116 PS_STATE__EEL1C07_1 305 2197 
2250 688 1116 PS_STATE__EEL1C07_2 305 2198 
2251 689 1139 PS_STATE__EEL1C09_1 305 2199 
2252 689 1139 PS_STATE__EEL1C09_2 305 2200 
2253 690 1140 PS_STATE__EEL1C11_1 305 2201 
2254 690 1140 PS_STATE__EEL1C11_2 305 2202 
2255 691 1091 PS_STATE__EEL1C13_1 305 1279 
2256 691 1091 PS_STATE__EEL1C13_2 305 1280 
2257 692 1092 PS_STATE__EEL1C15_1 305 1281 
2258 692 1092 PS_STATE__EEL1C15_2 305 1282 
2261 694 1118 PS_STATE__EEL2A03_1 304 2205 
2262 694 1118 PS_STATE__EEL2A03_2 304 2206 
2267 698 1097 PS_STATE__EEL2A11_1 304 1285 
2268 698 1097 PS_STATE__EEL2A11_2 304 1286 
2269 699 1098 PS_STATE__EEL2A13_1 304 1287 
2270 699 1098 PS_STATE__EEL2A13_2 304 1288 
2273 701 1120 PS_STATE__EEL2C01_1 305 2211 
2274 701 1120 PS_STATE__EEL2C01_2 305 2212 
2275 702 1121 PS_STATE__EEL2C03_1 305 2213 
2276 702 1121 PS_STATE__EEL2C03_2 305 2214 
2277 704 1122 PS_STATE__EEL2C07_1 305 2215 
2278 704 1122 PS_STATE__EEL2C07_2 305 2216 
2279 705 1141 PS_STATE__EEL2C09_1 305 2217 
2280 705 1141 PS_STATE__EEL2C09_2 305 2218 
2281 706 1142 PS_STATE__EEL2C11_1 305 2219 
2282 706 1142 PS_STATE__EEL2C11_2 305 2220 
2283 707 1093 PS_STATE__EEL2C13_1 305 1293 
2284 707 1093 PS_STATE__EEL2C13_2 305 1294 
2285 708 1094 PS_STATE__EEL2C15_1 305 1295 
2286 708 1094 PS_STATE__EEL2C15_2 305 1296 
2303 210 1127 PS_STATE__EES1C02_1 305 2227 
2304 210 1127 PS_STATE__EES1C02_2 305 2228 
2305 211 1128 PS_STATE__EES1C04_1 305 1307 
2306 211 1128 PS_STATE__EES1C04_2 305 1308 
2307 717 1129 PS_STATE__EES1C06_1 305 1309 
2308 717 1129 PS_STATE__EES1C06_2 305 1310 
2309 718 1130 PS_STATE__EES1C08_1 305 2229 
2310 718 1130 PS_STATE__EES1C08_2 305 2230 
2311 719 1143 PS_STATE__EES1C10_1 305 2231 
2312 719 1143 PS_STATE__EES1C10_2 305 2232 
2313 720 1144 PS_STATE__EES1C12_1 305 2233 
2314 720 1144 PS_STATE__EES1C12_2 305 2234 
2315 721 1145 PS_STATE__EES1C14_1 305 1311
2316 721 1145 PS_STATE__EES1C14_2 305 1312 
2317 722 1146 PS_STATE__EES1C16_1 305 2235 
2318 722 1146 PS_STATE__EES1C16_2 305 2236 
2335 216 1135 PS_STATE__EES2C02_1 305 2243 
2336 216 1135 PS_STATE__EES2C02_2 305 2244 
2337 217 1136 PS_STATE__EES2C04_1 305 1323 
2338 217 1136 PS_STATE__EES2C04_2 305 1324 
2339 731 1137 PS_STATE__EES2C06_1 305 1325 
2340 731 1137 PS_STATE__EES2C06_2 305 1326 
2341 732 1138 PS_STATE__EES2C08_1 305 2245 
2342 732 1138 PS_STATE__EES2C08_2 305 2246 
2343 733 1147 PS_STATE__EES2C10_1 305 2247 
2344 733 1147 PS_STATE__EES2C10_2 305 2248 
2345 734 1148 PS_STATE__EES2C12_1 305 2249 
2346 734 1148 PS_STATE__EES2C12_2 305 2250 
2347 735 1149 PS_STATE__EES2C14_1 305 1327 
2348 735 1149 PS_STATE__EES2C14_2 305 1328 
2349 736 1150 PS_STATE__EES2C16_1 305 2251 
2350 736 1150 PS_STATE__EES2C16_2 305 2252
2231 0 0 PS_STATE__EEL1A01_1 0 0 
2232 0 0 PS_STATE__EEL1A01_2 0 0 
2235 0 0 PS_STATE__EEL1A07_1 0 0 
2236 0 0 PS_STATE__EEL1A07_2 0 0 
2237 0 0 PS_STATE__EEL1A09_1 0 0 
2238 0 0 PS_STATE__EEL1A09_2 0 0 
2243 0 0 PS_STATE__EEL1A15_1 0 0 
2244 0 0 PS_STATE__EEL1A15_2 0 0 
2259 0 0 PS_STATE__EEL2A01_1 0 0 
2260 0 0 PS_STATE__EEL2A01_2 0 0 
2263 0 0 PS_STATE__EEL2A07_1 0 0 
2264 0 0 PS_STATE__EEL2A07_2 0 0 
2265 0 0 PS_STATE__EEL2A09_1 0 0 
2266 0 0 PS_STATE__EEL2A09_2 0 0 
2271 0 0 PS_STATE__EEL2A15_1 0 0 
2272 0 0 PS_STATE__EEL2A15_2 0 0 
2287 0 0 PS_STATE__EES1A02_1 0 0 
2288 0 0 PS_STATE__EES1A02_2 0 0 
2289 0 0 PS_STATE__EES1A04_1 0 0 
2290 0 0 PS_STATE__EES1A04_2 0 0 
2291 0 0 PS_STATE__EES1A06_1 0 0 
2292 0 0 PS_STATE__EES1A06_2 0 0 
2293 0 0 PS_STATE__EES1A08_1 0 0 
2294 0 0 PS_STATE__EES1A08_2 0 0 
2295 0 0 PS_STATE__EES1A10_1 0 0 
2296 0 0 PS_STATE__EES1A10_2 0 0 
2297 0 0 PS_STATE__EES1A12_1 0 0 
2298 0 0 PS_STATE__EES1A12_2 0 0 
2299 0 0 PS_STATE__EES1A14_1 0 0 
2300 0 0 PS_STATE__EES1A14_2 0 0 
2301 0 0 PS_STATE__EES1A16_1 0 0 
2302 0 0 PS_STATE__EES1A16_2 0 0 
2319 0 0 PS_STATE__EES2A02_1 0 0 
2320 0 0 PS_STATE__EES2A02_2 0 0 
2321 0 0 PS_STATE__EES2A04_1 0 0 
2322 0 0 PS_STATE__EES2A04_2 0 0 
2323 0 0 PS_STATE__EES2A06_1 0 0 
2324 0 0 PS_STATE__EES2A06_2 0 0 
2325 0 0 PS_STATE__EES2A08_1 0 0 
2326 0 0 PS_STATE__EES2A08_2 0 0 
2327 0 0 PS_STATE__EES2A10_1 0 0 
2328 0 0 PS_STATE__EES2A10_2 0 0 
2329 0 0 PS_STATE__EES2A12_1 0 0 
2330 0 0 PS_STATE__EES2A12_2 0 0 
2331 0 0 PS_STATE__EES2A14_1 0 0 
2332 0 0 PS_STATE__EES2A14_2 0 0 
2333 0 0 PS_STATE__EES2A16_1 0 0 

