 'A3.00.02'     1   84    6   38.025    5.066
 'A3.00.02'     1   84    8   38.025    6.625
 'A3.00.02'     1   85    7   38.475    5.846
 'A3.00.02'     1   86    6   38.925    5.066
 'A3.00.02'     1   86    8   38.925    6.625
 'A3.00.02'     1   87    7   39.375    5.846
 'A3.00.02'     1   88    6   39.825    5.066
 'A3.00.02'     1   88    8   39.825    6.625
 'A3.00.02'     1   89    7   40.275    5.846
 'A3.00.02'     2   90    6   40.725    5.066
 'A3.00.02'     2   90    8   40.725    6.625
 'A3.00.02'     2   91    7   41.175    5.846
 'A3.00.02'     2   92    6   41.625    5.066
 'A3.00.02'     2   92    8   41.625    6.625
 'A3.00.02'     2   93    7   42.075    5.846
 'A3.00.02'     2   94    6   42.525    5.066
 'A3.00.02'     2   95    7   42.975    5.846
 'A3.00.02'     2   96    6   43.425    5.066
 'A3.00.02'     3   84   10   38.025    8.184
 'A3.00.02'     3   85   11   38.475    8.963
 'A3.00.02'     3   85    9   38.475    7.405
 'A3.00.02'     3   86   10   38.925    8.184
 'A3.00.02'     3   87   11   39.375    8.963
 'A3.00.02'     3   87    9   39.375    7.405
 'A3.00.02'     3   88   10   39.825    8.184
 'A3.00.02'     3   89   11   40.275    8.963
 'A3.00.02'     3   89    9   40.275    7.405
 'A3.00.02'     4   90   10   40.725    8.184
 'A3.00.02'     4   90   12   40.725    9.743
 'A3.00.02'     4   91   11   41.175    8.963
 'A3.00.02'     4   91    9   41.175    7.405
 'A3.00.02'     4   92   10   41.625    8.184
 'A3.00.02'     4   92   12   41.625    9.743
 'A3.00.02'     4   93   11   42.075    8.963
 'A3.00.02'     4   93    9   42.075    7.405
 'A3.00.02'     4   94    8   42.525    6.625
 'A3.04.03'     5  -19   49   -8.325   38.581
 'A3.04.03'     5  -20   48   -8.775   37.802
 'A3.04.03'     5  -20   50   -8.775   39.361
 'A3.04.03'     5  -21   49   -9.225   38.581
 'A3.04.03'     5  -22   48   -9.675   37.802
 'A3.04.03'     5  -22   50   -9.675   39.361
 'A3.04.03'     5  -23   49  -10.125   38.581
 'A3.04.03'     5  -24   48  -10.575   37.802
 'A3.04.03'     5  -24   50  -10.575   39.361
 'A3.04.03'     6  -13   49   -5.625   38.581
 'A3.04.03'     6  -14   48   -6.075   37.802
 'A3.04.03'     6  -14   50   -6.075   39.361
 'A3.04.03'     6  -15   49   -6.525   38.581
 'A3.04.03'     6  -16   48   -6.975   37.802
 'A3.04.03'     6  -16   50   -6.975   39.361
 'A3.04.03'     6  -17   49   -7.425   38.581
 'A3.04.03'     6  -18   48   -7.875   37.802
 'A3.04.03'     6  -18   50   -7.875   39.361
 'A3.04.03'     7  -17   51   -7.425   40.140
 'A3.04.03'     7  -17   53   -7.425   41.699
 'A3.04.03'     7  -18   52   -7.875   40.920
 'A3.04.03'     7  -18   54   -7.875   42.479
 'A3.04.03'     7  -19   51   -8.325   40.140
 'A3.04.03'     7  -19   53   -8.325   41.699
 'A3.04.03'     7  -20   52   -8.775   40.920
 'A3.04.03'     7  -20   54   -8.775   42.479
 'A3.04.03'     7  -21   51   -9.225   40.140
 'A3.04.03'     8  -13   51   -5.625   40.140
 'A3.04.03'     8  -13   53   -5.625   41.699
 'A3.04.03'     8  -13   55   -5.625   43.258
 'A3.04.03'     8  -14   52   -6.075   40.920
 'A3.04.03'     8  -14   54   -6.075   42.479
 'A3.04.03'     8  -15   51   -6.525   40.140
 'A3.04.03'     8  -15   53   -6.525   41.699
 'A3.04.03'     8  -16   52   -6.975   40.920
 'A3.04.03'     8  -16   54   -6.975   42.479
 'A3.04.02'     9  -31   49  -13.725   38.581
 'A3.04.02'     9  -32   48  -14.175   37.802
 'A3.04.02'     9  -32   50  -14.175   39.361
 'A3.04.02'     9  -33   49  -14.625   38.581
 'A3.04.02'     9  -34   48  -15.075   37.802
 'A3.04.02'     9  -34   50  -15.075   39.361
 'A3.04.02'     9  -35   49  -15.525   38.581
 'A3.04.02'     9  -35   51  -15.525   40.140
 'A3.04.02'     9  -36   50  -15.975   39.361
 'A3.04.02'    10  -25   49  -11.025   38.581
 'A3.04.02'    10  -26   48  -11.475   37.802
 'A3.04.02'    10  -26   50  -11.475   39.361
 'A3.04.02'    10  -27   49  -11.925   38.581
 'A3.04.02'    10  -28   48  -12.375   37.802
 'A3.04.02'    10  -28   50  -12.375   39.361
 'A3.04.02'    10  -29   49  -12.825   38.581
 'A3.04.02'    10  -30   48  -13.275   37.802
 'A3.04.02'    10  -30   50  -13.275   39.361
 'A3.04.02'    11  -27   51  -11.925   40.140
 'A3.04.02'    11  -28   52  -12.375   40.920
 'A3.04.02'    11  -29   51  -12.825   40.140
 'A3.04.02'    11  -29   53  -12.825   41.699
 'A3.04.02'    11  -30   52  -13.275   40.920
 'A3.04.02'    11  -31   51  -13.725   40.140
 'A3.04.02'    11  -31   53  -13.725   41.699
 'A3.04.02'    11  -32   52  -14.175   40.920
 'A3.04.02'    11  -33   51  -14.625   40.140
 'A3.04.02'    12  -21   53   -9.225   41.699
 'A3.04.02'    12  -22   52   -9.675   40.920
 'A3.04.02'    12  -23   51  -10.125   40.140
 'A3.04.02'    12  -23   53  -10.125   41.699
 'A3.04.02'    12  -24   52  -10.575   40.920
 'A3.04.02'    12  -25   51  -11.025   40.140
 'A3.04.02'    12  -25   53  -11.025   41.699
 'A3.04.02'    12  -26   52  -11.475   40.920
 'A3.04.02'    12  -27   53  -11.925   41.699
 'A3.05.01'    13  -43   45  -19.125   35.464
 'A3.05.01'    13  -43   47  -19.125   37.023
 'A3.05.01'    13  -44   46  -19.575   36.243
 'A3.05.01'    13  -45   45  -20.025   35.464
 'A3.05.01'    13  -45   47  -20.025   37.023
 'A3.05.01'    13  -46   46  -20.475   36.243
 'A3.05.01'    13  -47   45  -20.925   35.464
 'A3.05.01'    13  -47   47  -20.925   37.023
 'A3.05.01'    13  -48   46  -21.375   36.243
 'A3.05.01'    14  -37   45  -16.425   35.464
 'A3.05.01'    14  -37   47  -16.425   37.023
 'A3.05.01'    14  -38   46  -16.875   36.243
 'A3.05.01'    14  -39   45  -17.325   35.464
 'A3.05.01'    14  -39   47  -17.325   37.023
 'A3.05.01'    14  -40   46  -17.775   36.243
 'A3.05.01'    14  -41   45  -18.225   35.464
 'A3.05.01'    14  -41   47  -18.225   37.023
 'A3.05.01'    14  -42   46  -18.675   36.243
 'A3.05.01'    15  -42   50  -18.675   39.361
 'A3.05.01'    15  -43   49  -19.125   38.581
 'A3.05.01'    15  -44   48  -19.575   37.802
 'A3.05.01'    15  -44   50  -19.575   39.361
 'A3.05.01'    15  -45   49  -20.025   38.581
 'A3.05.01'    15  -46   48  -20.475   37.802
 'A3.05.01'    15  -47   49  -20.925   38.581
 'A3.05.01'    15  -48   48  -21.375   37.802
 'A3.05.01'    15  -49   49  -21.825   38.581
 'A3.05.01'    16  -36   48  -15.975   37.802
 'A3.05.01'    16  -37   49  -16.425   38.581
 'A3.05.01'    16  -38   48  -16.875   37.802
 'A3.05.01'    16  -38   50  -16.875   39.361
 'A3.05.01'    16  -39   49  -17.325   38.581
 'A3.05.01'    16  -40   48  -17.775   37.802
 'A3.05.01'    16  -40   50  -17.775   39.361
 'A3.05.01'    16  -41   49  -18.225   38.581
 'A3.05.01'    16  -42   48  -18.675   37.802
 'A3.05.00'    17  -65   39  -29.025   30.787
 'A3.05.00'    17  -66   40  -29.475   31.567
 'A3.05.00'    17  -67   39  -29.925   30.787
 'A3.05.00'    17  -67   41  -29.925   32.346
 'A3.05.00'    17  -68   38  -30.375   30.008
 'A3.05.00'    17  -68   40  -30.375   31.567
 'A3.05.00'    17  -69   39  -30.825   30.787
 'A3.05.00'    17  -70   38  -31.275   30.008
 'A3.05.00'    17  -71   39  -31.725   30.787
 'A3.05.00'    18  -61   37  -27.225   29.228
 'A3.05.00'    18  -62   36  -27.675   28.449
 'A3.05.00'    18  -62   38  -27.675   30.008
 'A3.05.00'    18  -63   37  -28.125   29.228
 'A3.05.00'    18  -64   36  -28.575   28.449
 'A3.05.00'    18  -64   38  -28.575   30.008
 'A3.05.00'    18  -65   37  -29.025   29.228
 'A3.05.00'    18  -66   36  -29.475   28.449
 'A3.05.00'    18  -66   38  -29.475   30.008
 'A3.05.00'    19  -61   39  -27.225   30.787
 'A3.05.00'    19  -61   41  -27.225   32.346
 'A3.05.00'    19  -62   40  -27.675   31.567
 'A3.05.00'    19  -62   42  -27.675   33.125
 'A3.05.00'    19  -63   39  -28.125   30.787
 'A3.05.00'    19  -63   41  -28.125   32.346
 'A3.05.00'    19  -64   40  -28.575   31.567
 'A3.05.00'    19  -64   42  -28.575   33.125
 'A3.05.00'    19  -65   41  -29.025   32.346
 'A3.05.00'    20  -56   42  -24.975   33.125
 'A3.05.00'    20  -57   43  -25.425   33.905
 'A3.05.00'    20  -58   42  -25.875   33.125
 'A3.05.00'    20  -58   44  -25.875   34.684
 'A3.05.00'    20  -59   43  -26.325   33.905
 'A3.05.00'    20  -60   42  -26.775   33.125
 'A3.05.00'    20  -60   44  -26.775   34.684
 'A3.05.00'    20  -61   43  -27.225   33.905
 'A3.05.00'    20  -63   43  -28.125   33.905
 'A3.05.02'    21  -49   43  -21.825   33.905
 'A3.05.02'    21  -50   42  -22.275   33.125
 'A3.05.02'    21  -51   43  -22.725   33.905
 'A3.05.02'    21  -52   42  -23.175   33.125
 'A3.05.02'    21  -53   43  -23.625   33.905
 'A3.05.02'    21  -54   42  -24.075   33.125
 'A3.05.02'    21  -54   44  -24.075   34.684
 'A3.05.02'    21  -55   43  -24.525   33.905
 'A3.05.02'    21  -56   44  -24.975   34.684
 'A3.05.02'    22  -49   45  -21.825   35.464
 'A3.05.02'    22  -49   47  -21.825   37.023
 'A3.05.02'    22  -50   44  -22.275   34.684
 'A3.05.02'    22  -50   46  -22.275   36.243
 'A3.05.02'    22  -51   45  -22.725   35.464
 'A3.05.02'    22  -52   44  -23.175   34.684
 'A3.05.02'    22  -52   46  -23.175   36.243
 'A3.05.02'    22  -53   45  -23.625   35.464
 'A3.05.02'    22  -55   45  -24.525   35.464
 'A3.05.02'    23  -43   43  -19.125   33.905
 'A3.05.02'    23  -44   42  -19.575   33.125
 'A3.05.02'    23  -44   44  -19.575   34.684
 'A3.05.02'    23  -45   43  -20.025   33.905
 'A3.05.02'    23  -46   42  -20.475   33.125
 'A3.05.02'    23  -46   44  -20.475   34.684
 'A3.05.02'    23  -47   43  -20.925   33.905
 'A3.05.02'    23  -48   42  -21.375   33.125
 'A3.05.02'    23  -48   44  -21.375   34.684
 'A3.05.02'    24  -37   43  -16.425   33.905
 'A3.05.02'    24  -38   42  -16.875   33.125
 'A3.05.02'    24  -38   44  -16.875   34.684
 'A3.05.02'    24  -39   43  -17.325   33.905
 'A3.05.02'    24  -40   42  -17.775   33.125
 'A3.05.02'    24  -40   44  -17.775   34.684
 'A3.05.02'    24  -41   43  -18.225   33.905
 'A3.05.02'    24  -42   42  -18.675   33.125
 'A3.05.02'    24  -42   44  -18.675   34.684
 'A3.06.01'    25  -73   27  -32.625   21.434
 'A3.06.01'    25  -73   29  -32.625   22.993
 'A3.06.01'    25  -74   28  -33.075   22.214
 'A3.06.01'    25  -74   30  -33.075   23.772
 'A3.06.01'    25  -75   27  -33.525   21.434
 'A3.06.01'    25  -75   29  -33.525   22.993
 'A3.06.01'    25  -76   28  -33.975   22.214
 'A3.06.01'    25  -76   30  -33.975   23.772
 'A3.06.01'    25  -77   29  -34.425   22.993
 'A3.06.01'    26  -73   31  -32.625   24.552
 'A3.06.01'    26  -74   32  -33.075   25.331
 'A3.06.01'    26  -75   31  -33.525   24.552
 'A3.06.01'    26  -76   32  -33.975   25.331
 'A3.06.01'    26  -77   31  -34.425   24.552
 'A3.06.01'    26  -77   33  -34.425   26.111
 'A3.06.01'    26  -78   30  -34.875   23.772
 'A3.06.01'    26  -78   32  -34.875   25.331
 'A3.06.01'    26  -79   31  -35.325   24.552
 'A3.06.01'    27  -73   33  -32.625   26.111
 'A3.06.01'    27  -73   35  -32.625   27.670
 'A3.06.01'    27  -74   34  -33.075   26.890
 'A3.06.01'    27  -75   33  -33.525   26.111
 'A3.06.01'    27  -75   35  -33.525   27.670
 'A3.06.01'    27  -76   34  -33.975   26.890
 'A3.06.01'    27  -76   36  -33.975   28.449
 'A3.06.01'    27  -77   35  -34.425   27.670
 'A3.06.01'    27  -78   34  -34.875   26.890
 'A3.06.01'    28  -67   37  -29.925   29.228
 'A3.06.01'    28  -68   36  -30.375   28.449
 'A3.06.01'    28  -69   37  -30.825   29.228
 'A3.06.01'    28  -70   36  -31.275   28.449
 'A3.06.01'    28  -71   37  -31.725   29.228
 'A3.06.01'    28  -72   36  -32.175   28.449
 'A3.06.01'    28  -72   38  -32.175   30.008
 'A3.06.01'    28  -73   37  -32.625   29.228
 'A3.06.01'    28  -74   36  -33.075   28.449
 'A3.06.02'    29  -84   24  -37.575   19.096
 'A3.06.02'    29  -85   23  -38.025   18.316
 'A3.06.02'    29  -85   25  -38.025   19.875
 'A3.06.02'    29  -85   27  -38.025   21.434
 'A3.06.02'    29  -86   24  -38.475   19.096
 'A3.06.02'    29  -86   26  -38.475   20.655
 'A3.06.02'    29  -87   23  -38.925   18.316
 'A3.06.02'    29  -87   25  -38.925   19.875
 'A3.06.02'    29  -88   24  -39.375   19.096
 'A3.06.02'    30  -79   25  -35.325   19.875
 'A3.06.02'    30  -80   24  -35.775   19.096
 'A3.06.02'    30  -80   26  -35.775   20.655
 'A3.06.02'    30  -81   25  -36.225   19.875
 'A3.06.02'    30  -82   24  -36.675   19.096
 'A3.06.02'    30  -82   26  -36.675   20.655
 'A3.06.02'    30  -83   25  -37.125   19.875
 'A3.06.02'    30  -83   27  -37.125   21.434
 'A3.06.02'    30  -84   26  -37.575   20.655
 'A3.06.02'    31  -73   25  -32.625   19.875
 'A3.06.02'    31  -74   24  -33.075   19.096
 'A3.06.02'    31  -74   26  -33.075   20.655
 'A3.06.02'    31  -75   25  -33.525   19.875
 'A3.06.02'    31  -76   24  -33.975   19.096
 'A3.06.02'    31  -76   26  -33.975   20.655
 'A3.06.02'    31  -77   25  -34.425   19.875
 'A3.06.02'    31  -78   24  -34.875   19.096
 'A3.06.02'    31  -78   26  -34.875   20.655
 'A3.06.02'    32  -77   27  -34.425   21.434
 'A3.06.02'    32  -78   28  -34.875   22.214
 'A3.06.02'    32  -79   27  -35.325   21.434
 'A3.06.02'    32  -79   29  -35.325   22.993
 'A3.06.02'    32  -80   28  -35.775   22.214
 'A3.06.02'    32  -80   30  -35.775   23.772
 'A3.06.02'    32  -81   27  -36.225   21.434
 'A3.06.02'    32  -81   29  -36.225   22.993
 'A3.06.02'    32  -82   28  -36.675   22.214
 'A3.07.01'    33  -91   13  -40.725   10.522
 'A3.07.01'    33  -91   15  -40.725   12.081
 'A3.07.01'    33  -92   12  -41.175    9.743
 'A3.07.01'    33  -92   14  -41.175   11.302
 'A3.07.01'    33  -93   13  -41.625   10.522
 'A3.07.01'    33  -93   15  -41.625   12.081
 'A3.07.01'    33  -94   12  -42.075    9.743
 'A3.07.01'    33  -94   14  -42.075   11.302
 'A3.07.01'    33  -95   15  -42.525   12.081
 'A3.07.01'    34  -85   13  -38.025   10.522
 'A3.07.01'    34  -86   12  -38.475    9.743
 'A3.07.01'    34  -86   14  -38.475   11.302
 'A3.07.01'    34  -87   13  -38.925   10.522
 'A3.07.01'    34  -88   12  -39.375    9.743
 'A3.07.01'    34  -88   14  -39.375   11.302
 'A3.07.01'    34  -89   13  -39.825   10.522
 'A3.07.01'    34  -90   12  -40.275    9.743
 'A3.07.01'    34  -90   14  -40.275   11.302
 'A3.07.01'    35  -88   18  -39.375   14.419
 'A3.07.01'    35  -89   17  -39.825   13.640
 'A3.07.01'    35  -89   19  -39.825   15.199
 'A3.07.01'    35  -90   18  -40.275   14.419
 'A3.07.01'    35  -90   20  -40.275   15.978
 'A3.07.01'    35  -91   17  -40.725   13.640
 'A3.07.01'    35  -92   16  -41.175   12.860
 'A3.07.01'    35  -93   17  -41.625   13.640
 'A3.07.01'    35  -94   16  -42.075   12.860
 'A3.07.01'    36  -85   15  -38.025   12.081
 'A3.07.01'    36  -85   17  -38.025   13.640
 'A3.07.01'    36  -86   16  -38.475   12.860
 'A3.07.01'    36  -86   18  -38.475   14.419
 'A3.07.01'    36  -87   15  -38.925   12.081
 'A3.07.01'    36  -87   17  -38.925   13.640
 'A3.07.01'    36  -88   16  -39.375   12.860
 'A3.07.01'    36  -89   15  -39.825   12.081
 'A3.07.01'    36  -90   16  -40.275   12.860
 'A3.07.02'    37  -91    7  -40.725    5.846
 'A3.07.02'    37  -92    6  -41.175    5.066
 'A3.07.02'    37  -92    8  -41.175    6.625
 'A3.07.02'    37  -93    7  -41.625    5.846
 'A3.07.02'    37  -94    6  -42.075    5.066
 'A3.07.02'    37  -95    7  -42.525    5.846
 'A3.07.02'    37  -96    6  -42.975    5.066
 'A3.07.02'    37  -97    7  -43.425    5.846
 'A3.07.02'    37  -98    6  -43.875    5.066
 'A3.07.02'    38  -85    7  -38.025    5.846
 'A3.07.02'    38  -86    6  -38.475    5.066
 'A3.07.02'    38  -86    8  -38.475    6.625
 'A3.07.02'    38  -87    7  -38.925    5.846
 'A3.07.02'    38  -88    6  -39.375    5.066
 'A3.07.02'    38  -88    8  -39.375    6.625
 'A3.07.02'    38  -89    7  -39.825    5.846
 'A3.07.02'    38  -90    6  -40.275    5.066
 'A3.07.02'    38  -90    8  -40.275    6.625
 'A3.07.02'    39  -91   11  -40.725    8.963
 'A3.07.02'    39  -91    9  -40.725    7.405
 'A3.07.02'    39  -92   10  -41.175    8.184
 'A3.07.02'    39  -93   11  -41.625    8.963
 'A3.07.02'    39  -93    9  -41.625    7.405
 'A3.07.02'    39  -94   10  -42.075    8.184
 'A3.07.02'    39  -94    8  -42.075    6.625
 'A3.07.02'    39  -95    9  -42.525    7.405
 'A3.07.02'    39  -96    8  -42.975    6.625
 'A3.07.02'    40  -85   11  -38.025    8.963
 'A3.07.02'    40  -85    9  -38.025    7.405
 'A3.07.02'    40  -86   10  -38.475    8.184
 'A3.07.02'    40  -87   11  -38.925    8.963
 'A3.07.02'    40  -87    9  -38.925    7.405
 'A3.07.02'    40  -88   10  -39.375    8.184
 'A3.07.02'    40  -89   11  -39.825    8.963
 'A3.07.02'    40  -89    9  -39.825    7.405
 'A3.07.02'    40  -90   10  -40.275    8.184
 'A3.08.02'    41  -91  -11  -40.725   -8.184
 'A3.08.02'    41  -91  -13  -40.725   -9.743
 'A3.08.02'    41  -92  -10  -41.175   -7.405
 'A3.08.02'    41  -92  -12  -41.175   -8.963
 'A3.08.02'    41  -93  -11  -41.625   -8.184
 'A3.08.02'    41  -93  -13  -41.625   -9.743
 'A3.08.02'    41  -94  -10  -42.075   -7.405
 'A3.08.02'    41  -94  -12  -42.075   -8.963
 'A3.08.02'    41  -95   -9  -42.525   -6.625
 'A3.08.02'    42  -85  -11  -38.025   -8.184
 'A3.08.02'    42  -86  -10  -38.475   -7.405
 'A3.08.02'    42  -86  -12  -38.475   -8.963
 'A3.08.02'    42  -87  -11  -38.925   -8.184
 'A3.08.02'    42  -88  -10  -39.375   -7.405
 'A3.08.02'    42  -88  -12  -39.375   -8.963
 'A3.08.02'    42  -89  -11  -39.825   -8.184
 'A3.08.02'    42  -90  -10  -40.275   -7.405
 'A3.08.02'    42  -90  -12  -40.275   -8.963
 'A3.08.02'    43  -91   -7  -40.725   -5.066
 'A3.08.02'    43  -91   -9  -40.725   -6.625
 'A3.08.02'    43  -92   -8  -41.175   -5.846
 'A3.08.02'    43  -93   -7  -41.625   -5.066
 'A3.08.02'    43  -93   -9  -41.625   -6.625
 'A3.08.02'    43  -94   -8  -42.075   -5.846
 'A3.08.02'    43  -95   -7  -42.525   -5.066
 'A3.08.02'    43  -96   -8  -42.975   -5.846
 'A3.08.02'    43  -97   -7  -43.425   -5.066
 'A3.08.02'    44  -85   -7  -38.025   -5.066
 'A3.08.02'    44  -85   -9  -38.025   -6.625
 'A3.08.02'    44  -86   -8  -38.475   -5.846
 'A3.08.02'    44  -87   -7  -38.925   -5.066
 'A3.08.02'    44  -87   -9  -38.925   -6.625
 'A3.08.02'    44  -88   -8  -39.375   -5.846
 'A3.08.02'    44  -89   -7  -39.825   -5.066
 'A3.08.02'    44  -89   -9  -39.825   -6.625
 'A3.08.02'    44  -90   -8  -40.275   -5.846
 'A3.00.01'    45   84   12   38.025    9.743
 'A3.00.01'    45   84   14   38.025   11.302
 'A3.00.01'    45   85   13   38.475   10.522
 'A3.00.01'    45   86   12   38.925    9.743
 'A3.00.01'    45   86   14   38.925   11.302
 'A3.00.01'    45   87   13   39.375   10.522
 'A3.00.01'    45   88   12   39.825    9.743
 'A3.00.01'    45   88   14   39.825   11.302
 'A3.00.01'    45   89   13   40.275   10.522
 'A3.00.01'    46   84   16   38.025   12.860
 'A3.00.01'    46   85   15   38.475   12.081
 'A3.00.01'    46   85   17   38.475   13.640
 'A3.00.01'    46   86   16   38.925   12.860
 'A3.00.01'    46   87   15   39.375   12.081
 'A3.00.01'    46   87   17   39.375   13.640
 'A3.00.01'    46   88   16   39.825   12.860
 'A3.00.01'    46   89   15   40.275   12.081
 'A3.00.01'    46   89   17   40.275   13.640
 'A3.00.01'    47   84   18   38.025   14.419
 'A3.00.01'    47   84   20   38.025   15.978
 'A3.00.01'    47   85   19   38.475   15.199
 'A3.00.01'    47   86   18   38.925   14.419
 'A3.00.01'    47   86   20   38.925   15.978
 'A3.00.01'    47   87   19   39.375   15.199
 'A3.00.01'    47   88   18   39.825   14.419
 'A3.00.01'    47   88   20   39.825   15.978
 'A3.00.01'    47   89   19   40.275   15.199
 'A3.00.01'    48   90   14   40.725   11.302
 'A3.00.01'    48   90   16   40.725   12.860
 'A3.00.01'    48   90   18   40.725   14.419
 'A3.00.01'    48   91   13   41.175   10.522
 'A3.00.01'    48   91   15   41.175   12.081
 'A3.00.01'    48   91   17   41.175   13.640
 'A3.00.01'    48   92   14   41.625   11.302
 'A3.00.01'    48   92   16   41.625   12.860
 'A3.00.01'    48   93   15   42.075   12.081
 'A3.08.01'    49  -85  -19  -38.025  -14.419
 'A3.08.01'    49  -85  -21  -38.025  -15.978
 'A3.08.01'    49  -86  -20  -38.475  -15.199
 'A3.08.01'    49  -87  -19  -38.925  -14.419
 'A3.08.01'    49  -87  -21  -38.925  -15.978
 'A3.08.01'    49  -88  -20  -39.375  -15.199
 'A3.08.01'    49  -89  -19  -39.825  -14.419
 'A3.08.01'    49  -89  -21  -39.825  -15.978
 'A3.08.01'    49  -90  -20  -40.275  -15.199
 'A3.08.01'    50  -91  -15  -40.725  -11.302
 'A3.08.01'    50  -91  -17  -40.725  -12.860
 'A3.08.01'    50  -91  -19  -40.725  -14.419
 'A3.08.01'    50  -92  -14  -41.175  -10.522
 'A3.08.01'    50  -92  -16  -41.175  -12.081
 'A3.08.01'    50  -92  -18  -41.175  -13.640
 'A3.08.01'    50  -93  -15  -41.625  -11.302
 'A3.08.01'    50  -93  -17  -41.625  -12.860
 'A3.08.01'    50  -94  -16  -42.075  -12.081
 'A3.08.01'    51  -85  -17  -38.025  -12.860
 'A3.08.01'    51  -86  -16  -38.475  -12.081
 'A3.08.01'    51  -86  -18  -38.475  -13.640
 'A3.08.01'    51  -87  -17  -38.925  -12.860
 'A3.08.01'    51  -88  -16  -39.375  -12.081
 'A3.08.01'    51  -88  -18  -39.375  -13.640
 'A3.08.01'    51  -89  -17  -39.825  -12.860
 'A3.08.01'    51  -90  -16  -40.275  -12.081
 'A3.08.01'    51  -90  -18  -40.275  -13.640
 'A3.08.01'    52  -85  -13  -38.025   -9.743
 'A3.08.01'    52  -85  -15  -38.025  -11.302
 'A3.08.01'    52  -86  -14  -38.475  -10.522
 'A3.08.01'    52  -87  -13  -38.925   -9.743
 'A3.08.01'    52  -87  -15  -38.925  -11.302
 'A3.08.01'    52  -88  -14  -39.375  -10.522
 'A3.08.01'    52  -89  -13  -39.825   -9.743
 'A3.08.01'    52  -89  -15  -39.825  -11.302
 'A3.08.01'    52  -90  -14  -40.275  -10.522
 'A3.09.01'    53  -85  -23  -38.025  -17.537
 'A3.09.01'    53  -85  -25  -38.025  -19.096
 'A3.09.01'    53  -86  -22  -38.475  -16.758
 'A3.09.01'    53  -86  -24  -38.475  -18.316
 'A3.09.01'    53  -87  -23  -38.925  -17.537
 'A3.09.01'    53  -87  -25  -38.925  -19.096
 'A3.09.01'    53  -88  -22  -39.375  -16.758
 'A3.09.01'    53  -88  -24  -39.375  -18.316
 'A3.09.01'    53  -88  -26  -39.375  -19.875
 'A3.09.01'    54  -82  -28  -36.675  -21.434
 'A3.09.01'    54  -83  -27  -37.125  -20.655
 'A3.09.01'    54  -83  -29  -37.125  -22.214
 'A3.09.01'    54  -84  -26  -37.575  -19.875
 'A3.09.01'    54  -84  -28  -37.575  -21.434
 'A3.09.01'    54  -85  -27  -38.025  -20.655
 'A3.09.01'    54  -86  -26  -38.475  -19.875
 'A3.09.01'    54  -86  -28  -38.475  -21.434
 'A3.09.01'    54  -87  -27  -38.925  -20.655
 'A3.09.01'    55  -78  -28  -34.875  -21.434
 'A3.09.01'    55  -79  -25  -35.325  -19.096
 'A3.09.01'    55  -79  -27  -35.325  -20.655
 'A3.09.01'    55  -80  -26  -35.775  -19.875
 'A3.09.01'    55  -80  -28  -35.775  -21.434
 'A3.09.01'    55  -81  -25  -36.225  -19.096
 'A3.09.01'    55  -81  -27  -36.225  -20.655
 'A3.09.01'    55  -82  -26  -36.675  -19.875
 'A3.09.01'    55  -83  -25  -37.125  -19.096
 'A3.09.01'    56  -73  -25  -32.625  -19.096
 'A3.09.01'    56  -73  -27  -32.625  -20.655
 'A3.09.01'    56  -74  -26  -33.075  -19.875
 'A3.09.01'    56  -75  -25  -33.525  -19.096
 'A3.09.01'    56  -75  -27  -33.525  -20.655
 'A3.09.01'    56  -76  -26  -33.975  -19.875
 'A3.09.01'    56  -77  -25  -34.425  -19.096
 'A3.09.01'    56  -77  -27  -34.425  -20.655
 'A3.09.01'    56  -78  -26  -34.875  -19.875
 'A3.09.00'    57  -71  -37  -31.725  -28.449
 'A3.09.00'    57  -72  -38  -32.175  -29.228
 'A3.09.00'    57  -73  -35  -32.625  -26.890
 'A3.09.00'    57  -73  -37  -32.625  -28.449
 'A3.09.00'    57  -74  -36  -33.075  -27.670
 'A3.09.00'    57  -74  -38  -33.075  -29.228
 'A3.09.00'    57  -75  -35  -33.525  -26.890
 'A3.09.00'    57  -75  -37  -33.525  -28.449
 'A3.09.00'    57  -76  -36  -33.975  -27.670
 'A3.09.00'    58  -73  -33  -32.625  -25.331
 'A3.09.00'    58  -74  -32  -33.075  -24.552
 'A3.09.00'    58  -74  -34  -33.075  -26.111
 'A3.09.00'    58  -75  -33  -33.525  -25.331
 'A3.09.00'    58  -76  -32  -33.975  -24.552
 'A3.09.00'    58  -76  -34  -33.975  -26.111
 'A3.09.00'    58  -77  -33  -34.425  -25.331
 'A3.09.00'    58  -77  -35  -34.425  -26.890
 'A3.09.00'    58  -78  -32  -34.875  -24.552
 'A3.09.00'    59  -77  -31  -34.425  -23.772
 'A3.09.00'    59  -78  -30  -34.875  -22.993
 'A3.09.00'    59  -79  -29  -35.325  -22.214
 'A3.09.00'    59  -79  -31  -35.325  -23.772
 'A3.09.00'    59  -80  -30  -35.775  -22.993
 'A3.09.00'    59  -80  -32  -35.775  -24.552
 'A3.09.00'    59  -81  -29  -36.225  -22.214
 'A3.09.00'    59  -81  -31  -36.225  -23.772
 'A3.09.00'    59  -82  -30  -36.675  -22.993
 'A3.09.00'    60  -73  -29  -32.625  -22.214
 'A3.09.00'    60  -73  -31  -32.625  -23.772
 'A3.09.00'    60  -74  -28  -33.075  -21.434
 'A3.09.00'    60  -74  -30  -33.075  -22.993
 'A3.09.00'    60  -75  -29  -33.525  -22.214
 'A3.09.00'    60  -75  -31  -33.525  -23.772
 'A3.09.00'    60  -76  -28  -33.975  -21.434
 'A3.09.00'    60  -76  -30  -33.975  -22.993
 'A3.09.00'    60  -77  -29  -34.425  -22.214
 'A3.10.00'    61  -59  -43  -26.325  -33.125
 'A3.10.00'    61  -59  -45  -26.325  -34.684
 'A3.10.00'    61  -60  -44  -26.775  -33.905
 'A3.10.00'    61  -61  -43  -27.225  -33.125
 'A3.10.00'    61  -62  -42  -27.675  -32.346
 'A3.10.00'    61  -62  -44  -27.675  -33.905
 'A3.10.00'    61  -63  -43  -28.125  -33.125
 'A3.10.00'    61  -64  -42  -28.575  -32.346
 'A3.10.00'    61  -65  -43  -29.025  -33.125
 'A3.10.00'    62  -61  -41  -27.225  -31.567
 'A3.10.00'    62  -62  -40  -27.675  -30.787
 'A3.10.00'    62  -63  -41  -28.125  -31.567
 'A3.10.00'    62  -64  -40  -28.575  -30.787
 'A3.10.00'    62  -65  -41  -29.025  -31.567
 'A3.10.00'    62  -66  -40  -29.475  -30.787
 'A3.10.00'    62  -66  -42  -29.475  -32.346
 'A3.10.00'    62  -67  -41  -29.925  -31.567
 'A3.10.00'    62  -69  -41  -30.825  -31.567
 'A3.10.00'    63  -67  -37  -29.925  -28.449
 'A3.10.00'    63  -67  -39  -29.925  -30.008
 'A3.10.00'    63  -68  -38  -30.375  -29.228
 'A3.10.00'    63  -68  -40  -30.375  -30.787
 'A3.10.00'    63  -69  -37  -30.825  -28.449
 'A3.10.00'    63  -69  -39  -30.825  -30.008
 'A3.10.00'    63  -70  -38  -31.275  -29.228
 'A3.10.00'    63  -70  -40  -31.275  -30.787
 'A3.10.00'    63  -71  -39  -31.725  -30.008
 'A3.10.00'    64  -61  -37  -27.225  -28.449
 'A3.10.00'    64  -61  -39  -27.225  -30.008
 'A3.10.00'    64  -62  -38  -27.675  -29.228
 'A3.10.00'    64  -63  -37  -28.125  -28.449
 'A3.10.00'    64  -63  -39  -28.125  -30.008
 'A3.10.00'    64  -64  -38  -28.575  -29.228
 'A3.10.00'    64  -65  -37  -29.025  -28.449
 'A3.10.00'    64  -65  -39  -29.025  -30.008
 'A3.10.00'    64  -66  -38  -29.475  -29.228
 'A3.10.01'    65  -43  -47  -19.125  -36.243
 'A3.10.01'    65  -43  -49  -19.125  -37.802
 'A3.10.01'    65  -44  -46  -19.575  -35.464
 'A3.10.01'    65  -44  -48  -19.575  -37.023
 'A3.10.01'    65  -44  -50  -19.575  -38.581
 'A3.10.01'    65  -45  -47  -20.025  -36.243
 'A3.10.01'    65  -45  -49  -20.025  -37.802
 'A3.10.01'    65  -46  -48  -20.475  -37.023
 'A3.10.01'    65  -47  -49  -20.925  -37.802
 'A3.10.01'    66  -46  -46  -20.475  -35.464
 'A3.10.01'    66  -47  -47  -20.925  -36.243
 'A3.10.01'    66  -48  -46  -21.375  -35.464
 'A3.10.01'    66  -48  -48  -21.375  -37.023
 'A3.10.01'    66  -49  -47  -21.825  -36.243
 'A3.10.01'    66  -50  -46  -22.275  -35.464
 'A3.10.01'    66  -50  -48  -22.275  -37.023
 'A3.10.01'    66  -51  -47  -22.725  -36.243
 'A3.10.01'    66  -52  -46  -23.175  -35.464
 'A3.10.01'    67  -53  -47  -23.625  -36.243
 'A3.10.01'    67  -54  -46  -24.075  -35.464
 'A3.10.01'    67  -55  -43  -24.525  -33.125
 'A3.10.01'    67  -55  -45  -24.525  -34.684
 'A3.10.01'    67  -56  -44  -24.975  -33.905
 'A3.10.01'    67  -56  -46  -24.975  -35.464
 'A3.10.01'    67  -57  -43  -25.425  -33.125
 'A3.10.01'    67  -57  -45  -25.425  -34.684
 'A3.10.01'    67  -58  -44  -25.875  -33.905
 'A3.10.01'    68  -49  -43  -21.825  -33.125
 'A3.10.01'    68  -49  -45  -21.825  -34.684
 'A3.10.01'    68  -50  -44  -22.275  -33.905
 'A3.10.01'    68  -51  -43  -22.725  -33.125
 'A3.10.01'    68  -51  -45  -22.725  -34.684
 'A3.10.01'    68  -52  -44  -23.175  -33.905
 'A3.10.01'    68  -53  -43  -23.625  -33.125
 'A3.10.01'    68  -53  -45  -23.625  -34.684
 'A3.10.01'    68  -54  -44  -24.075  -33.905
 'A3.10.02'    69  -37  -49  -16.425  -37.802
 'A3.10.02'    69  -37  -51  -16.425  -39.361
 'A3.10.02'    69  -38  -50  -16.875  -38.581
 'A3.10.02'    69  -39  -49  -17.325  -37.802
 'A3.10.02'    69  -39  -51  -17.325  -39.361
 'A3.10.02'    69  -40  -50  -17.775  -38.581
 'A3.10.02'    69  -41  -49  -18.225  -37.802
 'A3.10.02'    69  -41  -51  -18.225  -39.361
 'A3.10.02'    69  -42  -50  -18.675  -38.581
 'A3.10.02'    70  -37  -47  -16.425  -36.243
 'A3.10.02'    70  -38  -46  -16.875  -35.464
 'A3.10.02'    70  -38  -48  -16.875  -37.023
 'A3.10.02'    70  -39  -47  -17.325  -36.243
 'A3.10.02'    70  -40  -46  -17.775  -35.464
 'A3.10.02'    70  -40  -48  -17.775  -37.023
 'A3.10.02'    70  -41  -47  -18.225  -36.243
 'A3.10.02'    70  -42  -46  -18.675  -35.464
 'A3.10.02'    70  -42  -48  -18.675  -37.023
 'A3.10.02'    71  -43  -43  -19.125  -33.125
 'A3.10.02'    71  -43  -45  -19.125  -34.684
 'A3.10.02'    71  -44  -44  -19.575  -33.905
 'A3.10.02'    71  -45  -43  -20.025  -33.125
 'A3.10.02'    71  -45  -45  -20.025  -34.684
 'A3.10.02'    71  -46  -44  -20.475  -33.905
 'A3.10.02'    71  -47  -43  -20.925  -33.125
 'A3.10.02'    71  -47  -45  -20.925  -34.684
 'A3.10.02'    71  -48  -44  -21.375  -33.905
 'A3.10.02'    72  -37  -43  -16.425  -33.125
 'A3.10.02'    72  -37  -45  -16.425  -34.684
 'A3.10.02'    72  -38  -44  -16.875  -33.905
 'A3.10.02'    72  -39  -43  -17.325  -33.125
 'A3.10.02'    72  -39  -45  -17.325  -34.684
 'A3.10.02'    72  -40  -44  -17.775  -33.905
 'A3.10.02'    72  -41  -43  -18.225  -33.125
 'A3.10.02'    72  -41  -45  -18.225  -34.684
 'A3.10.02'    72  -42  -44  -18.675  -33.905
 'A3.11.02'    73  -22  -52   -9.675  -40.140
 'A3.11.02'    73  -22  -54   -9.675  -41.699
 'A3.11.02'    73  -23  -53  -10.125  -40.920
 'A3.11.02'    73  -24  -52  -10.575  -40.140
 'A3.11.02'    73  -24  -54  -10.575  -41.699
 'A3.11.02'    73  -25  -53  -11.025  -40.920
 'A3.11.02'    73  -26  -52  -11.475  -40.140
 'A3.11.02'    73  -26  -54  -11.475  -41.699
 'A3.11.02'    73  -27  -53  -11.925  -40.920
 'A3.11.02'    74  -28  -52  -12.375  -40.140
 'A3.11.02'    74  -28  -54  -12.375  -41.699
 'A3.11.02'    74  -29  -53  -12.825  -40.920
 'A3.11.02'    74  -30  -52  -13.275  -40.140
 'A3.11.02'    74  -30  -54  -13.275  -41.699
 'A3.11.02'    74  -31  -53  -13.725  -40.920
 'A3.11.02'    74  -32  -52  -14.175  -40.140
 'A3.11.02'    74  -33  -53  -14.625  -40.920
 'A3.11.02'    74  -34  -52  -15.075  -40.140
 'A3.11.02'    75  -25  -49  -11.025  -37.802
 'A3.11.02'    75  -25  -51  -11.025  -39.361
 'A3.11.02'    75  -26  -50  -11.475  -38.581
 'A3.11.02'    75  -27  -49  -11.925  -37.802
 'A3.11.02'    75  -27  -51  -11.925  -39.361
 'A3.11.02'    75  -28  -50  -12.375  -38.581
 'A3.11.02'    75  -29  -49  -12.825  -37.802
 'A3.11.02'    75  -29  -51  -12.825  -39.361
 'A3.11.02'    75  -30  -50  -13.275  -38.581
 'A3.11.02'    76  -31  -49  -13.725  -37.802
 'A3.11.02'    76  -31  -51  -13.725  -39.361
 'A3.11.02'    76  -32  -50  -14.175  -38.581
 'A3.11.02'    76  -33  -49  -14.625  -37.802
 'A3.11.02'    76  -33  -51  -14.625  -39.361
 'A3.11.02'    76  -34  -50  -15.075  -38.581
 'A3.11.02'    76  -35  -49  -15.525  -37.802
 'A3.11.02'    76  -35  -51  -15.525  -39.361
 'A3.11.02'    76  -36  -50  -15.975  -38.581
 'A3.11.03'    77  -13  -53   -5.625  -40.920
 'A3.11.03'    77  -13  -55   -5.625  -42.479
 'A3.11.03'    77  -14  -52   -6.075  -40.140
 'A3.11.03'    77  -14  -54   -6.075  -41.699
 'A3.11.03'    77  -15  -53   -6.525  -40.920
 'A3.11.03'    77  -15  -55   -6.525  -42.479
 'A3.11.03'    77  -16  -52   -6.975  -40.140
 'A3.11.03'    77  -16  -54   -6.975  -41.699
 'A3.11.03'    77  -17  -55   -7.425  -42.479
 'A3.11.03'    78  -17  -53   -7.425  -40.920
 'A3.11.03'    78  -18  -52   -7.875  -40.140
 'A3.11.03'    78  -18  -54   -7.875  -41.699
 'A3.11.03'    78  -19  -53   -8.325  -40.920
 'A3.11.03'    78  -19  -55   -8.325  -42.479
 'A3.11.03'    78  -20  -52   -8.775  -40.140
 'A3.11.03'    78  -20  -54   -8.775  -41.699
 'A3.11.03'    78  -21  -53   -9.225  -40.920
 'A3.11.03'    78  -21  -55   -9.225  -42.479
 'A3.11.03'    79  -13  -49   -5.625  -37.802
 'A3.11.03'    79  -13  -51   -5.625  -39.361
 'A3.11.03'    79  -14  -50   -6.075  -38.581
 'A3.11.03'    79  -15  -49   -6.525  -37.802
 'A3.11.03'    79  -15  -51   -6.525  -39.361
 'A3.11.03'    79  -16  -50   -6.975  -38.581
 'A3.11.03'    79  -17  -49   -7.425  -37.802
 'A3.11.03'    79  -17  -51   -7.425  -39.361
 'A3.11.03'    79  -18  -50   -7.875  -38.581
 'A3.11.03'    80  -19  -49   -8.325  -37.802
 'A3.11.03'    80  -19  -51   -8.325  -39.361
 'A3.11.03'    80  -20  -50   -8.775  -38.581
 'A3.11.03'    80  -21  -49   -9.225  -37.802
 'A3.11.03'    80  -21  -51   -9.225  -39.361
 'A3.11.03'    80  -22  -50   -9.675  -38.581
 'A3.11.03'    80  -23  -49  -10.125  -37.802
 'A3.11.03'    80  -23  -51  -10.125  -39.361
 'A3.11.03'    80  -24  -50  -10.575  -38.581
 'A3.12.03'    81   12  -52    5.625  -40.140
 'A3.12.03'    81   12  -54    5.625  -41.699
 'A3.12.03'    81   12  -56    5.625  -43.258
 'A3.12.03'    81   13  -53    6.075  -40.920
 'A3.12.03'    81   13  -55    6.075  -42.479
 'A3.12.03'    81   14  -52    6.525  -40.140
 'A3.12.03'    81   14  -54    6.525  -41.699
 'A3.12.03'    81   15  -53    6.975  -40.920
 'A3.12.03'    81   15  -55    6.975  -42.479
 'A3.12.03'    82   16  -52    7.425  -40.140
 'A3.12.03'    82   16  -54    7.425  -41.699
 'A3.12.03'    82   17  -53    7.875  -40.920
 'A3.12.03'    82   17  -55    7.875  -42.479
 'A3.12.03'    82   18  -52    8.325  -40.140
 'A3.12.03'    82   18  -54    8.325  -41.699
 'A3.12.03'    82   19  -53    8.775  -40.920
 'A3.12.03'    82   19  -55    8.775  -42.479
 'A3.12.03'    82   20  -52    9.225  -40.140
 'A3.12.03'    83   12  -50    5.625  -38.581
 'A3.12.03'    83   13  -49    6.075  -37.802
 'A3.12.03'    83   13  -51    6.075  -39.361
 'A3.12.03'    83   14  -50    6.525  -38.581
 'A3.12.03'    83   15  -49    6.975  -37.802
 'A3.12.03'    83   15  -51    6.975  -39.361
 'A3.12.03'    83   16  -50    7.425  -38.581
 'A3.12.03'    83   17  -49    7.875  -37.802
 'A3.12.03'    83   17  -51    7.875  -39.361
 'A3.12.03'    84   18  -50    8.325  -38.581
 'A3.12.03'    84   19  -49    8.775  -37.802
 'A3.12.03'    84   19  -51    8.775  -39.361
 'A3.12.03'    84   20  -50    9.225  -38.581
 'A3.12.03'    84   21  -49    9.675  -37.802
 'A3.12.03'    84   21  -51    9.675  -39.361
 'A3.12.03'    84   22  -50   10.125  -38.581
 'A3.12.03'    84   23  -49   10.575  -37.802
 'A3.12.03'    84   23  -51   10.575  -39.361
 'A3.12.02'    85   20  -54    9.225  -41.699
 'A3.12.02'    85   21  -53    9.675  -40.920
 'A3.12.02'    85   22  -52   10.125  -40.140
 'A3.12.02'    85   22  -54   10.125  -41.699
 'A3.12.02'    85   23  -53   10.575  -40.920
 'A3.12.02'    85   24  -52   11.025  -40.140
 'A3.12.02'    85   24  -54   11.025  -41.699
 'A3.12.02'    85   25  -53   11.475  -40.920
 'A3.12.02'    85   26  -54   11.925  -41.699
 'A3.12.02'    86   26  -52   11.925  -40.140
 'A3.12.02'    86   27  -53   12.375  -40.920
 'A3.12.02'    86   28  -52   12.825  -40.140
 'A3.12.02'    86   28  -54   12.825  -41.699
 'A3.12.02'    86   29  -53   13.275  -40.920
 'A3.12.02'    86   30  -52   13.725  -40.140
 'A3.12.02'    86   30  -54   13.725  -41.699
 'A3.12.02'    86   31  -53   14.175  -40.920
 'A3.12.02'    86   32  -52   14.625  -40.140
 'A3.12.02'    87   24  -50   11.025  -38.581
 'A3.12.02'    87   25  -49   11.475  -37.802
 'A3.12.02'    87   25  -51   11.475  -39.361
 'A3.12.02'    87   26  -50   11.925  -38.581
 'A3.12.02'    87   27  -49   12.375  -37.802
 'A3.12.02'    87   27  -51   12.375  -39.361
 'A3.12.02'    87   28  -50   12.825  -38.581
 'A3.12.02'    87   29  -49   13.275  -37.802
 'A3.12.02'    87   29  -51   13.275  -39.361
 'A3.12.02'    88   30  -50   13.725  -38.581
 'A3.12.02'    88   31  -49   14.175  -37.802
 'A3.12.02'    88   31  -51   14.175  -39.361
 'A3.12.02'    88   32  -50   14.625  -38.581
 'A3.12.02'    88   33  -49   15.075  -37.802
 'A3.12.02'    88   33  -51   15.075  -39.361
 'A3.12.02'    88   34  -50   15.525  -38.581
 'A3.12.02'    88   34  -52   15.525  -40.140
 'A3.12.02'    88   35  -51   15.975  -39.361
 'A3.01.01'    89   84   22   38.025   17.537
 'A3.01.01'    89   84   24   38.025   19.096
 'A3.01.01'    89   85   21   38.475   16.758
 'A3.01.01'    89   85   23   38.475   18.316
 'A3.01.01'    89   86   22   38.925   17.537
 'A3.01.01'    89   86   24   38.925   19.096
 'A3.01.01'    89   87   21   39.375   16.758
 'A3.01.01'    89   87   23   39.375   18.316
 'A3.01.01'    89   87   25   39.375   19.875
 'A3.01.01'    90   72   24   32.625   19.096
 'A3.01.01'    90   72   26   32.625   20.655
 'A3.01.01'    90   73   25   33.075   19.875
 'A3.01.01'    90   74   24   33.525   19.096
 'A3.01.01'    90   74   26   33.525   20.655
 'A3.01.01'    90   75   25   33.975   19.875
 'A3.01.01'    90   76   24   34.425   19.096
 'A3.01.01'    90   76   26   34.425   20.655
 'A3.01.01'    90   77   25   34.875   19.875
 'A3.01.01'    91   77   27   34.875   21.434
 'A3.01.01'    91   78   24   35.325   19.096
 'A3.01.01'    91   78   26   35.325   20.655
 'A3.01.01'    91   79   25   35.775   19.875
 'A3.01.01'    91   79   27   35.775   21.434
 'A3.01.01'    91   80   24   36.225   19.096
 'A3.01.01'    91   80   26   36.225   20.655
 'A3.01.01'    91   81   25   36.675   19.875
 'A3.01.01'    91   82   24   37.125   19.096
 'A3.01.01'    92   81   27   36.675   21.434
 'A3.01.01'    92   82   26   37.125   20.655
 'A3.01.01'    92   82   28   37.125   22.214
 'A3.01.01'    92   83   25   37.575   19.875
 'A3.01.01'    92   83   27   37.575   21.434
 'A3.01.01'    92   84   26   38.025   20.655
 'A3.01.01'    92   85   25   38.475   19.875
 'A3.01.01'    92   85   27   38.475   21.434
 'A3.01.01'    92   86   26   38.925   20.655
 'A3.13.01'    93   35  -49   15.975  -37.802
 'A3.13.01'    93   36  -50   16.425  -38.581
 'A3.13.01'    93   37  -49   16.875  -37.802
 'A3.13.01'    93   37  -51   16.875  -39.361
 'A3.13.01'    93   38  -50   17.325  -38.581
 'A3.13.01'    93   39  -49   17.775  -37.802
 'A3.13.01'    93   39  -51   17.775  -39.361
 'A3.13.01'    93   40  -50   18.225  -38.581
 'A3.13.01'    93   41  -49   18.675  -37.802
 'A3.13.01'    94   41  -51   18.675  -39.361
 'A3.13.01'    94   42  -50   19.125  -38.581
 'A3.13.01'    94   43  -49   19.575  -37.802
 'A3.13.01'    94   43  -51   19.575  -39.361
 'A3.13.01'    94   44  -50   20.025  -38.581
 'A3.13.01'    94   45  -49   20.475  -37.802
 'A3.13.01'    94   46  -50   20.925  -38.581
 'A3.13.01'    94   47  -49   21.375  -37.802
 'A3.13.01'    94   48  -50   21.825  -38.581
 'A3.13.01'    95   36  -46   16.425  -35.464
 'A3.13.01'    95   36  -48   16.425  -37.023
 'A3.13.01'    95   37  -47   16.875  -36.243
 'A3.13.01'    95   38  -46   17.325  -35.464
 'A3.13.01'    95   38  -48   17.325  -37.023
 'A3.13.01'    95   39  -47   17.775  -36.243
 'A3.13.01'    95   40  -46   18.225  -35.464
 'A3.13.01'    95   40  -48   18.225  -37.023
 'A3.13.01'    95   41  -47   18.675  -36.243
 'A3.13.01'    96   42  -46   19.125  -35.464
 'A3.13.01'    96   42  -48   19.125  -37.023
 'A3.13.01'    96   43  -47   19.575  -36.243
 'A3.13.01'    96   44  -46   20.025  -35.464
 'A3.13.01'    96   44  -48   20.025  -37.023
 'A3.13.01'    96   45  -47   20.475  -36.243
 'A3.13.01'    96   46  -46   20.925  -35.464
 'A3.13.01'    96   46  -48   20.925  -37.023
 'A3.13.01'    96   47  -47   21.375  -36.243
 'A3.13.02'    97   36  -44   16.425  -33.905
 'A3.13.02'    97   37  -43   16.875  -33.125
 'A3.13.02'    97   37  -45   16.875  -34.684
 'A3.13.02'    97   38  -44   17.325  -33.905
 'A3.13.02'    97   39  -43   17.775  -33.125
 'A3.13.02'    97   39  -45   17.775  -34.684
 'A3.13.02'    97   40  -44   18.225  -33.905
 'A3.13.02'    97   41  -43   18.675  -33.125
 'A3.13.02'    97   41  -45   18.675  -34.684
 'A3.13.02'    98   42  -44   19.125  -33.905
 'A3.13.02'    98   43  -43   19.575  -33.125
 'A3.13.02'    98   43  -45   19.575  -34.684
 'A3.13.02'    98   44  -44   20.025  -33.905
 'A3.13.02'    98   45  -43   20.475  -33.125
 'A3.13.02'    98   45  -45   20.475  -34.684
 'A3.13.02'    98   46  -44   20.925  -33.905
 'A3.13.02'    98   47  -43   21.375  -33.125
 'A3.13.02'    98   47  -45   21.375  -34.684
 'A3.13.02'    99   48  -44   21.825  -33.905
 'A3.13.02'    99   49  -43   22.275  -33.125
 'A3.13.02'    99   50  -44   22.725  -33.905
 'A3.13.02'    99   51  -43   23.175  -33.125
 'A3.13.02'    99   52  -44   23.625  -33.905
 'A3.13.02'    99   53  -43   24.075  -33.125
 'A3.13.02'    99   53  -45   24.075  -34.684
 'A3.13.02'    99   54  -44   24.525  -33.905
 'A3.13.02'    99   55  -45   24.975  -34.684
 'A3.13.02'   100   48  -46   21.825  -35.464
 'A3.13.02'   100   48  -48   21.825  -37.023
 'A3.13.02'   100   49  -45   22.275  -34.684
 'A3.13.02'   100   49  -47   22.275  -36.243
 'A3.13.02'   100   50  -46   22.725  -35.464
 'A3.13.02'   100   51  -45   23.175  -34.684
 'A3.13.02'   100   51  -47   23.175  -36.243
 'A3.13.02'   100   52  -46   23.625  -35.464
 'A3.13.02'   100   54  -46   24.525  -35.464
 'A3.13.00'   101   55  -43   24.975  -33.125
 'A3.13.00'   101   56  -44   25.425  -33.905
 'A3.13.00'   101   57  -43   25.875  -33.125
 'A3.13.00'   101   57  -45   25.875  -34.684
 'A3.13.00'   101   58  -44   26.325  -33.905
 'A3.13.00'   101   59  -43   26.775  -33.125
 'A3.13.00'   101   59  -45   26.775  -34.684
 'A3.13.00'   101   60  -44   27.225  -33.905
 'A3.13.00'   101   62  -44   28.125  -33.905
 'A3.13.00'   102   60  -40   27.225  -30.787
 'A3.13.00'   102   60  -42   27.225  -32.346
 'A3.13.00'   102   61  -41   27.675  -31.567
 'A3.13.00'   102   61  -43   27.675  -33.125
 'A3.13.00'   102   62  -40   28.125  -30.787
 'A3.13.00'   102   62  -42   28.125  -32.346
 'A3.13.00'   102   63  -41   28.575  -31.567
 'A3.13.00'   102   63  -43   28.575  -33.125
 'A3.13.00'   102   64  -42   29.025  -32.346
 'A3.13.00'   103   64  -40   29.025  -30.787
 'A3.13.00'   103   65  -41   29.475  -31.567
 'A3.13.00'   103   66  -40   29.925  -30.787
 'A3.13.00'   103   66  -42   29.925  -32.346
 'A3.13.00'   103   67  -39   30.375  -30.008
 'A3.13.00'   103   67  -41   30.375  -31.567
 'A3.13.00'   103   68  -40   30.825  -30.787
 'A3.13.00'   103   69  -39   31.275  -30.008
 'A3.13.00'   103   70  -40   31.725  -30.787
 'A3.13.00'   104   60  -38   27.225  -29.228
 'A3.13.00'   104   61  -37   27.675  -28.449
 'A3.13.00'   104   61  -39   27.675  -30.008
 'A3.13.00'   104   62  -38   28.125  -29.228
 'A3.13.00'   104   63  -37   28.575  -28.449
 'A3.13.00'   104   63  -39   28.575  -30.008
 'A3.13.00'   104   64  -38   29.025  -29.228
 'A3.13.00'   104   65  -37   29.475  -28.449
 'A3.13.00'   104   65  -39   29.475  -30.008
 'A3.14.01'   105   66  -38   29.925  -29.228
 'A3.14.01'   105   67  -37   30.375  -28.449
 'A3.14.01'   105   68  -38   30.825  -29.228
 'A3.14.01'   105   69  -37   31.275  -28.449
 'A3.14.01'   105   70  -38   31.725  -29.228
 'A3.14.01'   105   71  -37   32.175  -28.449
 'A3.14.01'   105   71  -39   32.175  -30.008
 'A3.14.01'   105   72  -38   32.625  -29.228
 'A3.14.01'   105   73  -37   33.075  -28.449
 'A3.14.01'   106   72  -34   32.625  -26.111
 'A3.14.01'   106   72  -36   32.625  -27.670
 'A3.14.01'   106   73  -35   33.075  -26.890
 'A3.14.01'   106   74  -34   33.525  -26.111
 'A3.14.01'   106   74  -36   33.525  -27.670
 'A3.14.01'   106   75  -35   33.975  -26.890
 'A3.14.01'   106   75  -37   33.975  -28.449
 'A3.14.01'   106   76  -36   34.425  -27.670
 'A3.14.01'   106   77  -35   34.875  -26.890
 'A3.14.01'   107   72  -32   32.625  -24.552
 'A3.14.01'   107   73  -33   33.075  -25.331
 'A3.14.01'   107   74  -32   33.525  -24.552
 'A3.14.01'   107   75  -33   33.975  -25.331
 'A3.14.01'   107   76  -32   34.425  -24.552
 'A3.14.01'   107   76  -34   34.425  -26.111
 'A3.14.01'   107   77  -31   34.875  -23.772
 'A3.14.01'   107   77  -33   34.875  -25.331
 'A3.14.01'   107   78  -32   35.325  -24.552
 'A3.14.01'   108   72  -28   32.625  -21.434
 'A3.14.01'   108   72  -30   32.625  -22.993
 'A3.14.01'   108   73  -29   33.075  -22.214
 'A3.14.01'   108   73  -31   33.075  -23.772
 'A3.14.01'   108   74  -28   33.525  -21.434
 'A3.14.01'   108   74  -30   33.525  -22.993
 'A3.14.01'   108   75  -29   33.975  -22.214
 'A3.14.01'   108   75  -31   33.975  -23.772
 'A3.14.01'   108   76  -30   34.425  -22.993
 'A3.14.02'   109   76  -28   34.425  -21.434
 'A3.14.02'   109   77  -29   34.875  -22.214
 'A3.14.02'   109   78  -28   35.325  -21.434
 'A3.14.02'   109   78  -30   35.325  -22.993
 'A3.14.02'   109   79  -29   35.775  -22.214
 'A3.14.02'   109   79  -31   35.775  -23.772
 'A3.14.02'   109   80  -28   36.225  -21.434
 'A3.14.02'   109   80  -30   36.225  -22.993
 'A3.14.02'   109   81  -29   36.675  -22.214
 'A3.14.02'   110   72  -26   32.625  -19.875
 'A3.14.02'   110   73  -25   33.075  -19.096
 'A3.14.02'   110   73  -27   33.075  -20.655
 'A3.14.02'   110   74  -26   33.525  -19.875
 'A3.14.02'   110   75  -25   33.975  -19.096
 'A3.14.02'   110   75  -27   33.975  -20.655
 'A3.14.02'   110   76  -26   34.425  -19.875
 'A3.14.02'   110   77  -25   34.875  -19.096
 'A3.14.02'   110   77  -27   34.875  -20.655
 'A3.14.02'   111   78  -26   35.325  -19.875
 'A3.14.02'   111   79  -25   35.775  -19.096
 'A3.14.02'   111   79  -27   35.775  -20.655
 'A3.14.02'   111   80  -26   36.225  -19.875
 'A3.14.02'   111   81  -25   36.675  -19.096
 'A3.14.02'   111   81  -27   36.675  -20.655
 'A3.14.02'   111   82  -26   37.125  -19.875
 'A3.14.02'   111   82  -28   37.125  -21.434
 'A3.14.02'   111   83  -27   37.575  -20.655
 'A3.14.02'   112   83  -25   37.575  -19.096
 'A3.14.02'   112   84  -24   38.025  -18.316
 'A3.14.02'   112   84  -26   38.025  -19.875
 'A3.14.02'   112   84  -28   38.025  -21.434
 'A3.14.02'   112   85  -25   38.475  -19.096
 'A3.14.02'   112   85  -27   38.475  -20.655
 'A3.14.02'   112   86  -24   38.925  -18.316
 'A3.14.02'   112   86  -26   38.925  -19.875
 'A3.14.02'   112   87  -25   39.375  -19.096
 'A3.15.01'   113   84  -16   38.025  -12.081
 'A3.15.01'   113   84  -18   38.025  -13.640
 'A3.15.01'   113   85  -17   38.475  -12.860
 'A3.15.01'   113   85  -19   38.475  -14.419
 'A3.15.01'   113   86  -16   38.925  -12.081
 'A3.15.01'   113   86  -18   38.925  -13.640
 'A3.15.01'   113   87  -17   39.375  -12.860
 'A3.15.01'   113   88  -16   39.825  -12.081
 'A3.15.01'   113   89  -17   40.275  -12.860
 'A3.15.01'   114   87  -19   39.375  -14.419
 'A3.15.01'   114   88  -18   39.825  -13.640
 'A3.15.01'   114   88  -20   39.825  -15.199
 'A3.15.01'   114   89  -19   40.275  -14.419
 'A3.15.01'   114   89  -21   40.275  -15.978
 'A3.15.01'   114   90  -18   40.725  -13.640
 'A3.15.01'   114   91  -17   41.175  -12.860
 'A3.15.01'   114   92  -18   41.625  -13.640
 'A3.15.01'   114   93  -17   42.075  -12.860
 'A3.15.01'   115   84  -14   38.025  -10.522
 'A3.15.01'   115   85  -13   38.475   -9.743
 'A3.15.01'   115   85  -15   38.475  -11.302
 'A3.15.01'   115   86  -14   38.925  -10.522
 'A3.15.01'   115   87  -13   39.375   -9.743
 'A3.15.01'   115   87  -15   39.375  -11.302
 'A3.15.01'   115   88  -14   39.825  -10.522
 'A3.15.01'   115   89  -13   40.275   -9.743
 'A3.15.01'   115   89  -15   40.275  -11.302
 'A3.15.01'   116   90  -14   40.725  -10.522
 'A3.15.01'   116   90  -16   40.725  -12.081
 'A3.15.01'   116   91  -13   41.175   -9.743
 'A3.15.01'   116   91  -15   41.175  -11.302
 'A3.15.01'   116   92  -14   41.625  -10.522
 'A3.15.01'   116   92  -16   41.625  -12.081
 'A3.15.01'   116   93  -13   42.075   -9.743
 'A3.15.01'   116   93  -15   42.075  -11.302
 'A3.15.01'   116   94  -16   42.525  -12.081
 'A3.15.02'   117   84  -10   38.025   -7.405
 'A3.15.02'   117   84  -12   38.025   -8.963
 'A3.15.02'   117   85  -11   38.475   -8.184
 'A3.15.02'   117   86  -10   38.925   -7.405
 'A3.15.02'   117   86  -12   38.925   -8.963
 'A3.15.02'   117   87  -11   39.375   -8.184
 'A3.15.02'   117   88  -10   39.825   -7.405
 'A3.15.02'   117   88  -12   39.825   -8.963
 'A3.15.02'   117   89  -11   40.275   -8.184
 'A3.15.02'   118   90  -10   40.725   -7.405
 'A3.15.02'   118   90  -12   40.725   -8.963
 'A3.15.02'   118   91  -11   41.175   -8.184
 'A3.15.02'   118   92  -10   41.625   -7.405
 'A3.15.02'   118   92  -12   41.625   -8.963
 'A3.15.02'   118   93  -11   42.075   -8.184
 'A3.15.02'   118   93   -9   42.075   -6.625
 'A3.15.02'   118   94  -10   42.525   -7.405
 'A3.15.02'   118   95   -9   42.975   -6.625
 'A3.15.02'   119   84   -8   38.025   -5.846
 'A3.15.02'   119   85   -7   38.475   -5.066
 'A3.15.02'   119   85   -9   38.475   -6.625
 'A3.15.02'   119   86   -8   38.925   -5.846
 'A3.15.02'   119   87   -7   39.375   -5.066
 'A3.15.02'   119   87   -9   39.375   -6.625
 'A3.15.02'   119   88   -8   39.825   -5.846
 'A3.15.02'   119   89   -7   40.275   -5.066
 'A3.15.02'   119   89   -9   40.275   -6.625
 'A3.15.02'   120   90   -8   40.725   -5.846
 'A3.15.02'   120   91   -7   41.175   -5.066
 'A3.15.02'   120   91   -9   41.175   -6.625
 'A3.15.02'   120   92   -8   41.625   -5.846
 'A3.15.02'   120   93   -7   42.075   -5.066
 'A3.15.02'   120   94   -8   42.525   -5.846
 'A3.15.02'   120   95   -7   42.975   -5.066
 'A3.15.02'   120   96   -8   43.425   -5.846
 'A3.15.02'   120   97   -7   43.875   -5.066
 'A3.01.00'   121   72   28   32.625   22.214
 'A3.01.00'   121   72   30   32.625   23.772
 'A3.01.00'   121   73   27   33.075   21.434
 'A3.01.00'   121   73   29   33.075   22.993
 'A3.01.00'   121   74   28   33.525   22.214
 'A3.01.00'   121   74   30   33.525   23.772
 'A3.01.00'   121   75   27   33.975   21.434
 'A3.01.00'   121   75   29   33.975   22.993
 'A3.01.00'   121   76   28   34.425   22.214
 'A3.01.00'   122   76   30   34.425   23.772
 'A3.01.00'   122   77   29   34.875   22.993
 'A3.01.00'   122   78   28   35.325   22.214
 'A3.01.00'   122   78   30   35.325   23.772
 'A3.01.00'   122   79   29   35.775   22.993
 'A3.01.00'   122   79   31   35.775   24.552
 'A3.01.00'   122   80   28   36.225   22.214
 'A3.01.00'   122   80   30   36.225   23.772
 'A3.01.00'   122   81   29   36.675   22.993
 'A3.01.00'   123   72   32   32.625   25.331
 'A3.01.00'   123   73   31   33.075   24.552
 'A3.01.00'   123   73   33   33.075   26.111
 'A3.01.00'   123   74   32   33.525   25.331
 'A3.01.00'   123   75   31   33.975   24.552
 'A3.01.00'   123   75   33   33.975   26.111
 'A3.01.00'   123   76   32   34.425   25.331
 'A3.01.00'   123   76   34   34.425   26.890
 'A3.01.00'   123   77   31   34.875   24.552
 'A3.01.00'   124   70   36   31.725   28.449
 'A3.01.00'   124   71   37   32.175   29.228
 'A3.01.00'   124   72   34   32.625   26.890
 'A3.01.00'   124   72   36   32.625   28.449
 'A3.01.00'   124   73   35   33.075   27.670
 'A3.01.00'   124   73   37   33.075   29.228
 'A3.01.00'   124   74   34   33.525   26.890
 'A3.01.00'   124   74   36   33.525   28.449
 'A3.01.00'   124   75   35   33.975   27.670
 'A3.02.00'   125   60   36   27.225   28.449
 'A3.02.00'   125   60   38   27.225   30.008
 'A3.02.00'   125   61   37   27.675   29.228
 'A3.02.00'   125   62   36   28.125   28.449
 'A3.02.00'   125   62   38   28.125   30.008
 'A3.02.00'   125   63   37   28.575   29.228
 'A3.02.00'   125   64   36   29.025   28.449
 'A3.02.00'   125   64   38   29.025   30.008
 'A3.02.00'   125   65   37   29.475   29.228
 'A3.02.00'   126   66   36   29.925   28.449
 'A3.02.00'   126   66   38   29.925   30.008
 'A3.02.00'   126   67   37   30.375   29.228
 'A3.02.00'   126   67   39   30.375   30.787
 'A3.02.00'   126   68   36   30.825   28.449
 'A3.02.00'   126   68   38   30.825   30.008
 'A3.02.00'   126   69   37   31.275   29.228
 'A3.02.00'   126   69   39   31.275   30.787
 'A3.02.00'   126   70   38   31.725   30.008
 'A3.02.00'   127   60   40   27.225   31.567
 'A3.02.00'   127   61   39   27.675   30.787
 'A3.02.00'   127   62   40   28.125   31.567
 'A3.02.00'   127   63   39   28.575   30.787
 'A3.02.00'   127   64   40   29.025   31.567
 'A3.02.00'   127   65   39   29.475   30.787
 'A3.02.00'   127   65   41   29.475   32.346
 'A3.02.00'   127   66   40   29.925   31.567
 'A3.02.00'   127   68   40   30.825   31.567
 'A3.02.00'   128   58   42   26.325   33.125
 'A3.02.00'   128   58   44   26.325   34.684
 'A3.02.00'   128   59   43   26.775   33.905
 'A3.02.00'   128   60   42   27.225   33.125
 'A3.02.00'   128   61   41   27.675   32.346
 'A3.02.00'   128   61   43   27.675   33.905
 'A3.02.00'   128   62   42   28.125   33.125
 'A3.02.00'   128   63   41   28.575   32.346
 'A3.02.00'   128   64   42   29.025   33.125
 'A3.02.01'   129   48   42   21.825   33.125
 'A3.02.01'   129   48   44   21.825   34.684
 'A3.02.01'   129   49   43   22.275   33.905
 'A3.02.01'   129   50   42   22.725   33.125
 'A3.02.01'   129   50   44   22.725   34.684
 'A3.02.01'   129   51   43   23.175   33.905
 'A3.02.01'   129   52   42   23.625   33.125
 'A3.02.01'   129   52   44   23.625   34.684
 'A3.02.01'   129   53   43   24.075   33.905
 'A3.02.01'   130   52   46   23.625   36.243
 'A3.02.01'   130   53   45   24.075   35.464
 'A3.02.01'   130   54   42   24.525   33.125
 'A3.02.01'   130   54   44   24.525   34.684
 'A3.02.01'   130   55   43   24.975   33.905
 'A3.02.01'   130   55   45   24.975   35.464
 'A3.02.01'   130   56   42   25.425   33.125
 'A3.02.01'   130   56   44   25.425   34.684
 'A3.02.01'   130   57   43   25.875   33.905
 'A3.02.01'   131   45   45   20.475   35.464
 'A3.02.01'   131   46   46   20.925   36.243
 'A3.02.01'   131   47   45   21.375   35.464
 'A3.02.01'   131   47   47   21.375   37.023
 'A3.02.01'   131   48   46   21.825   36.243
 'A3.02.01'   131   49   45   22.275   35.464
 'A3.02.01'   131   49   47   22.275   37.023
 'A3.02.01'   131   50   46   22.725   36.243
 'A3.02.01'   131   51   45   23.175   35.464
 'A3.02.01'   132   42   46   19.125   36.243
 'A3.02.01'   132   42   48   19.125   37.802
 'A3.02.01'   132   43   45   19.575   35.464
 'A3.02.01'   132   43   47   19.575   37.023
 'A3.02.01'   132   43   49   19.575   38.581
 'A3.02.01'   132   44   46   20.025   36.243
 'A3.02.01'   132   44   48   20.025   37.802
 'A3.02.01'   132   45   47   20.475   37.023
 'A3.02.01'   132   46   48   20.925   37.802
 'A3.02.02'   133   36   42   16.425   33.125
 'A3.02.02'   133   36   44   16.425   34.684
 'A3.02.02'   133   37   43   16.875   33.905
 'A3.02.02'   133   38   42   17.325   33.125
 'A3.02.02'   133   38   44   17.325   34.684
 'A3.02.02'   133   39   43   17.775   33.905
 'A3.02.02'   133   40   42   18.225   33.125
 'A3.02.02'   133   40   44   18.225   34.684
 'A3.02.02'   133   41   43   18.675   33.905
 'A3.02.02'   134   42   42   19.125   33.125
 'A3.02.02'   134   42   44   19.125   34.684
 'A3.02.02'   134   43   43   19.575   33.905
 'A3.02.02'   134   44   42   20.025   33.125
 'A3.02.02'   134   44   44   20.025   34.684
 'A3.02.02'   134   45   43   20.475   33.905
 'A3.02.02'   134   46   42   20.925   33.125
 'A3.02.02'   134   46   44   20.925   34.684
 'A3.02.02'   134   47   43   21.375   33.905
 'A3.02.02'   135   36   46   16.425   36.243
 'A3.02.02'   135   37   45   16.875   35.464
 'A3.02.02'   135   37   47   16.875   37.023
 'A3.02.02'   135   38   46   17.325   36.243
 'A3.02.02'   135   39   45   17.775   35.464
 'A3.02.02'   135   39   47   17.775   37.023
 'A3.02.02'   135   40   46   18.225   36.243
 'A3.02.02'   135   41   45   18.675   35.464
 'A3.02.02'   135   41   47   18.675   37.023
 'A3.02.02'   136   36   48   16.425   37.802
 'A3.02.02'   136   36   50   16.425   39.361
 'A3.02.02'   136   37   49   16.875   38.581
 'A3.02.02'   136   38   48   17.325   37.802
 'A3.02.02'   136   38   50   17.325   39.361
 'A3.02.02'   136   39   49   17.775   38.581
 'A3.02.02'   136   40   48   18.225   37.802
 'A3.02.02'   136   40   50   18.225   39.361
 'A3.02.02'   136   41   49   18.675   38.581
 'A3.03.02'   137   24   48   11.025   37.802
 'A3.03.02'   137   24   50   11.025   39.361
 'A3.03.02'   137   25   49   11.475   38.581
 'A3.03.02'   137   26   48   11.925   37.802
 'A3.03.02'   137   26   50   11.925   39.361
 'A3.03.02'   137   27   49   12.375   38.581
 'A3.03.02'   137   28   48   12.825   37.802
 'A3.03.02'   137   28   50   12.825   39.361
 'A3.03.02'   137   29   49   13.275   38.581
 'A3.03.02'   138   30   48   13.725   37.802
 'A3.03.02'   138   30   50   13.725   39.361
 'A3.03.02'   138   31   49   14.175   38.581
 'A3.03.02'   138   32   48   14.625   37.802
 'A3.03.02'   138   32   50   14.625   39.361
 'A3.03.02'   138   33   49   15.075   38.581
 'A3.03.02'   138   34   48   15.525   37.802
 'A3.03.02'   138   34   50   15.525   39.361
 'A3.03.02'   138   35   49   15.975   38.581
 'A3.03.02'   139   21   51    9.675   40.140
 'A3.03.02'   139   21   53    9.675   41.699
 'A3.03.02'   139   22   52   10.125   40.920
 'A3.03.02'   139   23   51   10.575   40.140
 'A3.03.02'   139   23   53   10.575   41.699
 'A3.03.02'   139   24   52   11.025   40.920
 'A3.03.02'   139   25   51   11.475   40.140
 'A3.03.02'   139   25   53   11.475   41.699
 'A3.03.02'   139   26   52   11.925   40.920
 'A3.03.02'   140   27   51   12.375   40.140
 'A3.03.02'   140   27   53   12.375   41.699
 'A3.03.02'   140   28   52   12.825   40.920
 'A3.03.02'   140   29   51   13.275   40.140
 'A3.03.02'   140   29   53   13.275   41.699
 'A3.03.02'   140   30   52   13.725   40.920
 'A3.03.02'   140   31   51   14.175   40.140
 'A3.03.02'   140   32   52   14.625   40.920
 'A3.03.02'   140   33   51   15.075   40.140
 'A3.03.03'   141   12   48    5.625   37.802
 'A3.03.03'   141   12   50    5.625   39.361
 'A3.03.03'   141   13   49    6.075   38.581
 'A3.03.03'   141   14   48    6.525   37.802
 'A3.03.03'   141   14   50    6.525   39.361
 'A3.03.03'   141   15   49    6.975   38.581
 'A3.03.03'   141   16   48    7.425   37.802
 'A3.03.03'   141   16   50    7.425   39.361
 'A3.03.03'   141   17   49    7.875   38.581
 'A3.03.03'   142   18   48    8.325   37.802
 'A3.03.03'   142   18   50    8.325   39.361
 'A3.03.03'   142   19   49    8.775   38.581
 'A3.03.03'   142   20   48    9.225   37.802
 'A3.03.03'   142   20   50    9.225   39.361
 'A3.03.03'   142   21   49    9.675   38.581
 'A3.03.03'   142   22   48   10.125   37.802
 'A3.03.03'   142   22   50   10.125   39.361
 'A3.03.03'   142   23   49   10.575   38.581
 'A3.03.03'   143   12   52    5.625   40.920
 'A3.03.03'   143   12   54    5.625   42.479
 'A3.03.03'   143   13   51    6.075   40.140
 'A3.03.03'   143   13   53    6.075   41.699
 'A3.03.03'   143   14   52    6.525   40.920
 'A3.03.03'   143   14   54    6.525   42.479
 'A3.03.03'   143   15   51    6.975   40.140
 'A3.03.03'   143   15   53    6.975   41.699
 'A3.03.03'   143   16   54    7.425   42.479
 'A3.03.03'   144   16   52    7.425   40.920
 'A3.03.03'   144   17   51    7.875   40.140
 'A3.03.03'   144   17   53    7.875   41.699
 'A3.03.03'   144   18   52    8.325   40.920
 'A3.03.03'   144   18   54    8.325   42.479
 'A3.03.03'   144   19   51    8.775   40.140
 'A3.03.03'   144   19   53    8.775   41.699
 'A3.03.03'   144   20   52    9.225   40.920
 'A3.03.03'   144   20   54    9.225   42.479
 'A3.00.15'   145   20    2    9.225    1.949
 'A3.00.15'   145   20    4    9.225    3.507
 'A3.00.15'   145   21    1    9.675    1.169
 'A3.00.15'   145   21    3    9.675    2.728
 'A3.00.15'   145   22    0   10.125    0.390
 'A3.00.15'   145   22    2   10.125    1.949
 'A3.00.15'   145   22    4   10.125    3.507
 'A3.00.15'   145   23    1   10.575    1.169
 'A3.00.15'   145   23    3   10.575    2.728
 'A3.05.15'   146  -11   11   -4.725    8.963
 'A3.05.15'   146  -12   10   -5.175    8.184
 'A3.05.15'   146  -13   11   -5.625    8.963
 'A3.05.15'   146  -14   10   -6.075    8.184
 'A3.05.15'   146  -15   11   -6.525    8.963
 'A3.05.15'   146  -16   10   -6.975    8.184
 'A3.05.15'   146  -17   11   -7.425    8.963
 'A3.05.15'   146   -7   11   -2.925    8.963
 'A3.05.15'   146   -9   11   -3.825    8.963
 'A3.05.14'   147  -15    9   -6.525    7.405
 'A3.05.14'   147  -16    8   -6.975    6.625
 'A3.05.14'   147  -17    9   -7.425    7.405
 'A3.05.14'   147  -18   10   -7.875    8.184
 'A3.05.14'   147  -18    8   -7.875    6.625
 'A3.05.14'   147  -19   11   -8.325    8.963
 'A3.05.14'   147  -19    9   -8.325    7.405
 'A3.05.14'   147  -20   10   -8.775    8.184
 'A3.05.14'   147  -21   11   -9.225    8.963
 'A3.06.15'   148  -17    7   -7.425    5.846
 'A3.06.15'   148  -18    6   -7.875    5.066
 'A3.06.15'   148  -19    7   -8.325    5.846
 'A3.06.15'   148  -20    6   -8.775    5.066
 'A3.06.15'   148  -21    5   -9.225    4.287
 'A3.06.15'   148  -21    7   -9.225    5.846
 'A3.06.15'   148  -22    6   -9.675    5.066
 'A3.06.15'   148  -23    5  -10.125    4.287
 'A3.06.15'   148  -24    6  -10.575    5.066
 'A3.06.14'   149  -20    8   -8.775    6.625
 'A3.06.14'   149  -21    9   -9.225    7.405
 'A3.06.14'   149  -22   10   -9.675    8.184
 'A3.06.14'   149  -22    8   -9.675    6.625
 'A3.06.14'   149  -23   11  -10.125    8.963
 'A3.06.14'   149  -23    7  -10.125    5.846
 'A3.06.14'   149  -23    9  -10.125    7.405
 'A3.06.14'   149  -24   10  -10.575    8.184
 'A3.06.14'   149  -24    8  -10.575    6.625
 'A3.07.15'   150  -21    3   -9.225    2.728
 'A3.07.15'   150  -22    0   -9.675    0.390
 'A3.07.15'   150  -22    2   -9.675    1.949
 'A3.07.15'   150  -22    4   -9.675    3.507
 'A3.07.15'   150  -23    1  -10.125    1.169
 'A3.07.15'   150  -23    3  -10.125    2.728
 'A3.07.15'   150  -24    0  -10.575    0.390
 'A3.07.15'   150  -24    2  -10.575    1.949
 'A3.07.15'   150  -24    4  -10.575    3.507
 'A3.08.15'   151  -21   -3   -9.225   -1.949
 'A3.08.15'   151  -21   -5   -9.225   -3.507
 'A3.08.15'   151  -22   -2   -9.675   -1.169
 'A3.08.15'   151  -22   -4   -9.675   -2.728
 'A3.08.15'   151  -23   -1  -10.125   -0.390
 'A3.08.15'   151  -23   -3  -10.125   -1.949
 'A3.08.15'   151  -23   -5  -10.125   -3.507
 'A3.08.15'   151  -24   -2  -10.575   -1.169
 'A3.08.15'   151  -24   -4  -10.575   -2.728
 'A3.09.14'   152  -19   -7   -8.325   -5.066
 'A3.09.14'   152  -20   -6   -8.775   -4.287
 'A3.09.14'   152  -21   -7   -9.225   -5.066
 'A3.09.14'   152  -22   -6   -9.675   -4.287
 'A3.09.14'   152  -22   -8   -9.675   -5.846
 'A3.09.14'   152  -23   -7  -10.125   -5.066
 'A3.09.14'   152  -23   -9  -10.125   -6.625
 'A3.09.14'   152  -24   -6  -10.575   -4.287
 'A3.09.14'   152  -24   -8  -10.575   -5.846
 'A3.09.15'   153  -14  -10   -6.075   -7.405
 'A3.09.15'   153  -15   -9   -6.525   -6.625
 'A3.09.15'   153  -16  -10   -6.975   -7.405
 'A3.09.15'   153  -17   -9   -7.425   -6.625
 'A3.09.15'   153  -18  -10   -7.875   -7.405
 'A3.09.15'   153  -18   -8   -7.875   -5.846
 'A3.09.15'   153  -19   -9   -8.325   -6.625
 'A3.09.15'   153  -20   -8   -8.775   -5.846
 'A3.09.15'   153  -21   -9   -9.225   -6.625
 'A3.10.14'   154  -10  -12   -4.275   -8.963
 'A3.10.14'   154  -11  -11   -4.725   -8.184
 'A3.10.14'   154  -12  -12   -5.175   -8.963
 'A3.10.14'   154  -13  -11   -5.625   -8.184
 'A3.10.14'   154  -14  -12   -6.075   -8.963
 'A3.10.14'   154  -15  -11   -6.525   -8.184
 'A3.10.14'   154  -16  -12   -6.975   -8.963
 'A3.10.14'   154  -17  -11   -7.425   -8.184
 'A3.10.14'   154  -18  -12   -7.875   -8.963
 'A3.13.15'   155   10  -12    4.725   -8.963
 'A3.13.15'   155   11  -11    5.175   -8.184
 'A3.13.15'   155   12  -12    5.625   -8.963
 'A3.13.15'   155   13  -11    6.075   -8.184
 'A3.13.15'   155   14  -12    6.525   -8.963
 'A3.13.15'   155   15  -11    6.975   -8.184
 'A3.13.15'   155   16  -12    7.425   -8.963
 'A3.13.15'   155    6  -12    2.925   -8.963
 'A3.13.15'   155    8  -12    3.825   -8.963
 'A3.06.00'   156  -85   19  -38.025   15.199
 'A3.06.00'   156  -85   21  -38.025   16.758
 'A3.06.00'   156  -86   20  -38.475   15.978
 'A3.06.00'   156  -86   22  -38.475   17.537
 'A3.06.00'   156  -87   19  -38.925   15.199
 'A3.06.00'   156  -87   21  -38.925   16.758
 'A3.06.00'   156  -88   20  -39.375   15.978
 'A3.06.00'   156  -88   22  -39.375   17.537
 'A3.06.00'   156  -89   21  -39.825   16.758
 'A3.13.14'   157   14  -10    6.525   -7.405
 'A3.13.14'   157   15   -9    6.975   -6.625
 'A3.13.14'   157   16  -10    7.425   -7.405
 'A3.13.14'   157   17  -11    7.875   -8.184
 'A3.13.14'   157   17   -9    7.875   -6.625
 'A3.13.14'   157   18  -10    8.325   -7.405
 'A3.13.14'   157   18  -12    8.325   -8.963
 'A3.13.14'   157   19  -11    8.775   -8.184
 'A3.13.14'   157   20  -12    9.225   -8.963
 'A3.14.15'   158   16   -8    7.425   -5.846
 'A3.14.15'   158   17   -7    7.875   -5.066
 'A3.14.15'   158   18   -8    8.325   -5.846
 'A3.14.15'   158   19   -7    8.775   -5.066
 'A3.14.15'   158   20   -6    9.225   -4.287
 'A3.14.15'   158   20   -8    9.225   -5.846
 'A3.14.15'   158   21   -7    9.675   -5.066
 'A3.14.15'   158   22   -6   10.125   -4.287
 'A3.14.15'   158   23   -7   10.575   -5.066
 'A3.14.14'   159   19   -9    8.775   -6.625
 'A3.14.14'   159   20  -10    9.225   -7.405
 'A3.14.14'   159   21  -11    9.675   -8.184
 'A3.14.14'   159   21   -9    9.675   -6.625
 'A3.14.14'   159   22  -10   10.125   -7.405
 'A3.14.14'   159   22  -12   10.125   -8.963
 'A3.14.14'   159   22   -8   10.125   -5.846
 'A3.14.14'   159   23  -11   10.575   -8.184
 'A3.14.14'   159   23   -9   10.575   -6.625
 'A3.15.15'   160   20   -4    9.225   -2.728
 'A3.15.15'   160   21   -1    9.675   -0.390
 'A3.15.15'   160   21   -3    9.675   -1.949
 'A3.15.15'   160   21   -5    9.675   -3.507
 'A3.15.15'   160   22   -2   10.125   -1.169
 'A3.15.15'   160   22   -4   10.125   -2.728
 'A3.15.15'   160   23   -1   10.575   -0.390
 'A3.15.15'   160   23   -3   10.575   -1.949
 'A3.15.15'   160   23   -5   10.575   -3.507
 'A3.07.00'   161  -97    1  -43.425    1.169
 'A3.07.00'   161  -97    3  -43.425    2.728
 'A3.07.00'   161  -97    5  -43.425    4.287
 'A3.07.00'   161  -98    0  -43.875    0.390
 'A3.07.00'   161  -98    2  -43.875    1.949
 'A3.07.00'   161  -98    4  -43.875    3.507
 'A3.07.00'   161  -99    1  -44.325    1.169
 'A3.07.00'   161  -99    3  -44.325    2.728
 'A3.08.00'   162  -97   -1  -43.425   -0.390
 'A3.08.00'   162  -97   -3  -43.425   -1.949
 'A3.08.00'   162  -97   -5  -43.425   -3.507
 'A3.08.00'   162  -98   -2  -43.875   -1.169
 'A3.08.00'   162  -98   -4  -43.875   -2.728
 'A3.08.00'   162  -98   -6  -43.875   -4.287
 'A3.08.00'   162  -99   -1  -44.325   -0.390
 'A3.08.00'   162  -99   -3  -44.325   -1.949
 'A3.08.00'   162  -99   -5  -44.325   -3.507
 'A3.14.00'   163   84  -20   38.025  -15.199
 'A3.14.00'   163   84  -22   38.025  -16.758
 'A3.14.00'   163   85  -21   38.475  -15.978
 'A3.14.00'   163   85  -23   38.475  -17.537
 'A3.14.00'   163   86  -20   38.925  -15.199
 'A3.14.00'   163   86  -22   38.925  -16.758
 'A3.14.00'   163   87  -21   39.375  -15.978
 'A3.14.00'   163   87  -23   39.375  -17.537
 'A3.14.00'   163   88  -22   39.825  -16.758
 'A3.15.00'   164   96   -2   43.425   -1.169
 'A3.15.00'   164   96   -4   43.425   -2.728
 'A3.15.00'   164   96   -6   43.425   -4.287
 'A3.15.00'   164   97   -1   43.875   -0.390
 'A3.15.00'   164   97   -3   43.875   -1.949
 'A3.15.00'   164   97   -5   43.875   -3.507
 'A3.15.00'   164   98   -2   44.325   -1.169
 'A3.15.00'   164   98   -4   44.325   -2.728
 'A3.01.14'   165   18    6    8.325    5.066
 'A3.01.14'   165   19    5    8.775    4.287
 'A3.01.14'   165   20    6    9.225    5.066
 'A3.01.14'   165   21    5    9.675    4.287
 'A3.01.14'   165   21    7    9.675    5.846
 'A3.01.14'   165   22    6   10.125    5.066
 'A3.01.14'   165   22    8   10.125    6.625
 'A3.01.14'   165   23    5   10.575    4.287
 'A3.01.14'   165   23    7   10.575    5.846
 'A3.01.15'   166   13    9    6.075    7.405
 'A3.01.15'   166   14    8    6.525    6.625
 'A3.01.15'   166   15    9    6.975    7.405
 'A3.01.15'   166   16    8    7.425    6.625
 'A3.01.15'   166   17    7    7.875    5.846
 'A3.01.15'   166   17    9    7.875    7.405
 'A3.01.15'   166   18    8    8.325    6.625
 'A3.01.15'   166   19    7    8.775    5.846
 'A3.01.15'   166   20    8    9.225    6.625
 'A3.02.14'   167   10   10    4.725    8.184
 'A3.02.14'   167   11   11    5.175    8.963
 'A3.02.14'   167   12   10    5.625    8.184
 'A3.02.14'   167   13   11    6.075    8.963
 'A3.02.14'   167   14   10    6.525    8.184
 'A3.02.14'   167   15   11    6.975    8.963
 'A3.02.14'   167   16   10    7.425    8.184
 'A3.02.14'   167   17   11    7.875    8.963
 'A3.02.14'   167    9   11    4.275    8.963
 'A3.00.00'   168   96    0   43.425    0.390
 'A3.00.00'   168   96    2   43.425    1.949
 'A3.00.00'   168   96    4   43.425    3.507
 'A3.00.00'   168   97    1   43.875    1.169
 'A3.00.00'   168   97    3   43.875    2.728
 'A3.00.00'   168   97    5   43.875    4.287
 'A3.00.00'   168   98    0   44.325    0.390
 'A3.00.00'   168   98    2   44.325    1.949
 'A3.00.00'   168   98    4   44.325    3.507
 'A3.01.13'   169   18   10    8.325    8.184
 'A3.01.13'   169   19   11    8.775    8.963
 'A3.01.13'   169   19    9    8.775    7.405
 'A3.01.13'   169   20   10    9.225    8.184
 'A3.01.13'   169   21   11    9.675    8.963
 'A3.01.13'   169   21    9    9.675    7.405
 'A3.01.13'   169   22   10   10.125    8.184
 'A3.01.13'   169   23   11   10.575    8.963
 'A3.01.13'   169   23    9   10.575    7.405
 'A3.11.00'   170  -10  -56   -4.275  -43.258
 'A3.11.00'   170  -11  -55   -4.725  -42.479
 'A3.11.00'   170  -11  -57   -4.725  -44.037
 'A3.11.00'   170  -12  -56   -5.175  -43.258
 'A3.11.00'   170   -7  -55   -2.925  -42.479
 'A3.11.00'   170   -7  -57   -2.925  -44.037
 'A3.11.00'   170   -8  -56   -3.375  -43.258
 'A3.11.00'   170   -9  -55   -3.825  -42.479
 'A3.11.00'   170   -9  -57   -3.825  -44.037
 'A3.11.01'   171   -1  -55   -0.225  -42.479
 'A3.11.01'   171   -1  -57   -0.225  -44.037
 'A3.11.01'   171   -2  -56   -0.675  -43.258
 'A3.11.01'   171   -3  -55   -1.125  -42.479
 'A3.11.01'   171   -3  -57   -1.125  -44.037
 'A3.11.01'   171   -4  -56   -1.575  -43.258
 'A3.11.01'   171   -5  -55   -2.025  -42.479
 'A3.11.01'   171   -5  -57   -2.025  -44.037
 'A3.11.01'   171   -6  -56   -2.475  -43.258
 'A3.12.00'   172   10  -56    4.725  -43.258
 'A3.12.00'   172   11  -55    5.175  -42.479
 'A3.12.00'   172   11  -57    5.175  -44.037
 'A3.12.00'   172    6  -56    2.925  -43.258
 'A3.12.00'   172    7  -55    3.375  -42.479
 'A3.12.00'   172    7  -57    3.375  -44.037
 'A3.12.00'   172    8  -56    3.825  -43.258
 'A3.12.00'   172    9  -55    4.275  -42.479
 'A3.12.00'   172    9  -57    4.275  -44.037
 'A3.12.01'   173    0  -56    0.225  -43.258
 'A3.12.01'   173    1  -55    0.675  -42.479
 'A3.12.01'   173    1  -57    0.675  -44.037
 'A3.12.01'   173    2  -56    1.125  -43.258
 'A3.12.01'   173    3  -55    1.575  -42.479
 'A3.12.01'   173    3  -57    1.575  -44.037
 'A3.12.01'   173    4  -56    2.025  -43.258
 'A3.12.01'   173    5  -55    2.475  -42.479
 'A3.12.01'   173    5  -57    2.475  -44.037
 'A3.03.00'   910   10   54    4.725   42.479
 'A3.03.00'   910   10   56    4.725   44.037
 'A3.03.00'   910   11   55    5.175   43.258
 'A3.03.00'   910    6   54    2.925   42.479
 'A3.03.00'   910    6   56    2.925   44.037
 'A3.03.00'   910    7   55    3.375   43.258
 'A3.03.00'   910    8   54    3.825   42.479
 'A3.03.00'   910    8   56    3.825   44.037
 'A3.03.00'   910    9   55    4.275   43.258
 'A3.03.01'   911    0   54    0.225   42.479
 'A3.03.01'   911    0   56    0.225   44.037
 'A3.03.01'   911    1   55    0.675   43.258
 'A3.03.01'   911    2   54    1.125   42.479
 'A3.03.01'   911    2   56    1.125   44.037
 'A3.03.01'   911    3   55    1.575   43.258
 'A3.03.01'   911    4   54    2.025   42.479
 'A3.03.01'   911    4   56    2.025   44.037
 'A3.03.01'   911    5   55    2.475   43.258
 'A3.04.00'   912  -10   54   -4.275   42.479
 'A3.04.00'   912  -10   56   -4.275   44.037
 'A3.04.00'   912  -11   55   -4.725   43.258
 'A3.04.00'   912  -12   54   -5.175   42.479
 'A3.04.00'   912  -12   56   -5.175   44.037
 'A3.04.00'   912   -7   55   -2.925   43.258
 'A3.04.00'   912   -8   54   -3.375   42.479
 'A3.04.00'   912   -8   56   -3.375   44.037
 'A3.04.00'   912   -9   55   -3.825   43.258
 'A3.04.01'   913   -1   55   -0.225   43.258
 'A3.04.01'   913   -2   54   -0.675   42.479
 'A3.04.01'   913   -2   56   -0.675   44.037
 'A3.04.01'   913   -3   55   -1.125   43.258
 'A3.04.01'   913   -4   54   -1.575   42.479
 'A3.04.01'   913   -4   56   -1.575   44.037
 'A3.04.01'   913   -5   55   -2.025   43.258
 'A3.04.01'   913   -6   54   -2.475   42.479
 'A3.04.01'   913   -6   56   -2.475   44.037
 'A3.09.13'   914  -19  -11   -8.325   -8.184
 'A3.09.13'   914  -20  -10   -8.775   -7.405
 'A3.09.13'   914  -20  -12   -8.775   -8.963
 'A3.09.13'   914  -21  -11   -9.225   -8.184
 'A3.09.13'   914  -22  -10   -9.675   -7.405
 'A3.09.13'   914  -22  -12   -9.675   -8.963
 'A3.09.13'   914  -23  -11  -10.125   -8.184
 'A3.09.13'   914  -24  -10  -10.575   -7.405
 'A3.09.13'   914  -24  -12  -10.575   -8.963
