# author : steffen.schaepe@cern.ch (please report any problems)
# date   : 26/04/2015
# update :
# brief  : GMSB grid with all processes, including all sl-sl. Cross sections are provided in pb
# command: SUSYCrossSectionSubmit.py --tev 13 --dir <slha-dir> --prun --griduser schaepe --prunoptions '--cmtConfig=x86_64-slc6-gcc47-opt' --process gg,sg,ss,sb,tb,ns,ng,nn
# command: SUSYCrossSectionSubmit.py --tev 13 --dir <slha-dir> --prun --griduser schaepe --prunoptions '--cmtConfig=x86_64-slc6-gcc47-opt' --process ll --ipart1 1,2,3,4,5,6,7,8,9,10,11,12,13,16,17,18,19,20
#
# format : datasetID   finalState   XS   k-fac   filterEff   relUncertainty
205118      1      0.0025051382   1.00000000    1.00000000   0.26602180
205118      2      0.0002477686   1.00000000    1.00000000   0.51972051
205118      3      0.0036846814   1.00000000    1.00000000   0.13594634
205118      4      0.0006077350   1.00000000    1.00000000   0.27850294
205118     61      0.0000381965   1.00000000    1.00000000   0.32306270
205118     62      0.0000150954   1.00000000    1.00000000   0.37209957
205118     71      0.0000592787   1.00000000    1.00000000   0.11049886
205118     72      0.0000129358   1.00000000    1.00000000   0.09708521
205118     73      0.0000003370   1.00000000    1.00000000   0.08726418
205118     74      0.0000336215   1.00000000    1.00000000   0.09230571
205118     75      0.0000180826   1.00000000    1.00000000   0.10574443
205118     76      0.0000495388   1.00000000    1.00000000   0.13053309
205118     77      0.0000059904   1.00000000    1.00000000   0.13963613
205118     78      0.0000170206   1.00000000    1.00000000   0.14768907
205118     81      0.0001431674   1.00000000    1.00000000   0.23479516
205118     82      0.0000351554   1.00000000    1.00000000   0.24273985
205118     83      0.0000002084   1.00000000    1.00000000   0.24874093
205118     84      0.0001038701   1.00000000    1.00000000   0.24757903
205118     85      0.0000410009   1.00000000    1.00000000   0.23631614
205118     86      0.0001578653   1.00000000    1.00000000   0.24033248
205118     87      0.0000195234   1.00000000    1.00000000   0.27374612
205118     88      0.0000549626   1.00000000    1.00000000   0.28189392
205118    111      0.0000473774   1.00000000    1.00000000   0.07662882
205118    112      0.0000007037   1.00000000    1.00000000   0.08191891
205118    113      0.0000469877   1.00000000    1.00000000   0.06743924
205118    114      0.0000050518   1.00000000    1.00000000   0.07492673
205118    115      0.0000774851   1.00000000    1.00000000   0.06638215
205118    116      0.0000113172   1.00000000    1.00000000   0.07726097
205118    117      0.0000303741   1.00000000    1.00000000   0.08041265
205118    118      0.0000039848   1.00000000    1.00000000   0.09423124
205118    122      0.0000030148   1.00000000    1.00000000   0.08531931
205118    123      0.0009550410   1.00000000    1.00000000   0.06934452
205118    124      0.0000152776   1.00000000    1.00000000   0.09346641
205118    125      0.0023087550   1.00000000    1.00000000   0.07262855
205118    126      0.0000255784   1.00000000    1.00000000   0.07702742
205118    127      0.0008396155   1.00000000    1.00000000   0.08876828
205118    128      0.0000092320   1.00000000    1.00000000   0.09116083
205118    133      0.0000000024   1.00000000    1.00000000   0.07652386
205118    134      0.0001345265   1.00000000    1.00000000   0.07785487
205118    135      0.0014673541   1.00000000    1.00000000   0.07465825
205118    136      0.0001973595   1.00000000    1.00000000   0.07560127
205118    137      0.0005323727   1.00000000    1.00000000   0.09009787
205118    138      0.0000688934   1.00000000    1.00000000   0.09430340
205118    144      0.0000198978   1.00000000    1.00000000   0.08756777
205118    145      0.0000222305   1.00000000    1.00000000   0.07593401
205118    146      0.0010153852   1.00000000    1.00000000   0.07813409
205118    147      0.0000080381   1.00000000    1.00000000   0.09112537
205118    148      0.0003474355   1.00000000    1.00000000   0.09843480
205118    157      0.0016804174   1.00000000    1.00000000   0.07918704
205118    158      0.0000397847   1.00000000    1.00000000   0.07685259
205118    167      0.0000397749   1.00000000    1.00000000   0.07737822
205118    168      0.0006732289   1.00000000    1.00000000   0.07805365
205118    201      0.0001426301   1.00000000    1.00000000   0.08539682
205118    202      0.0013994239   1.00000000    1.00000000   0.06095183
205118    203      0.0001332427   1.00000000    1.00000000   0.07592333
205118    204      0.0003904419   1.00000000    1.00000000   0.07974677
205118    205      0.0001394527   1.00000000    1.00000000   0.09964472
205118    206      0.0014492195   1.00000000    1.00000000   0.05976064
205118    207      0.0001420180   1.00000000    1.00000000   0.08283695
205118    208      0.0000008009   1.00000000    1.00000000   0.07144521
205118    209      0.0001340903   1.00000000    1.00000000   0.08608324
205118    210      0.0000023502   1.00000000    1.00000000   0.07179285
205118    211      0.0000009265   1.00000000    1.00000000   0.08564793
205118    212      0.0003922468   1.00000000    1.00000000   0.08076064
205118    213      0.0001401121   1.00000000    1.00000000   0.10044252
205118    216      0.0001426301   1.00000000    1.00000000   0.08539682
205118    217      0.0013994239   1.00000000    1.00000000   0.06095183
205118    218      0.0001332427   1.00000000    1.00000000   0.07592333
205118    219      0.0003904419   1.00000000    1.00000000   0.07974677
205118    220      0.0001394527   1.00000000    1.00000000   0.09964472
205119      1      0.0025264570   1.00000000    1.00000000   0.26507272
205119      2      0.0002508718   1.00000000    1.00000000   0.51932428
205119      3      0.0036942517   1.00000000    1.00000000   0.13575761
205119      4      0.0006081672   1.00000000    1.00000000   0.27759437
205119     61      0.0000379766   1.00000000    1.00000000   0.32367901
205119     62      0.0000171505   1.00000000    1.00000000   0.36186577
205119     71      0.0000594203   1.00000000    1.00000000   0.11084900
205119     72      0.0000106612   1.00000000    1.00000000   0.09846876
205119     73      0.0000004175   1.00000000    1.00000000   0.08636815
205119     74      0.0000358511   1.00000000    1.00000000   0.09015516
205119     75      0.0000150136   1.00000000    1.00000000   0.11413387
205119     76      0.0000528659   1.00000000    1.00000000   0.12841362
205119     77      0.0000049665   1.00000000    1.00000000   0.13911312
205119     78      0.0000180124   1.00000000    1.00000000   0.14838772
205119     81      0.0001429609   1.00000000    1.00000000   0.23770557
205119     82      0.0000288233   1.00000000    1.00000000   0.24397755
205119     83      0.0000002599   1.00000000    1.00000000   0.24729883
205119     84      0.0001101505   1.00000000    1.00000000   0.24814073
205119     85      0.0000322443   1.00000000    1.00000000   0.23660564
205119     86      0.0001665286   1.00000000    1.00000000   0.23991591
205119     87      0.0000162694   1.00000000    1.00000000   0.27630654
205119     88      0.0000582088   1.00000000    1.00000000   0.28228975
205119    111      0.0000473394   1.00000000    1.00000000   0.07595329
205119    112      0.0000005320   1.00000000    1.00000000   0.08281568
205119    113      0.0000479481   1.00000000    1.00000000   0.06573631
205119    114      0.0000053057   1.00000000    1.00000000   0.07556565
205119    115      0.0000774091   1.00000000    1.00000000   0.06613739
205119    116      0.0000110142   1.00000000    1.00000000   0.07019388
205119    117      0.0000305255   1.00000000    1.00000000   0.08031115
205119    118      0.0000038834   1.00000000    1.00000000   0.09448160
205119    122      0.0000021196   1.00000000    1.00000000   0.08480792
205119    123      0.0010920937   1.00000000    1.00000000   0.07133667
205119    124      0.0000135460   1.00000000    1.00000000   0.09069511
205119    125      0.0023790452   1.00000000    1.00000000   0.07345936
205119    126      0.0000229271   1.00000000    1.00000000   0.07892704
205119    127      0.0008710292   1.00000000    1.00000000   0.08750549
205119    128      0.0000083225   1.00000000    1.00000000   0.09225300
205119    133      0.0000000029   1.00000000    1.00000000   0.07458094
205119    134      0.0001149176   1.00000000    1.00000000   0.07540159
205119    135      0.0016681321   1.00000000    1.00000000   0.07390436
205119    136      0.0001679410   1.00000000    1.00000000   0.07326400
205119    137      0.0006040468   1.00000000    1.00000000   0.08851712
205119    138      0.0000586713   1.00000000    1.00000000   0.09454715
205119    144      0.0000224187   1.00000000    1.00000000   0.08350856
205119    145      0.0000206217   1.00000000    1.00000000   0.08065234
205119    146      0.0010765138   1.00000000    1.00000000   0.07755240
205119    147      0.0000074584   1.00000000    1.00000000   0.09154172
205119    148      0.0003672860   1.00000000    1.00000000   0.09731764
205119    157      0.0017455865   1.00000000    1.00000000   0.07184043
205119    158      0.0000353092   1.00000000    1.00000000   0.07680944
205119    167      0.0000353067   1.00000000    1.00000000   0.07718339
205119    168      0.0007114877   1.00000000    1.00000000   0.07906325
205119    201      0.0001425980   1.00000000    1.00000000   0.08519067
205119    202      0.0014009337   1.00000000    1.00000000   0.06762916
205119    203      0.0001336087   1.00000000    1.00000000   0.07701840
205119    204      0.0003905964   1.00000000    1.00000000   0.07982658
205119    205      0.0001394527   1.00000000    1.00000000   0.09964472
205119    206      0.0026377456   1.00000000    1.00000000   0.05916519
205119    207      0.0001386335   1.00000000    1.00000000   0.08138413
205119    208      0.0000146808   1.00000000    1.00000000   0.07009869
205119    209      0.0001441755   1.00000000    1.00000000   0.08201484
205119    210      0.0000453599   1.00000000    1.00000000   0.06830842
205119    211      0.0000181636   1.00000000    1.00000000   0.08419036
205119    212      0.0003980352   1.00000000    1.00000000   0.07896982
205119    213      0.0001419955   1.00000000    1.00000000   0.09330901
205119    216      0.0001426301   1.00000000    1.00000000   0.08539682
205119    217      0.0014027982   1.00000000    1.00000000   0.06216277
205119    218      0.0001336087   1.00000000    1.00000000   0.07701840
205119    219      0.0003910088   1.00000000    1.00000000   0.08031322
205119    220      0.0001394527   1.00000000    1.00000000   0.09964472
205120      1      0.0486421743   1.00000000    1.00000000   0.15603316
205120      2      0.0070280908   1.00000000    1.00000000   0.33075427
205120      3      0.0437004839   1.00000000    1.00000000   0.11270570
205120      4      0.0126768392   1.00000000    1.00000000   0.16033681
205120     61      0.0007693295   1.00000000    1.00000000   0.20737752
205120     62      0.0003411790   1.00000000    1.00000000   0.23751411
205120     71      0.0005899730   1.00000000    1.00000000   0.09935254
205120     72      0.0003233462   1.00000000    1.00000000   0.09747151
205120     73      0.0000062519   1.00000000    1.00000000   0.08479330
205120     74      0.0002884761   1.00000000    1.00000000   0.09391034
205120     75      0.0004967405   1.00000000    1.00000000   0.08540833
205120     76      0.0004750895   1.00000000    1.00000000   0.08294612
205120     77      0.0001611843   1.00000000    1.00000000   0.12221907
205120     78      0.0001548723   1.00000000    1.00000000   0.12281143
205120     81      0.0012352321   1.00000000    1.00000000   0.21495232
205120     82      0.0007536965   1.00000000    1.00000000   0.22579944
205120     83      0.0000037366   1.00000000    1.00000000   0.22904290
205120     84      0.0007520111   1.00000000    1.00000000   0.22903582
205120     85      0.0009060968   1.00000000    1.00000000   0.22361713
205120     86      0.0011570941   1.00000000    1.00000000   0.22371459
205120     87      0.0004607048   1.00000000    1.00000000   0.24179694
205120     88      0.0004288005   1.00000000    1.00000000   0.24465578
205120    111      0.0002312369   1.00000000    1.00000000   0.07025869
205120    112      0.0000075668   1.00000000    1.00000000   0.06844745
205120    113      0.0002494088   1.00000000    1.00000000   0.06307987
205120    114      0.0000254338   1.00000000    1.00000000   0.06647857
205120    115      0.0004200008   1.00000000    1.00000000   0.06060958
205120    116      0.0000893998   1.00000000    1.00000000   0.06299982
205120    117      0.0001871736   1.00000000    1.00000000   0.07844067
205120    118      0.0000362082   1.00000000    1.00000000   0.07804647
205120    122      0.0000802044   1.00000000    1.00000000   0.07172885
205120    123      0.0028338794   1.00000000    1.00000000   0.06478055
205120    124      0.0001360479   1.00000000    1.00000000   0.07598234
205120    125      0.0122169251   1.00000000    1.00000000   0.05850387
205120    126      0.0001800488   1.00000000    1.00000000   0.07087784
205120    127      0.0050591610   1.00000000    1.00000000   0.07878833
205120    128      0.0000733996   1.00000000    1.00000000   0.08326364
205120    133      0.0000000326   1.00000000    1.00000000   0.07141777
205120    134      0.0012986053   1.00000000    1.00000000   0.06940101
205120    135      0.0042307212   1.00000000    1.00000000   0.06498309
205120    136      0.0018438284   1.00000000    1.00000000   0.06803978
205120    137      0.0017115103   1.00000000    1.00000000   0.08091665
205120    138      0.0007100741   1.00000000    1.00000000   0.08192746
205120    144      0.0000602831   1.00000000    1.00000000   0.07438386
205120    145      0.0001436251   1.00000000    1.00000000   0.07153282
205120    146      0.0041508546   1.00000000    1.00000000   0.06896375
205120    147      0.0000591569   1.00000000    1.00000000   0.08226891
205120    148      0.0015875377   1.00000000    1.00000000   0.08742774
205120    157      0.0090967416   1.00000000    1.00000000   0.06611894
205120    158      0.0003225009   1.00000000    1.00000000   0.06948153
205120    167      0.0003220530   1.00000000    1.00000000   0.06780000
205120    168      0.0028993186   1.00000000    1.00000000   0.06811701
205120    201      0.0007602027   1.00000000    1.00000000   0.07121066
205120    202      0.0054410518   1.00000000    1.00000000   0.05510484
205120    203      0.0007510730   1.00000000    1.00000000   0.06936683
205120    204      0.0020404714   1.00000000    1.00000000   0.07046904
205120    205      0.0008194803   1.00000000    1.00000000   0.08372436
205120    206      0.0056917762   1.00000000    1.00000000   0.05361100
205120    207      0.0007534044   1.00000000    1.00000000   0.07167466
205120    208      0.0000086572   1.00000000    1.00000000   0.06189498
205120    209      0.0007545206   1.00000000    1.00000000   0.06960236
205120    210      0.0000245735   1.00000000    1.00000000   0.05782205
205120    211      0.0000109122   1.00000000    1.00000000   0.07548442
205120    212      0.0020418557   1.00000000    1.00000000   0.06925961
205120    213      0.0008176664   1.00000000    1.00000000   0.08324651
205120    216      0.0007602027   1.00000000    1.00000000   0.07121066
205120    217      0.0054437756   1.00000000    1.00000000   0.05495094
205120    218      0.0007510825   1.00000000    1.00000000   0.06937866
205120    219      0.0020404714   1.00000000    1.00000000   0.07046904
205120    220      0.0008194803   1.00000000    1.00000000   0.08372436
205121      1      0.0487446199   1.00000000    1.00000000   0.15599244
205121      2      0.0070677137   1.00000000    1.00000000   0.33095456
205121      3      0.0436956325   1.00000000    1.00000000   0.11282924
205121      4      0.0126768392   1.00000000    1.00000000   0.16033681
205121     61      0.0007693295   1.00000000    1.00000000   0.20737752
205121     62      0.0003812585   1.00000000    1.00000000   0.23272784
205121     71      0.0005910392   1.00000000    1.00000000   0.09735607
205121     72      0.0002889771   1.00000000    1.00000000   0.09697287
205121     73      0.0000076931   1.00000000    1.00000000   0.08585904
205121     74      0.0003197480   1.00000000    1.00000000   0.09156669
205121     75      0.0004483993   1.00000000    1.00000000   0.08339244
205121     76      0.0005233447   1.00000000    1.00000000   0.08134124
205121     77      0.0001453167   1.00000000    1.00000000   0.11717430
205121     78      0.0001708928   1.00000000    1.00000000   0.12312028
205121     81      0.0012379607   1.00000000    1.00000000   0.21268473
205121     82      0.0006726216   1.00000000    1.00000000   0.22628506
205121     83      0.0000046165   1.00000000    1.00000000   0.22883384
205121     84      0.0008298399   1.00000000    1.00000000   0.22923301
205121     85      0.0007929338   1.00000000    1.00000000   0.22207072
205121     86      0.0012706267   1.00000000    1.00000000   0.22312923
205121     87      0.0004198496   1.00000000    1.00000000   0.24147095
205121     88      0.0004699817   1.00000000    1.00000000   0.24336226
205121    111      0.0002321887   1.00000000    1.00000000   0.07094048
205121    112      0.0000056655   1.00000000    1.00000000   0.06949815
205121    113      0.0002469703   1.00000000    1.00000000   0.06281316
205121    114      0.0000278452   1.00000000    1.00000000   0.06638394
205121    115      0.0003950247   1.00000000    1.00000000   0.05730592
205121    116      0.0000882580   1.00000000    1.00000000   0.06321025
205121    117      0.0001755716   1.00000000    1.00000000   0.07283240
205121    118      0.0000355947   1.00000000    1.00000000   0.07973758
205121    122      0.0000655590   1.00000000    1.00000000   0.07472163
205121    123      0.0032466019   1.00000000    1.00000000   0.06349231
205121    124      0.0001363034   1.00000000    1.00000000   0.07186596
205121    125      0.0119717653   1.00000000    1.00000000   0.06470599
205121    126      0.0001795886   1.00000000    1.00000000   0.06619907
205121    127      0.0049731586   1.00000000    1.00000000   0.07738099
205121    128      0.0000737536   1.00000000    1.00000000   0.08134954
205121    133      0.0000000390   1.00000000    1.00000000   0.06853761
205121    134      0.0012344997   1.00000000    1.00000000   0.07025625
205121    135      0.0047804097   1.00000000    1.00000000   0.06416870
205121    136      0.0017469934   1.00000000    1.00000000   0.07041045
205121    137      0.0019366466   1.00000000    1.00000000   0.07806104
205121    138      0.0006767354   1.00000000    1.00000000   0.08134072
205121    144      0.0000742331   1.00000000    1.00000000   0.07503961
205121    145      0.0001549013   1.00000000    1.00000000   0.07055894
205121    146      0.0045351425   1.00000000    1.00000000   0.06921882
205121    147      0.0000638123   1.00000000    1.00000000   0.08190377
205121    148      0.0017436658   1.00000000    1.00000000   0.08820148
205121    157      0.0089927192   1.00000000    1.00000000   0.06627376
205121    158      0.0003233711   1.00000000    1.00000000   0.07061671
205121    167      0.0003221986   1.00000000    1.00000000   0.06868051
205121    168      0.0031584476   1.00000000    1.00000000   0.06996953
205121    201      0.0007593826   1.00000000    1.00000000   0.07109101
205121    202      0.0054567066   1.00000000    1.00000000   0.05385678
205121    203      0.0007527589   1.00000000    1.00000000   0.06954159
205121    204      0.0020435587   1.00000000    1.00000000   0.06914121
205121    205      0.0008197203   1.00000000    1.00000000   0.08359096
205121    206      0.0128694151   1.00000000    1.00000000   0.04801176
205121    207      0.0006718614   1.00000000    1.00000000   0.07153038
205121    208      0.0001433332   1.00000000    1.00000000   0.05957967
205121    209      0.0008023638   1.00000000    1.00000000   0.06940263
205121    210      0.0004575268   1.00000000    1.00000000   0.05612324
205121    211      0.0002082886   1.00000000    1.00000000   0.07181208
205121    212      0.0019516242   1.00000000    1.00000000   0.06686064
205121    213      0.0007856242   1.00000000    1.00000000   0.08414966
205121    216      0.0007599857   1.00000000    1.00000000   0.07230076
205121    217      0.0054719804   1.00000000    1.00000000   0.05546291
205121    218      0.0007530580   1.00000000    1.00000000   0.06960959
205121    219      0.0020435587   1.00000000    1.00000000   0.06914121
205121    220      0.0008198055   1.00000000    1.00000000   0.08357002
205122      1      0.0173721132   1.00000000    1.00000000   0.18801221
205122      2      0.0021956682   1.00000000    1.00000000   0.39092863
205122      3      0.0186615651   1.00000000    1.00000000   0.11929670
205122      4      0.0044231308   1.00000000    1.00000000   0.19672136
205122     61      0.0002712539   1.00000000    1.00000000   0.24342694
205122     62      0.0001096160   1.00000000    1.00000000   0.27328118
205122     71      0.0002635881   1.00000000    1.00000000   0.10267687
205122     72      0.0001095022   1.00000000    1.00000000   0.09388084
205122     73      0.0000022245   1.00000000    1.00000000   0.08527474
205122     74      0.0001394906   1.00000000    1.00000000   0.09354571
205122     75      0.0001650933   1.00000000    1.00000000   0.08065966
205122     76      0.0002249338   1.00000000    1.00000000   0.08325007
205122     77      0.0000536005   1.00000000    1.00000000   0.12308739
205122     78      0.0000732982   1.00000000    1.00000000   0.12719483
205122     81      0.0005715640   1.00000000    1.00000000   0.22359476
205122     82      0.0002678644   1.00000000    1.00000000   0.23142028
205122     83      0.0000013190   1.00000000    1.00000000   0.23442764
205122     84      0.0003821717   1.00000000    1.00000000   0.23546503
205122     85      0.0003211483   1.00000000    1.00000000   0.22631980
205122     86      0.0005834640   1.00000000    1.00000000   0.22600280
205122     87      0.0001587788   1.00000000    1.00000000   0.25077165
205122     88      0.0002130660   1.00000000    1.00000000   0.25502725
205122    111      0.0001305522   1.00000000    1.00000000   0.06934644
205122    112      0.0000033536   1.00000000    1.00000000   0.07422142
205122    113      0.0001349650   1.00000000    1.00000000   0.06694311
205122    114      0.0000144062   1.00000000    1.00000000   0.06967479
205122    115      0.0002215716   1.00000000    1.00000000   0.06252842
205122    116      0.0000427164   1.00000000    1.00000000   0.06682941
205122    117      0.0000939647   1.00000000    1.00000000   0.07643055
205122    118      0.0000164369   1.00000000    1.00000000   0.08292860
205122    122      0.0000275223   1.00000000    1.00000000   0.07589126
205122    123      0.0019183173   1.00000000    1.00000000   0.06703104
205122    124      0.0000671494   1.00000000    1.00000000   0.07656088
205122    125      0.0065646937   1.00000000    1.00000000   0.06663499
205122    126      0.0000974712   1.00000000    1.00000000   0.07825712
205122    127      0.0025791949   1.00000000    1.00000000   0.08173289
205122    128      0.0000379060   1.00000000    1.00000000   0.08564306
205122    133      0.0000000123   1.00000000    1.00000000   0.06766287
205122    134      0.0006215110   1.00000000    1.00000000   0.07029315
205122    135      0.0029055969   1.00000000    1.00000000   0.06638624
205122    136      0.0008905283   1.00000000    1.00000000   0.07060114
205122    137      0.0011284994   1.00000000    1.00000000   0.08281978
205122    138      0.0003307837   1.00000000    1.00000000   0.08530145
205122    144      0.0000424809   1.00000000    1.00000000   0.07799333
205122    145      0.0000795067   1.00000000    1.00000000   0.07317920
205122    146      0.0025767056   1.00000000    1.00000000   0.07219708
205122    147      0.0000312546   1.00000000    1.00000000   0.08561198
205122    148      0.0009452837   1.00000000    1.00000000   0.08811416
205122    157      0.0048141823   1.00000000    1.00000000   0.06751846
205122    158      0.0001643375   1.00000000    1.00000000   0.07035188
205122    167      0.0001644375   1.00000000    1.00000000   0.07091735
205122    168      0.0017684284   1.00000000    1.00000000   0.07750949
205122    201      0.0004163192   1.00000000    1.00000000   0.07559991
205122    202      0.0033180956   1.00000000    1.00000000   0.05798601
205122    203      0.0004040053   1.00000000    1.00000000   0.07402432
205122    204      0.0011331236   1.00000000    1.00000000   0.08022750
205122    205      0.0004328433   1.00000000    1.00000000   0.08570715
205122    206      0.0034611805   1.00000000    1.00000000   0.05931810
205122    207      0.0004141992   1.00000000    1.00000000   0.07569724
205122    208      0.0000036336   1.00000000    1.00000000   0.06460479
205122    209      0.0004051353   1.00000000    1.00000000   0.07332773
205122    210      0.0000104016   1.00000000    1.00000000   0.06335013
205122    211      0.0000044328   1.00000000    1.00000000   0.07852163
205122    212      0.0011295511   1.00000000    1.00000000   0.08007511
205122    213      0.0004327742   1.00000000    1.00000000   0.08838822
205122    216      0.0004163192   1.00000000    1.00000000   0.07559991
205122    217      0.0033197551   1.00000000    1.00000000   0.05775540
205122    218      0.0004040053   1.00000000    1.00000000   0.07402432
205122    219      0.0011331236   1.00000000    1.00000000   0.08022750
205122    220      0.0004328433   1.00000000    1.00000000   0.08570715
205123      1      0.0174165720   1.00000000    1.00000000   0.18502622
205123      2      0.0022026206   1.00000000    1.00000000   0.39293667
205123      3      0.0186615651   1.00000000    1.00000000   0.11929670
205123      4      0.0044231308   1.00000000    1.00000000   0.19672136
205123     61      0.0002701883   1.00000000    1.00000000   0.24360612
205123     62      0.0001128851   1.00000000    1.00000000   0.27000876
205123     71      0.0002637880   1.00000000    1.00000000   0.10280196
205123     72      0.0000992944   1.00000000    1.00000000   0.09480650
205123     73      0.0000025605   1.00000000    1.00000000   0.08698324
205123     74      0.0001506302   1.00000000    1.00000000   0.09171672
205123     75      0.0001501489   1.00000000    1.00000000   0.07851601
205123     76      0.0002404127   1.00000000    1.00000000   0.08249648
205123     77      0.0000485464   1.00000000    1.00000000   0.12415757
205123     78      0.0000783388   1.00000000    1.00000000   0.12509465
205123     81      0.0005720213   1.00000000    1.00000000   0.22468568
205123     82      0.0002406446   1.00000000    1.00000000   0.23128324
205123     83      0.0000015341   1.00000000    1.00000000   0.23471220
205123     84      0.0004078712   1.00000000    1.00000000   0.23474589
205123     85      0.0002838462   1.00000000    1.00000000   0.22636661
205123     86      0.0006197895   1.00000000    1.00000000   0.22626650
205123     87      0.0001447072   1.00000000    1.00000000   0.25308846
205123     88      0.0002262259   1.00000000    1.00000000   0.25664584
205123    111      0.0001308524   1.00000000    1.00000000   0.07084834
205123    112      0.0000026856   1.00000000    1.00000000   0.07153322
205123    113      0.0001346919   1.00000000    1.00000000   0.06288679
205123    114      0.0000151893   1.00000000    1.00000000   0.07377460
205123    115      0.0002180769   1.00000000    1.00000000   0.06038272
205123    116      0.0000420042   1.00000000    1.00000000   0.06663808
205123    117      0.0000929304   1.00000000    1.00000000   0.07614623
205123    118      0.0000161534   1.00000000    1.00000000   0.08380273
205123    122      0.0000228183   1.00000000    1.00000000   0.07633968
205123    123      0.0021293157   1.00000000    1.00000000   0.06796342
205123    124      0.0000652030   1.00000000    1.00000000   0.07745773
205123    125      0.0065690063   1.00000000    1.00000000   0.06653907
205123    126      0.0000947500   1.00000000    1.00000000   0.07366289
205123    127      0.0025961289   1.00000000    1.00000000   0.08199366
205123    128      0.0000371159   1.00000000    1.00000000   0.08780220
205123    133      0.0000000142   1.00000000    1.00000000   0.07642666
205123    134      0.0005812871   1.00000000    1.00000000   0.06901889
205123    135      0.0031899096   1.00000000    1.00000000   0.06648177
205123    136      0.0008328290   1.00000000    1.00000000   0.07040346
205123    137      0.0012398382   1.00000000    1.00000000   0.08885177
205123    138      0.0003108871   1.00000000    1.00000000   0.08557099
205123    144      0.0000487787   1.00000000    1.00000000   0.07787555
205123    145      0.0000811812   1.00000000    1.00000000   0.07365200
205123    146      0.0027218316   1.00000000    1.00000000   0.07218887
205123    147      0.0000318509   1.00000000    1.00000000   0.08726492
205123    148      0.0010058776   1.00000000    1.00000000   0.08942257
205123    157      0.0048523445   1.00000000    1.00000000   0.06847241
205123    158      0.0001606460   1.00000000    1.00000000   0.07734410
205123    167      0.0001610181   1.00000000    1.00000000   0.07657785
205123    168      0.0018670804   1.00000000    1.00000000   0.07028571
205123    201      0.0004154524   1.00000000    1.00000000   0.07675418
205123    202      0.0033304533   1.00000000    1.00000000   0.05790051
205123    203      0.0004024826   1.00000000    1.00000000   0.07360363
205123    204      0.0011331236   1.00000000    1.00000000   0.08022750
205123    205      0.0004330372   1.00000000    1.00000000   0.08609729
205123    206      0.0039191122   1.00000000    1.00000000   0.05645969
205123    207      0.0004082230   1.00000000    1.00000000   0.07569770
205123    208      0.0000144820   1.00000000    1.00000000   0.06423898
205123    209      0.0004104042   1.00000000    1.00000000   0.07235655
205123    210      0.0000423504   1.00000000    1.00000000   0.06136212
205123    211      0.0000180771   1.00000000    1.00000000   0.07540845
205123    212      0.0011276533   1.00000000    1.00000000   0.07027950
205123    213      0.0004315346   1.00000000    1.00000000   0.08808704
205123    216      0.0004154524   1.00000000    1.00000000   0.07675418
205123    217      0.0033195082   1.00000000    1.00000000   0.05768530
205123    218      0.0004028538   1.00000000    1.00000000   0.07313819
205123    219      0.0011331236   1.00000000    1.00000000   0.08022750
205123    220      0.0004330516   1.00000000    1.00000000   0.08612773
205124      1      0.0174747077   1.00000000    1.00000000   0.18773752
205124      2      0.0022026156   1.00000000    1.00000000   0.39293530
205124      3      0.0187616572   1.00000000    1.00000000   0.11921458
205124      4      0.0044451096   1.00000000    1.00000000   0.19629057
205124     61      0.0002701883   1.00000000    1.00000000   0.24360612
205124     62      0.0001185478   1.00000000    1.00000000   0.27309934
205124     71      0.0002647299   1.00000000    1.00000000   0.10487264
205124     72      0.0000964856   1.00000000    1.00000000   0.09477388
205124     73      0.0000026732   1.00000000    1.00000000   0.08525665
205124     74      0.0001528414   1.00000000    1.00000000   0.09052334
205124     75      0.0001462270   1.00000000    1.00000000   0.08072047
205124     76      0.0002446548   1.00000000    1.00000000   0.08361891
205124     77      0.0000472929   1.00000000    1.00000000   0.12419732
205124     78      0.0000797915   1.00000000    1.00000000   0.12649232
205124     81      0.0005718817   1.00000000    1.00000000   0.22428961
205124     82      0.0002343621   1.00000000    1.00000000   0.23060456
205124     83      0.0000016018   1.00000000    1.00000000   0.23824066
205124     84      0.0004144086   1.00000000    1.00000000   0.23417958
205124     85      0.0002743994   1.00000000    1.00000000   0.22728207
205124     86      0.0006295890   1.00000000    1.00000000   0.22594780
205124     87      0.0001405458   1.00000000    1.00000000   0.25231848
205124     88      0.0002301026   1.00000000    1.00000000   0.25531904
205124    111      0.0001308914   1.00000000    1.00000000   0.07144288
205124    112      0.0000025140   1.00000000    1.00000000   0.07376757
205124    113      0.0001334856   1.00000000    1.00000000   0.06378514
205124    114      0.0000154385   1.00000000    1.00000000   0.07184499
205124    115      0.0002147497   1.00000000    1.00000000   0.06068746
205124    116      0.0000418050   1.00000000    1.00000000   0.06872417
205124    117      0.0000913736   1.00000000    1.00000000   0.07602927
205124    118      0.0000160349   1.00000000    1.00000000   0.08814494
205124    122      0.0000216903   1.00000000    1.00000000   0.07830640
205124    123      0.0021808726   1.00000000    1.00000000   0.06805047
205124    124      0.0000644843   1.00000000    1.00000000   0.07643340
205124    125      0.0065511876   1.00000000    1.00000000   0.06715512
205124    126      0.0000937072   1.00000000    1.00000000   0.07286420
205124    127      0.0025858816   1.00000000    1.00000000   0.07869307
205124    128      0.0000367286   1.00000000    1.00000000   0.08424707
205124    133      0.0000000147   1.00000000    1.00000000   0.07082737
205124    134      0.0005704184   1.00000000    1.00000000   0.07095857
205124    135      0.0032546004   1.00000000    1.00000000   0.06679161
205124    136      0.0008166546   1.00000000    1.00000000   0.07015645
205124    137      0.0012676780   1.00000000    1.00000000   0.08226341
205124    138      0.0003049750   1.00000000    1.00000000   0.08694164
205124    144      0.0000505295   1.00000000    1.00000000   0.07866856
205124    145      0.0000812115   1.00000000    1.00000000   0.07315985
205124    146      0.0027678393   1.00000000    1.00000000   0.07230922
205124    147      0.0000319681   1.00000000    1.00000000   0.08435804
205124    148      0.0010194474   1.00000000    1.00000000   0.08757921
205124    157      0.0048386694   1.00000000    1.00000000   0.06810412
205124    158      0.0001592431   1.00000000    1.00000000   0.07222599
205124    167      0.0001588203   1.00000000    1.00000000   0.06975619
205124    168      0.0018940547   1.00000000    1.00000000   0.07088221
205124    201      0.0004154524   1.00000000    1.00000000   0.07675418
205124    202      0.0033223497   1.00000000    1.00000000   0.05766200
205124    203      0.0004028696   1.00000000    1.00000000   0.07309623
205124    204      0.0011331236   1.00000000    1.00000000   0.08022750
205124    205      0.0004330516   1.00000000    1.00000000   0.08612773
205124    206      0.0049145747   1.00000000    1.00000000   0.05559436
205124    207      0.0003976684   1.00000000    1.00000000   0.07499452
205124    208      0.0000338923   1.00000000    1.00000000   0.06468293
205124    209      0.0004188532   1.00000000    1.00000000   0.07360849
205124    210      0.0001014346   1.00000000    1.00000000   0.06083623
205124    211      0.0000434664   1.00000000    1.00000000   0.07767676
205124    212      0.0011219300   1.00000000    1.00000000   0.07996409
205124    213      0.0004297171   1.00000000    1.00000000   0.08803508
205124    216      0.0004154524   1.00000000    1.00000000   0.07675418
205124    217      0.0033363092   1.00000000    1.00000000   0.05793031
205124    218      0.0004033291   1.00000000    1.00000000   0.07381213
205124    219      0.0011331236   1.00000000    1.00000000   0.08022750
205124    220      0.0004330516   1.00000000    1.00000000   0.08612773
205125      1      0.0174751134   1.00000000    1.00000000   0.18775638
205125      2      0.0022137813   1.00000000    1.00000000   0.39227588
205125      3      0.0187616572   1.00000000    1.00000000   0.11921458
205125      4      0.0044499350   1.00000000    1.00000000   0.19499334
205125     61      0.0002701883   1.00000000    1.00000000   0.24360612
205125     62      0.0001255637   1.00000000    1.00000000   0.27320259
205125     71      0.0002640302   1.00000000    1.00000000   0.10449691
205125     72      0.0000955940   1.00000000    1.00000000   0.09660188
205125     73      0.0000027377   1.00000000    1.00000000   0.08640667
205125     74      0.0001550104   1.00000000    1.00000000   0.09131743
205125     75      0.0001448631   1.00000000    1.00000000   0.07980157
205125     76      0.0002459411   1.00000000    1.00000000   0.08371699
205125     77      0.0000466818   1.00000000    1.00000000   0.12262011
205125     78      0.0000804425   1.00000000    1.00000000   0.12614286
205125     81      0.0005727085   1.00000000    1.00000000   0.22481426
205125     82      0.0002312747   1.00000000    1.00000000   0.22900302
205125     83      0.0000016407   1.00000000    1.00000000   0.23610153
205125     84      0.0004186273   1.00000000    1.00000000   0.23452749
205125     85      0.0002694097   1.00000000    1.00000000   0.22562261
205125     86      0.0006349686   1.00000000    1.00000000   0.22520722
205125     87      0.0001394654   1.00000000    1.00000000   0.25003156
205125     88      0.0002319099   1.00000000    1.00000000   0.25440110
205125    111      0.0001308914   1.00000000    1.00000000   0.07144288
205125    112      0.0000024298   1.00000000    1.00000000   0.07365928
205125    113      0.0001343578   1.00000000    1.00000000   0.06787423
205125    114      0.0000156399   1.00000000    1.00000000   0.07371818
205125    115      0.0002128692   1.00000000    1.00000000   0.05922895
205125    116      0.0000417305   1.00000000    1.00000000   0.06541187
205125    117      0.0000908415   1.00000000    1.00000000   0.07553719
205125    118      0.0000159908   1.00000000    1.00000000   0.08857255
205125    122      0.0000211195   1.00000000    1.00000000   0.07743860
205125    123      0.0022050495   1.00000000    1.00000000   0.06611102
205125    124      0.0000643236   1.00000000    1.00000000   0.07795880
205125    125      0.0065451006   1.00000000    1.00000000   0.06737883
205125    126      0.0000934215   1.00000000    1.00000000   0.07216261
205125    127      0.0025832385   1.00000000    1.00000000   0.07930512
205125    128      0.0000367017   1.00000000    1.00000000   0.08671425
205125    133      0.0000000149   1.00000000    1.00000000   0.07496541
205125    134      0.0005656246   1.00000000    1.00000000   0.07019800
205125    135      0.0033034257   1.00000000    1.00000000   0.06811916
205125    136      0.0008106367   1.00000000    1.00000000   0.07012112
205125    137      0.0012742031   1.00000000    1.00000000   0.08203302
205125    138      0.0003020469   1.00000000    1.00000000   0.08343097
205125    144      0.0000512542   1.00000000    1.00000000   0.07784810
205125    145      0.0000812511   1.00000000    1.00000000   0.07267934
205125    146      0.0027987861   1.00000000    1.00000000   0.07332873
205125    147      0.0000320586   1.00000000    1.00000000   0.08562442
205125    148      0.0010278301   1.00000000    1.00000000   0.08716078
205125    157      0.0048402399   1.00000000    1.00000000   0.06783220
205125    158      0.0001576950   1.00000000    1.00000000   0.07293299
205125    167      0.0001578839   1.00000000    1.00000000   0.07164929
205125    168      0.0019057968   1.00000000    1.00000000   0.07041839
205125    201      0.0004154524   1.00000000    1.00000000   0.07675418
205125    202      0.0033388894   1.00000000    1.00000000   0.05748651
205125    203      0.0004029382   1.00000000    1.00000000   0.07291356
205125    204      0.0011331236   1.00000000    1.00000000   0.08022750
205125    205      0.0004330516   1.00000000    1.00000000   0.08612773
205125    206      0.0070316336   1.00000000    1.00000000   0.05296350
205125    207      0.0003843900   1.00000000    1.00000000   0.07442970
205125    208      0.0000630813   1.00000000    1.00000000   0.06434992
205125    209      0.0004304358   1.00000000    1.00000000   0.07259747
205125    210      0.0001965312   1.00000000    1.00000000   0.05569622
205125    211      0.0000852465   1.00000000    1.00000000   0.07636235
205125    212      0.0011111080   1.00000000    1.00000000   0.08000307
205125    213      0.0004258375   1.00000000    1.00000000   0.08861756
205125    216      0.0004154524   1.00000000    1.00000000   0.07675418
205125    217      0.0033447266   1.00000000    1.00000000   0.05762707
205125    218      0.0004033839   1.00000000    1.00000000   0.07391170
205125    219      0.0011331236   1.00000000    1.00000000   0.08022750
205125    220      0.0004330516   1.00000000    1.00000000   0.08612773
205126      1      0.0065161935   1.00000000    1.00000000   0.22618851
205126      2      0.0007242037   1.00000000    1.00000000   0.45547742
205126      3      0.0082522234   1.00000000    1.00000000   0.12841584
205126      4      0.0016224101   1.00000000    1.00000000   0.23249166
205126     61      0.0000955408   1.00000000    1.00000000   0.27923198
205126     62      0.0000405679   1.00000000    1.00000000   0.32197894
205126     71      0.0001233348   1.00000000    1.00000000   0.11160413
205126     72      0.0000376454   1.00000000    1.00000000   0.09638978
205126     73      0.0000008424   1.00000000    1.00000000   0.08592280
205126     74      0.0000690655   1.00000000    1.00000000   0.09164561
205126     75      0.0000550518   1.00000000    1.00000000   0.08696218
205126     76      0.0001074597   1.00000000    1.00000000   0.09733619
205126     77      0.0000178522   1.00000000    1.00000000   0.12501117
205126     78      0.0000351543   1.00000000    1.00000000   0.13202931
205126     81      0.0002806085   1.00000000    1.00000000   0.22938992
205126     82      0.0000962389   1.00000000    1.00000000   0.23465334
205126     83      0.0000005089   1.00000000    1.00000000   0.24148026
205126     84      0.0001987512   1.00000000    1.00000000   0.24336656
205126     85      0.0001145184   1.00000000    1.00000000   0.23232252
205126     86      0.0003024616   1.00000000    1.00000000   0.23053843
205126     87      0.0000552488   1.00000000    1.00000000   0.26278193
205126     88      0.0001077857   1.00000000    1.00000000   0.26563735
205126    111      0.0000772710   1.00000000    1.00000000   0.07103736
205126    112      0.0000015116   1.00000000    1.00000000   0.07736103
205126    113      0.0000770307   1.00000000    1.00000000   0.06441720
205126    114      0.0000084396   1.00000000    1.00000000   0.07188629
205126    115      0.0001263061   1.00000000    1.00000000   0.06219945
205126    116      0.0000214640   1.00000000    1.00000000   0.07156383
205126    117      0.0000516833   1.00000000    1.00000000   0.07716840
205126    118      0.0000078757   1.00000000    1.00000000   0.08819098
205126    122      0.0000091797   1.00000000    1.00000000   0.08103108
205126    123      0.0013413199   1.00000000    1.00000000   0.07062864
205126    124      0.0000324060   1.00000000    1.00000000   0.08230102
205126    125      0.0037746640   1.00000000    1.00000000   0.06904869
205126    126      0.0000507115   1.00000000    1.00000000   0.07634876
205126    127      0.0014325867   1.00000000    1.00000000   0.08741990
205126    128      0.0000189931   1.00000000    1.00000000   0.08679521
205126    133      0.0000000052   1.00000000    1.00000000   0.07313062
205126    134      0.0002916150   1.00000000    1.00000000   0.07379759
205126    135      0.0020516141   1.00000000    1.00000000   0.06704317
205126    136      0.0004228876   1.00000000    1.00000000   0.07364511
205126    137      0.0007643864   1.00000000    1.00000000   0.08642028
205126    138      0.0001517386   1.00000000    1.00000000   0.09351347
205126    144      0.0000295847   1.00000000    1.00000000   0.08422609
205126    145      0.0000426860   1.00000000    1.00000000   0.07587399
205126    146      0.0016106569   1.00000000    1.00000000   0.07531375
205126    147      0.0000160938   1.00000000    1.00000000   0.09201291
205126    148      0.0005720233   1.00000000    1.00000000   0.09233231
205126    157      0.0027615064   1.00000000    1.00000000   0.07294926
205126    158      0.0000820123   1.00000000    1.00000000   0.07510187
205126    167      0.0000820921   1.00000000    1.00000000   0.07374781
205126    168      0.0010920227   1.00000000    1.00000000   0.07772861
205126    201      0.0002382765   1.00000000    1.00000000   0.07516017
205126    202      0.0021181675   1.00000000    1.00000000   0.05790863
205126    203      0.0002272901   1.00000000    1.00000000   0.07591153
205126    204      0.0006533060   1.00000000    1.00000000   0.07611820
205126    205      0.0002407661   1.00000000    1.00000000   0.09234645
205126    206      0.0021986867   1.00000000    1.00000000   0.05906698
205126    207      0.0002378096   1.00000000    1.00000000   0.08090638
205126    208      0.0000016563   1.00000000    1.00000000   0.06709997
205126    209      0.0002285914   1.00000000    1.00000000   0.07687855
205126    210      0.0000048043   1.00000000    1.00000000   0.06629122
205126    211      0.0000019601   1.00000000    1.00000000   0.08252200
205126    212      0.0006536861   1.00000000    1.00000000   0.07572894
205126    213      0.0002408178   1.00000000    1.00000000   0.09248809
205126    216      0.0002382765   1.00000000    1.00000000   0.07516017
205126    217      0.0021192044   1.00000000    1.00000000   0.05739097
205126    218      0.0002276006   1.00000000    1.00000000   0.07717250
205126    219      0.0006533060   1.00000000    1.00000000   0.07611820
205126    220      0.0002407661   1.00000000    1.00000000   0.09234645
205127      1      0.0065474215   1.00000000    1.00000000   0.22586598
205127      2      0.0007316609   1.00000000    1.00000000   0.45550934
205127      3      0.0082622379   1.00000000    1.00000000   0.12838700
205127      4      0.0016226744   1.00000000    1.00000000   0.23261667
205127     61      0.0000955408   1.00000000    1.00000000   0.27923198
205127     62      0.0000456944   1.00000000    1.00000000   0.31470683
205127     71      0.0001237230   1.00000000    1.00000000   0.10549384
205127     72      0.0000317693   1.00000000    1.00000000   0.09605869
205127     73      0.0000010402   1.00000000    1.00000000   0.08715203
205127     74      0.0000748340   1.00000000    1.00000000   0.09198319
205127     75      0.0000467435   1.00000000    1.00000000   0.08669372
205127     76      0.0001148954   1.00000000    1.00000000   0.10007121
205127     77      0.0000151070   1.00000000    1.00000000   0.12509877
205127     78      0.0000379571   1.00000000    1.00000000   0.13269771
205127     81      0.0002806966   1.00000000    1.00000000   0.23041001
205127     82      0.0000807218   1.00000000    1.00000000   0.23620708
205127     83      0.0000006318   1.00000000    1.00000000   0.24096312
205127     84      0.0002145164   1.00000000    1.00000000   0.24246297
205127     85      0.0000924848   1.00000000    1.00000000   0.22947463
205127     86      0.0003246811   1.00000000    1.00000000   0.23092063
205127     87      0.0000471963   1.00000000    1.00000000   0.26129049
205127     88      0.0001157483   1.00000000    1.00000000   0.26780722
205127    111      0.0000773393   1.00000000    1.00000000   0.07154834
205127    112      0.0000010959   1.00000000    1.00000000   0.08585726
205127    113      0.0000777450   1.00000000    1.00000000   0.06400854
205127    114      0.0000089925   1.00000000    1.00000000   0.07149673
205127    115      0.0001246912   1.00000000    1.00000000   0.05991646
205127    116      0.0000209004   1.00000000    1.00000000   0.07094585
205127    117      0.0000510102   1.00000000    1.00000000   0.07798486
205127    118      0.0000076307   1.00000000    1.00000000   0.08818866
205127    122      0.0000066823   1.00000000    1.00000000   0.08217160
205127    123      0.0015401534   1.00000000    1.00000000   0.06715931
205127    124      0.0000296225   1.00000000    1.00000000   0.07979843
205127    125      0.0038362465   1.00000000    1.00000000   0.06949033
205127    126      0.0000469529   1.00000000    1.00000000   0.07501082
205127    127      0.0014537004   1.00000000    1.00000000   0.08328529
205127    128      0.0000176910   1.00000000    1.00000000   0.08802741
205127    133      0.0000000063   1.00000000    1.00000000   0.07315923
205127    134      0.0002549177   1.00000000    1.00000000   0.07237193
205127    135      0.0023230140   1.00000000    1.00000000   0.06965913
205127    136      0.0003697024   1.00000000    1.00000000   0.07464032
205127    137      0.0008703627   1.00000000    1.00000000   0.08512233
205127    138      0.0001327416   1.00000000    1.00000000   0.08837113
205127    144      0.0000346229   1.00000000    1.00000000   0.08309724
205127    145      0.0000413628   1.00000000    1.00000000   0.07666696
205127    146      0.0017381271   1.00000000    1.00000000   0.08065610
205127    147      0.0000156013   1.00000000    1.00000000   0.09525337
205127    148      0.0006137088   1.00000000    1.00000000   0.09029678
205127    157      0.0028137581   1.00000000    1.00000000   0.06884087
205127    158      0.0000753227   1.00000000    1.00000000   0.07381495
205127    167      0.0000752913   1.00000000    1.00000000   0.07342922
205127    168      0.0011673314   1.00000000    1.00000000   0.08188216
205127    201      0.0002381917   1.00000000    1.00000000   0.07554288
205127    202      0.0021260927   1.00000000    1.00000000   0.06178798
205127    203      0.0002279438   1.00000000    1.00000000   0.07578930
205127    204      0.0006536861   1.00000000    1.00000000   0.07572894
205127    205      0.0002407888   1.00000000    1.00000000   0.09243194
205127    206      0.0041766788   1.00000000    1.00000000   0.05595480
205127    207      0.0002279749   1.00000000    1.00000000   0.08141568
205127    208      0.0000296319   1.00000000    1.00000000   0.06879662
205127    209      0.0002434949   1.00000000    1.00000000   0.07972977
205127    210      0.0000916281   1.00000000    1.00000000   0.06464143
205127    211      0.0000381353   1.00000000    1.00000000   0.08027607
205127    212      0.0006533819   1.00000000    1.00000000   0.07634850
205127    213      0.0002418899   1.00000000    1.00000000   0.09045610
205127    216      0.0002381917   1.00000000    1.00000000   0.07554288
205127    217      0.0021279984   1.00000000    1.00000000   0.05772052
205127    218      0.0002282330   1.00000000    1.00000000   0.07696042
205127    219      0.0006537341   1.00000000    1.00000000   0.07564988
205127    220      0.0002407888   1.00000000    1.00000000   0.09243194
