#Barrel_EC	Layer_Disk	Phi_module	Eta_module	ROBID	RODID	40FMT	40Link	80FMT	80Link	DCS Geographical ID
0	1	13	0	130005	130005	0	0	0	0	L0_B07_S1_C7_M0
0	1	13	-1	130005	130005	0	2	1	0	L0_B07_S1_C7_M1C
0	1	13	-2	130005	130005	1	0	2	0	L0_B07_S1_C7_M2C
0	1	13	-3	130005	130005	1	2	3	0	L0_B07_S1_C7_M3C
0	1	13	-4	130005	130005	6	2	5	0	L0_B07_S1_C7_M4C
0	1	13	-5	130005	130005	7	0	6	0	L0_B07_S1_C7_M5C
0	1	13	-6	130005	130005	7	2	7	0	L0_B07_S1_C7_M6C
0	1	13	6	130006	130006	0	0	0	0	L0_B07_S1_A6_M6A
0	1	13	5	130006	130006	0	2	1	0	L0_B07_S1_A6_M5A
0	1	13	4	130006	130006	1	0	2	0	L0_B07_S1_A6_M4A
0	1	13	3	130006	130006	1	2	3	0	L0_B07_S1_A6_M3A
0	1	13	2	130006	130006	6	2	5	0	L0_B07_S1_A6_M2A
0	1	13	1	130006	130006	7	0	6	0	L0_B07_S1_A6_M1A
0	1	14	0	130007	130007	0	0	0	0	L0_B07_S2_A7_M0
0	1	14	1	130007	130007	0	2	1	0	L0_B07_S2_A7_M1A
0	1	14	2	130007	130007	1	0	2	0	L0_B07_S2_A7_M2A
0	1	14	3	130007	130007	1	2	3	0	L0_B07_S2_A7_M3A
0	1	14	4	130007	130007	6	2	5	0	L0_B07_S2_A7_M4A
0	1	14	5	130007	130007	7	0	6	0	L0_B07_S2_A7_M5A
0	1	14	6	130007	130007	7	2	7	0	L0_B07_S2_A7_M6A
0	1	14	-6	130008	130008	0	0	0	0	L0_B07_S2_C6_M6C
0	1	14	-5	130008	130008	0	2	1	0	L0_B07_S2_C6_M5C
0	1	14	-4	130008	130008	1	0	2	0	L0_B07_S2_C6_M4C
0	1	14	-3	130008	130008	1	2	3	0	L0_B07_S2_C6_M3C
0	1	14	-2	130008	130008	6	2	5	0	L0_B07_S2_C6_M2C
0	1	14	-1	130008	130008	7	0	6	0	L0_B07_S2_C6_M1C
0	1	15	0	130009	130009	0	0	0	0	L0_B08_S1_C7_M0
0	1	15	-1	130009	130009	0	2	1	0	L0_B08_S1_C7_M1C
0	1	15	-2	130009	130009	1	0	2	0	L0_B08_S1_C7_M2C
0	1	15	-3	130009	130009	1	2	3	0	L0_B08_S1_C7_M3C
0	1	15	-4	130009	130009	6	2	5	0	L0_B08_S1_C7_M4C
0	1	15	-5	130009	130009	7	0	6	0	L0_B08_S1_C7_M5C
0	1	15	-6	130009	130009	7	2	7	0	L0_B08_S1_C7_M6C
0	1	15	6	130010	130010	0	0	0	0	L0_B08_S1_A6_M6A
0	1	15	5	130010	130010	0	2	1	0	L0_B08_S1_A6_M5A
0	1	15	4	130010	130010	1	0	2	0	L0_B08_S1_A6_M4A
0	1	15	3	130010	130010	1	2	3	0	L0_B08_S1_A6_M3A
0	1	15	2	130010	130010	6	2	5	0	L0_B08_S1_A6_M2A
0	1	15	1	130010	130010	7	0	6	0	L0_B08_S1_A6_M1A
0	1	16	0	130011	130011	0	0	0	0	L0_B08_S2_A7_M0
0	1	16	1	130011	130011	0	2	1	0	L0_B08_S2_A7_M1A
0	1	16	2	130011	130011	1	0	2	0	L0_B08_S2_A7_M2A
0	1	16	3	130011	130011	1	2	3	0	L0_B08_S2_A7_M3A
0	1	16	4	130011	130011	6	2	5	0	L0_B08_S2_A7_M4A
0	1	16	5	130011	130011	7	0	6	0	L0_B08_S2_A7_M5A
0	1	16	6	130011	130011	7	2	7	0	L0_B08_S2_A7_M6A
0	1	16	-6	130012	130012	0	0	0	0	L0_B08_S2_C6_M6C
0	1	16	-5	130012	130012	0	2	1	0	L0_B08_S2_C6_M5C
0	1	16	-4	130012	130012	1	0	2	0	L0_B08_S2_C6_M4C
0	1	16	-3	130012	130012	1	2	3	0	L0_B08_S2_C6_M3C
0	1	16	-2	130012	130012	6	2	5	0	L0_B08_S2_C6_M2C
0	1	16	-1	130012	130012	7	0	6	0	L0_B08_S2_C6_M1C
0	1	17	0	130014	130014	0	0	0	0	L0_B09_S1_C7_M0
0	1	17	-1	130014	130014	0	2	1	0	L0_B09_S1_C7_M1C
0	1	17	-2	130014	130014	1	0	2	0	L0_B09_S1_C7_M2C
0	1	17	-3	130014	130014	1	2	3	0	L0_B09_S1_C7_M3C
0	1	17	-4	130014	130014	6	2	5	0	L0_B09_S1_C7_M4C
0	1	17	-5	130014	130014	7	0	6	0	L0_B09_S1_C7_M5C
0	1	17	-6	130014	130014	7	2	7	0	L0_B09_S1_C7_M6C
0	1	17	6	130015	130015	0	0	0	0	L0_B09_S1_A6_M6A
0	1	17	5	130015	130015	0	2	1	0	L0_B09_S1_A6_M5A
0	1	17	4	130015	130015	1	0	2	0	L0_B09_S1_A6_M4A
0	1	17	3	130015	130015	1	2	3	0	L0_B09_S1_A6_M3A
0	1	17	2	130015	130015	6	2	5	0	L0_B09_S1_A6_M2A
0	1	17	1	130015	130015	7	0	6	0	L0_B09_S1_A6_M1A
0	1	18	0	130016	130016	0	0	0	0	L0_B09_S2_A7_M0
0	1	18	1	130016	130016	0	2	1	0	L0_B09_S2_A7_M1A
0	1	18	2	130016	130016	1	0	2	0	L0_B09_S2_A7_M2A
0	1	18	3	130016	130016	1	2	3	0	L0_B09_S2_A7_M3A
0	1	18	4	130016	130016	6	2	5	0	L0_B09_S2_A7_M4A
0	1	18	5	130016	130016	7	0	6	0	L0_B09_S2_A7_M5A
0	1	18	6	130016	130016	7	2	7	0	L0_B09_S2_A7_M6A
0	1	18	-6	130017	130017	0	0	0	0	L0_B09_S2_C6_M6C
0	1	18	-5	130017	130017	0	2	1	0	L0_B09_S2_C6_M5C
0	1	18	-4	130017	130017	1	0	2	0	L0_B09_S2_C6_M4C
0	1	18	-3	130017	130017	1	2	3	0	L0_B09_S2_C6_M3C
0	1	18	-2	130017	130017	6	2	5	0	L0_B09_S2_C6_M2C
0	1	18	-1	130017	130017	7	0	6	0	L0_B09_S2_C6_M1C
0	1	19	0	130018	130018	0	0	0	0	L0_B10_S1_C7_M0
0	1	19	-1	130018	130018	0	2	1	0	L0_B10_S1_C7_M1C
0	1	19	-2	130018	130018	1	0	2	0	L0_B10_S1_C7_M2C
0	1	19	-3	130018	130018	1	2	3	0	L0_B10_S1_C7_M3C
0	1	19	-4	130018	130018	6	2	5	0	L0_B10_S1_C7_M4C
0	1	19	-5	130018	130018	7	0	6	0	L0_B10_S1_C7_M5C
0	1	19	-6	130018	130018	7	2	7	0	L0_B10_S1_C7_M6C
0	1	19	6	130019	130019	0	0	0	0	L0_B10_S1_A6_M6A
0	1	19	5	130019	130019	0	2	1	0	L0_B10_S1_A6_M5A
0	1	19	4	130019	130019	1	0	2	0	L0_B10_S1_A6_M4A
0	1	19	3	130019	130019	1	2	3	0	L0_B10_S1_A6_M3A
0	1	19	2	130019	130019	6	2	5	0	L0_B10_S1_A6_M2A
0	1	19	1	130019	130019	7	0	6	0	L0_B10_S1_A6_M1A
0	1	20	0	130020	130020	0	0	0	0	L0_B10_S2_A7_M0
0	1	20	1	130020	130020	0	2	1	0	L0_B10_S2_A7_M1A
0	1	20	2	130020	130020	1	0	2	0	L0_B10_S2_A7_M2A
0	1	20	3	130020	130020	1	2	3	0	L0_B10_S2_A7_M3A
0	1	20	4	130020	130020	6	2	5	0	L0_B10_S2_A7_M4A
0	1	20	5	130020	130020	7	0	6	0	L0_B10_S2_A7_M5A
0	1	20	6	130020	130020	7	2	7	0	L0_B10_S2_A7_M6A
0	1	20	-6	130021	130021	0	0	0	0	L0_B10_S2_C6_M6C
0	1	20	-5	130021	130021	0	2	1	0	L0_B10_S2_C6_M5C
0	1	20	-4	130021	130021	1	0	2	0	L0_B10_S2_C6_M4C
0	1	20	-3	130021	130021	1	2	3	0	L0_B10_S2_C6_M3C
0	1	20	-2	130021	130021	6	2	5	0	L0_B10_S2_C6_M2C
0	1	20	-1	130021	130021	7	0	6	0	L0_B10_S2_C6_M1C
0	1	21	0	130105	130105	0	0	0	0	L0_B11_S1_C7_M0
0	1	21	-1	130105	130105	0	2	1	0	L0_B11_S1_C7_M1C
0	1	21	-2	130105	130105	1	0	2	0	L0_B11_S1_C7_M2C
0	1	21	-3	130105	130105	1	2	3	0	L0_B11_S1_C7_M3C
0	1	21	-4	130105	130105	6	2	5	0	L0_B11_S1_C7_M4C
0	1	21	-5	130105	130105	7	0	6	0	L0_B11_S1_C7_M5C
0	1	21	-6	130105	130105	7	2	7	0	L0_B11_S1_C7_M6C
0	1	21	6	130106	130106	0	0	0	0	L0_B11_S1_A6_M6A
0	1	21	5	130106	130106	0	2	1	0	L0_B11_S1_A6_M5A
0	1	21	4	130106	130106	1	0	2	0	L0_B11_S1_A6_M4A
0	1	21	3	130106	130106	1	2	3	0	L0_B11_S1_A6_M3A
0	1	21	2	130106	130106	6	2	5	0	L0_B11_S1_A6_M2A
0	1	21	1	130106	130106	7	0	6	0	L0_B11_S1_A6_M1A
0	1	6	0	130107	130107	0	0	0	0	L0_B03_S2_A7_M0
0	1	6	1	130107	130107	0	2	1	0	L0_B03_S2_A7_M1A
0	1	6	2	130107	130107	1	0	2	0	L0_B03_S2_A7_M2A
0	1	6	3	130107	130107	1	2	3	0	L0_B03_S2_A7_M3A
0	1	6	4	130107	130107	6	2	5	0	L0_B03_S2_A7_M4A
0	1	6	5	130107	130107	7	0	6	0	L0_B03_S2_A7_M5A
0	1	6	6	130107	130107	7	2	7	0	L0_B03_S2_A7_M6A
0	1	6	-6	130108	130108	0	0	0	0	L0_B03_S2_C6_M6C
0	1	6	-5	130108	130108	0	2	1	0	L0_B03_S2_C6_M5C
0	1	6	-4	130108	130108	1	0	2	0	L0_B03_S2_C6_M4C
0	1	6	-3	130108	130108	1	2	3	0	L0_B03_S2_C6_M3C
0	1	6	-2	130108	130108	6	2	5	0	L0_B03_S2_C6_M2C
0	1	6	-1	130108	130108	7	0	6	0	L0_B03_S2_C6_M1C
0	1	7	0	130109	130109	0	0	0	0	L0_B04_S1_C7_M0
0	1	7	-1	130109	130109	0	2	1	0	L0_B04_S1_C7_M1C
0	1	7	-2	130109	130109	1	0	2	0	L0_B04_S1_C7_M2C
0	1	7	-3	130109	130109	1	2	3	0	L0_B04_S1_C7_M3C
0	1	7	-4	130109	130109	6	2	5	0	L0_B04_S1_C7_M4C
0	1	7	-5	130109	130109	7	0	6	0	L0_B04_S1_C7_M5C
0	1	7	-6	130109	130109	7	2	7	0	L0_B04_S1_C7_M6C
0	1	7	6	130110	130110	0	0	0	0	L0_B04_S1_A6_M6A
0	1	7	5	130110	130110	0	2	1	0	L0_B04_S1_A6_M5A
0	1	7	4	130110	130110	1	0	2	0	L0_B04_S1_A6_M4A
0	1	7	3	130110	130110	1	2	3	0	L0_B04_S1_A6_M3A
0	1	7	2	130110	130110	6	2	5	0	L0_B04_S1_A6_M2A
0	1	7	1	130110	130110	7	0	6	0	L0_B04_S1_A6_M1A
0	1	8	0	130111	130111	0	0	0	0	L0_B04_S2_A7_M0
0	1	8	1	130111	130111	0	2	1	0	L0_B04_S2_A7_M1A
0	1	8	2	130111	130111	1	0	2	0	L0_B04_S2_A7_M2A
0	1	8	3	130111	130111	1	2	3	0	L0_B04_S2_A7_M3A
0	1	8	4	130111	130111	6	2	5	0	L0_B04_S2_A7_M4A
0	1	8	5	130111	130111	7	0	6	0	L0_B04_S2_A7_M5A
0	1	8	6	130111	130111	7	2	7	0	L0_B04_S2_A7_M6A
0	1	8	-6	130112	130112	0	0	0	0	L0_B04_S2_C6_M6C
0	1	8	-5	130112	130112	0	2	1	0	L0_B04_S2_C6_M5C
0	1	8	-4	130112	130112	1	0	2	0	L0_B04_S2_C6_M4C
0	1	8	-3	130112	130112	1	2	3	0	L0_B04_S2_C6_M3C
0	1	8	-2	130112	130112	6	2	5	0	L0_B04_S2_C6_M2C
0	1	8	-1	130112	130112	7	0	6	0	L0_B04_S2_C6_M1C
0	1	9	0	130114	130114	0	0	0	0	L0_B05_S1_C7_M0
0	1	9	-1	130114	130114	0	2	1	0	L0_B05_S1_C7_M1C
0	1	9	-2	130114	130114	1	0	2	0	L0_B05_S1_C7_M2C
0	1	9	-3	130114	130114	1	2	3	0	L0_B05_S1_C7_M3C
0	1	9	-4	130114	130114	6	2	5	0	L0_B05_S1_C7_M4C
0	1	9	-5	130114	130114	7	0	6	0	L0_B05_S1_C7_M5C
0	1	9	-6	130114	130114	7	2	7	0	L0_B05_S1_C7_M6C
0	1	9	6	130115	130115	0	0	0	0	L0_B05_S1_A6_M6A
0	1	9	5	130115	130115	0	2	1	0	L0_B05_S1_A6_M5A
0	1	9	4	130115	130115	1	0	2	0	L0_B05_S1_A6_M4A
0	1	9	3	130115	130115	1	2	3	0	L0_B05_S1_A6_M3A
0	1	9	2	130115	130115	6	2	5	0	L0_B05_S1_A6_M2A
0	1	9	1	130115	130115	7	0	6	0	L0_B05_S1_A6_M1A
0	1	10	0	130116	130116	0	0	0	0	L0_B05_S2_A7_M0
0	1	10	1	130116	130116	0	2	1	0	L0_B05_S2_A7_M1A
0	1	10	2	130116	130116	1	0	2	0	L0_B05_S2_A7_M2A
0	1	10	3	130116	130116	1	2	3	0	L0_B05_S2_A7_M3A
0	1	10	4	130116	130116	6	2	5	0	L0_B05_S2_A7_M4A
0	1	10	5	130116	130116	7	0	6	0	L0_B05_S2_A7_M5A
0	1	10	6	130116	130116	7	2	7	0	L0_B05_S2_A7_M6A
0	1	10	-6	130117	130117	0	0	0	0	L0_B05_S2_C6_M6C
0	1	10	-5	130117	130117	0	2	1	0	L0_B05_S2_C6_M5C
0	1	10	-4	130117	130117	1	0	2	0	L0_B05_S2_C6_M4C
0	1	10	-3	130117	130117	1	2	3	0	L0_B05_S2_C6_M3C
0	1	10	-2	130117	130117	6	2	5	0	L0_B05_S2_C6_M2C
0	1	10	-1	130117	130117	7	0	6	0	L0_B05_S2_C6_M1C
0	1	11	0	130118	130118	0	0	0	0	L0_B06_S1_C7_M0
0	1	11	-1	130118	130118	0	2	1	0	L0_B06_S1_C7_M1C
0	1	11	-2	130118	130118	1	0	2	0	L0_B06_S1_C7_M2C
0	1	11	-3	130118	130118	1	2	3	0	L0_B06_S1_C7_M3C
0	1	11	-4	130118	130118	6	2	5	0	L0_B06_S1_C7_M4C
0	1	11	-5	130118	130118	7	0	6	0	L0_B06_S1_C7_M5C
0	1	11	-6	130118	130118	7	2	7	0	L0_B06_S1_C7_M6C
0	1	11	6	130119	130119	0	0	0	0	L0_B06_S1_A6_M6A
0	1	11	5	130119	130119	0	2	1	0	L0_B06_S1_A6_M5A
0	1	11	4	130119	130119	1	0	2	0	L0_B06_S1_A6_M4A
0	1	11	3	130119	130119	1	2	3	0	L0_B06_S1_A6_M3A
0	1	11	2	130119	130119	6	2	5	0	L0_B06_S1_A6_M2A
0	1	11	1	130119	130119	7	0	6	0	L0_B06_S1_A6_M1A
0	1	12	0	130120	130120	0	0	0	0	L0_B06_S2_A7_M0
0	1	12	1	130120	130120	0	2	1	0	L0_B06_S2_A7_M1A
0	1	12	2	130120	130120	1	0	2	0	L0_B06_S2_A7_M2A
0	1	12	3	130120	130120	1	2	3	0	L0_B06_S2_A7_M3A
0	1	12	4	130120	130120	6	2	5	0	L0_B06_S2_A7_M4A
0	1	12	5	130120	130120	7	0	6	0	L0_B06_S2_A7_M5A
0	1	12	6	130120	130120	7	2	7	0	L0_B06_S2_A7_M6A
0	1	12	-6	130121	130121	0	0	0	0	L0_B06_S2_C6_M6C
0	1	12	-5	130121	130121	0	2	1	0	L0_B06_S2_C6_M5C
0	1	12	-4	130121	130121	1	0	2	0	L0_B06_S2_C6_M4C
0	1	12	-3	130121	130121	1	2	3	0	L0_B06_S2_C6_M3C
0	1	12	-2	130121	130121	6	2	5	0	L0_B06_S2_C6_M2C
0	1	12	-1	130121	130121	7	0	6	0	L0_B06_S2_C6_M1C
0	1	1	0	130307	130307	0	0	0	0	L0_B01_S1_C7_M0
0	1	1	-1	130307	130307	0	2	1	0	L0_B01_S1_C7_M1C
0	1	1	-2	130307	130307	1	0	2	0	L0_B01_S1_C7_M2C
0	1	1	-3	130307	130307	1	2	3	0	L0_B01_S1_C7_M3C
0	1	1	-4	130307	130307	6	2	5	0	L0_B01_S1_C7_M4C
0	1	1	-5	130307	130307	7	0	6	0	L0_B01_S1_C7_M5C
0	1	1	-6	130307	130307	7	2	7	0	L0_B01_S1_C7_M6C
0	1	1	6	130308	130308	0	0	0	0	L0_B01_S1_A6_M6A
0	1	1	5	130308	130308	0	2	1	0	L0_B01_S1_A6_M5A
0	1	1	4	130308	130308	1	0	2	0	L0_B01_S1_A6_M4A
0	1	1	3	130308	130308	1	2	3	0	L0_B01_S1_A6_M3A
0	1	1	2	130308	130308	6	2	5	0	L0_B01_S1_A6_M2A
0	1	1	1	130308	130308	7	0	6	0	L0_B01_S1_A6_M1A
0	1	2	0	130309	130309	0	0	0	0	L0_B01_S2_A7_M0
0	1	2	1	130309	130309	0	2	1	0	L0_B01_S2_A7_M1A
0	1	2	2	130309	130309	1	0	2	0	L0_B01_S2_A7_M2A
0	1	2	3	130309	130309	1	2	3	0	L0_B01_S2_A7_M3A
0	1	2	4	130309	130309	6	2	5	0	L0_B01_S2_A7_M4A
0	1	2	5	130309	130309	7	0	6	0	L0_B01_S2_A7_M5A
0	1	2	6	130309	130309	7	2	7	0	L0_B01_S2_A7_M6A
0	1	2	-6	130310	130310	0	0	0	0	L0_B01_S2_C6_M6C
0	1	2	-5	130310	130310	0	2	1	0	L0_B01_S2_C6_M5C
0	1	2	-4	130310	130310	1	0	2	0	L0_B01_S2_C6_M4C
0	1	2	-3	130310	130310	1	2	3	0	L0_B01_S2_C6_M3C
0	1	2	-2	130310	130310	6	2	5	0	L0_B01_S2_C6_M2C
0	1	2	-1	130310	130310	7	0	6	0	L0_B01_S2_C6_M1C
0	1	3	0	130311	130311	0	0	0	0	L0_B02_S1_C7_M0
0	1	3	-1	130311	130311	0	2	1	0	L0_B02_S1_C7_M1C
0	1	3	-2	130311	130311	1	0	2	0	L0_B02_S1_C7_M2C
0	1	3	-3	130311	130311	1	2	3	0	L0_B02_S1_C7_M3C
0	1	3	-4	130311	130311	6	2	5	0	L0_B02_S1_C7_M4C
0	1	3	-5	130311	130311	7	0	6	0	L0_B02_S1_C7_M5C
0	1	3	-6	130311	130311	7	2	7	0	L0_B02_S1_C7_M6C
0	1	3	6	130312	130312	0	0	0	0	L0_B02_S1_A6_M6A
0	1	3	5	130312	130312	0	2	1	0	L0_B02_S1_A6_M5A
0	1	3	4	130312	130312	1	0	2	0	L0_B02_S1_A6_M4A
0	1	3	3	130312	130312	1	2	3	0	L0_B02_S1_A6_M3A
0	1	3	2	130312	130312	6	2	5	0	L0_B02_S1_A6_M2A
0	1	3	1	130312	130312	7	0	6	0	L0_B02_S1_A6_M1A
0	1	4	0	130314	130314	0	0	0	0	L0_B02_S2_A7_M0
0	1	4	1	130314	130314	0	2	1	0	L0_B02_S2_A7_M1A
0	1	4	2	130314	130314	1	0	2	0	L0_B02_S2_A7_M2A
0	1	4	3	130314	130314	1	2	3	0	L0_B02_S2_A7_M3A
0	1	4	4	130314	130314	6	2	5	0	L0_B02_S2_A7_M4A
0	1	4	5	130314	130314	7	0	6	0	L0_B02_S2_A7_M5A
0	1	4	6	130314	130314	7	2	7	0	L0_B02_S2_A7_M6A
0	1	4	-6	130315	130315	0	0	0	0	L0_B02_S2_C6_M6C
0	1	4	-5	130315	130315	0	2	1	0	L0_B02_S2_C6_M5C
0	1	4	-4	130315	130315	1	0	2	0	L0_B02_S2_C6_M4C
0	1	4	-3	130315	130315	1	2	3	0	L0_B02_S2_C6_M3C
0	1	4	-2	130315	130315	6	2	5	0	L0_B02_S2_C6_M2C
0	1	4	-1	130315	130315	7	0	6	0	L0_B02_S2_C6_M1C
0	1	5	0	130316	130316	0	0	0	0	L0_B03_S1_C7_M0
0	1	5	-1	130316	130316	0	2	1	0	L0_B03_S1_C7_M1C
0	1	5	-2	130316	130316	1	0	2	0	L0_B03_S1_C7_M2C
0	1	5	-3	130316	130316	1	2	3	0	L0_B03_S1_C7_M3C
0	1	5	-4	130316	130316	6	2	5	0	L0_B03_S1_C7_M4C
0	1	5	-5	130316	130316	7	0	6	0	L0_B03_S1_C7_M5C
0	1	5	-6	130316	130316	7	2	7	0	L0_B03_S1_C7_M6C
0	1	5	6	130317	130317	0	0	0	0	L0_B03_S1_A6_M6A
0	1	5	5	130317	130317	0	2	1	0	L0_B03_S1_A6_M5A
0	1	5	4	130317	130317	1	0	2	0	L0_B03_S1_A6_M4A
0	1	5	3	130317	130317	1	2	3	0	L0_B03_S1_A6_M3A
0	1	5	2	130317	130317	6	2	5	0	L0_B03_S1_A6_M2A
0	1	5	1	130317	130317	7	0	6	0	L0_B03_S1_A6_M1A
0	1	0	0	130318	130318	0	0	0	0	L0_B11_S2_A7_M0
0	1	0	1	130318	130318	0	2	1	0	L0_B11_S2_A7_M1A
0	1	0	2	130318	130318	1	0	2	0	L0_B11_S2_A7_M2A
0	1	0	3	130318	130318	1	2	3	0	L0_B11_S2_A7_M3A
0	1	0	4	130318	130318	6	2	5	0	L0_B11_S2_A7_M4A
0	1	0	5	130318	130318	7	0	6	0	L0_B11_S2_A7_M5A
0	1	0	6	130318	130318	7	2	7	0	L0_B11_S2_A7_M6A
0	1	0	-6	130319	130319	0	0	0	0	L0_B11_S2_C6_M6C
0	1	0	-5	130319	130319	0	2	1	0	L0_B11_S2_C6_M5C
0	1	0	-4	130319	130319	1	0	2	0	L0_B11_S2_C6_M4C
0	1	0	-3	130319	130319	1	2	3	0	L0_B11_S2_C6_M3C
0	1	0	-2	130319	130319	6	2	5	0	L0_B11_S2_C6_M2C
0	1	0	-1	130319	130319	7	0	6	0	L0_B11_S2_C6_M1C
-2	0	45	0	120205	120205	0	1	0	2	D1C_B01_S1_M2
-2	0	44	0	120205	120205	0	2	1	0	D1C_B01_S1_M5
-2	0	43	0	120205	120205	0	3	1	2	D1C_B01_S1_M3
-2	0	46	0	120205	120205	1	0	2	0	D1C_B01_S1_M6
-2	0	47	0	120205	120205	1	1	2	2	D1C_B01_S1_M1
-2	0	42	0	120205	120205	1	2	3	0	D1C_B01_S1_M4
-2	2	42	0	120205	120205	6	2	5	0	D3C_B01_S1_M4
-2	2	47	0	120205	120205	6	3	5	2	D3C_B01_S1_M1
-2	2	46	0	120205	120205	7	0	6	0	D3C_B01_S1_M6
-2	2	43	0	120205	120205	7	1	6	2	D3C_B01_S1_M3
-2	2	44	0	120205	120205	7	2	7	0	D3C_B01_S1_M5
-2	2	45	0	120205	120205	7	3	7	2	D3C_B01_S1_M2
2	0	44	0	120206	120206	0	1	0	2	D1A_B01_S1_M2
2	0	45	0	120206	120206	0	2	1	0	D1A_B01_S1_M5
2	0	46	0	120206	120206	0	3	1	2	D1A_B01_S1_M3
2	0	43	0	120206	120206	1	0	2	0	D1A_B01_S1_M6
2	0	42	0	120206	120206	1	1	2	2	D1A_B01_S1_M1
2	0	47	0	120206	120206	1	2	3	0	D1A_B01_S1_M4
2	2	47	0	120206	120206	6	2	5	0	D3A_B01_S1_M4
2	2	42	0	120206	120206	6	3	5	2	D3A_B01_S1_M1
2	2	43	0	120206	120206	7	0	6	0	D3A_B01_S1_M6
2	2	46	0	120206	120206	7	1	6	2	D3A_B01_S1_M3
2	2	45	0	120206	120206	7	2	7	0	D3A_B01_S1_M5
2	2	44	0	120206	120206	7	3	7	2	D3A_B01_S1_M2
-2	0	39	0	120207	120207	0	1	0	2	D1C_B04_S2_M2
-2	0	38	0	120207	120207	0	2	1	0	D1C_B04_S2_M5
-2	0	37	0	120207	120207	0	3	1	2	D1C_B04_S2_M3
-2	0	40	0	120207	120207	1	0	2	0	D1C_B04_S2_M6
-2	0	41	0	120207	120207	1	1	2	2	D1C_B04_S2_M1
-2	0	36	0	120207	120207	1	2	3	0	D1C_B04_S2_M4
-2	2	36	0	120207	120207	6	2	5	0	D3C_B04_S2_M4
-2	2	41	0	120207	120207	6	3	5	2	D3C_B04_S2_M1
-2	2	40	0	120207	120207	7	0	6	0	D3C_B04_S2_M6
-2	2	37	0	120207	120207	7	1	6	2	D3C_B04_S2_M3
-2	2	38	0	120207	120207	7	2	7	0	D3C_B04_S2_M5
-2	2	39	0	120207	120207	7	3	7	2	D3C_B04_S2_M2
2	0	38	0	120208	120208	0	1	0	2	D1A_B04_S2_M2
2	0	39	0	120208	120208	0	2	1	0	D1A_B04_S2_M5
2	0	40	0	120208	120208	0	3	1	2	D1A_B04_S2_M3
2	0	37	0	120208	120208	1	0	2	0	D1A_B04_S2_M6
2	0	36	0	120208	120208	1	1	2	2	D1A_B04_S2_M1
2	0	41	0	120208	120208	1	2	3	0	D1A_B04_S2_M4
2	2	41	0	120208	120208	6	2	5	0	D3A_B04_S2_M4
2	2	36	0	120208	120208	6	3	5	2	D3A_B04_S2_M1
2	2	37	0	120208	120208	7	0	6	0	D3A_B04_S2_M6
2	2	40	0	120208	120208	7	1	6	2	D3A_B04_S2_M3
2	2	39	0	120208	120208	7	2	7	0	D3A_B04_S2_M5
2	2	38	0	120208	120208	7	3	7	2	D3A_B04_S2_M2
-2	0	33	0	120209	120209	0	1	0	2	D1C_B04_S1_M2
-2	0	32	0	120209	120209	0	2	1	0	D1C_B04_S1_M5
-2	0	31	0	120209	120209	0	3	1	2	D1C_B04_S1_M3
-2	0	34	0	120209	120209	1	0	2	0	D1C_B04_S1_M6
-2	0	35	0	120209	120209	1	1	2	2	D1C_B04_S1_M1
-2	0	30	0	120209	120209	1	2	3	0	D1C_B04_S1_M4
-2	2	30	0	120209	120209	6	2	5	0	D3C_B04_S1_M4
-2	2	35	0	120209	120209	6	3	5	2	D3C_B04_S1_M1
-2	2	34	0	120209	120209	7	0	6	0	D3C_B04_S1_M6
-2	2	31	0	120209	120209	7	1	6	2	D3C_B04_S1_M3
-2	2	32	0	120209	120209	7	2	7	0	D3C_B04_S1_M5
-2	2	33	0	120209	120209	7	3	7	2	D3C_B04_S1_M2
2	0	32	0	120210	120210	0	1	0	2	D1A_B04_S1_M2
2	0	33	0	120210	120210	0	2	1	0	D1A_B04_S1_M5
2	0	34	0	120210	120210	0	3	1	2	D1A_B04_S1_M3
2	0	31	0	120210	120210	1	0	2	0	D1A_B04_S1_M6
2	0	30	0	120210	120210	1	1	2	2	D1A_B04_S1_M1
2	0	35	0	120210	120210	1	2	3	0	D1A_B04_S1_M4
2	2	35	0	120210	120210	6	2	5	0	D3A_B04_S1_M4
2	2	30	0	120210	120210	6	3	5	2	D3A_B04_S1_M1
2	2	31	0	120210	120210	7	0	6	0	D3A_B04_S1_M6
2	2	34	0	120210	120210	7	1	6	2	D3A_B04_S1_M3
2	2	33	0	120210	120210	7	2	7	0	D3A_B04_S1_M5
2	2	32	0	120210	120210	7	3	7	2	D3A_B04_S1_M2
-2	0	27	0	120211	120211	0	1	0	2	D1C_B03_S2_M2
-2	0	26	0	120211	120211	0	2	1	0	D1C_B03_S2_M5
-2	0	25	0	120211	120211	0	3	1	2	D1C_B03_S2_M3
-2	0	28	0	120211	120211	1	0	2	0	D1C_B03_S2_M6
-2	0	29	0	120211	120211	1	1	2	2	D1C_B03_S2_M1
-2	0	24	0	120211	120211	1	2	3	0	D1C_B03_S2_M4
-2	2	24	0	120211	120211	6	2	5	0	D3C_B03_S2_M4
-2	2	29	0	120211	120211	6	3	5	2	D3C_B03_S2_M1
-2	2	28	0	120211	120211	7	0	6	0	D3C_B03_S2_M6
-2	2	25	0	120211	120211	7	1	6	2	D3C_B03_S2_M3
-2	2	26	0	120211	120211	7	2	7	0	D3C_B03_S2_M5
-2	2	27	0	120211	120211	7	3	7	2	D3C_B03_S2_M2
2	0	26	0	120212	120212	0	1	0	2	D1A_B03_S2_M2
2	0	27	0	120212	120212	0	2	1	0	D1A_B03_S2_M5
2	0	28	0	120212	120212	0	3	1	2	D1A_B03_S2_M3
2	0	25	0	120212	120212	1	0	2	0	D1A_B03_S2_M6
2	0	24	0	120212	120212	1	1	2	2	D1A_B03_S2_M1
2	0	29	0	120212	120212	1	2	3	0	D1A_B03_S2_M4
2	2	29	0	120212	120212	6	2	5	0	D3A_B03_S2_M4
2	2	24	0	120212	120212	6	3	5	2	D3A_B03_S2_M1
2	2	25	0	120212	120212	7	0	6	0	D3A_B03_S2_M6
2	2	28	0	120212	120212	7	1	6	2	D3A_B03_S2_M3
2	2	27	0	120212	120212	7	2	7	0	D3A_B03_S2_M5
2	2	26	0	120212	120212	7	3	7	2	D3A_B03_S2_M2
-2	0	21	0	120214	120214	0	1	0	2	D1C_B03_S1_M2
-2	0	20	0	120214	120214	0	2	1	0	D1C_B03_S1_M5
-2	0	19	0	120214	120214	0	3	1	2	D1C_B03_S1_M3
-2	0	22	0	120214	120214	1	0	2	0	D1C_B03_S1_M6
-2	0	23	0	120214	120214	1	1	2	2	D1C_B03_S1_M1
-2	0	18	0	120214	120214	1	2	3	0	D1C_B03_S1_M4
-2	2	18	0	120214	120214	6	2	5	0	D3C_B03_S1_M4
-2	2	23	0	120214	120214	6	3	5	2	D3C_B03_S1_M1
-2	2	22	0	120214	120214	7	0	6	0	D3C_B03_S1_M6
-2	2	19	0	120214	120214	7	1	6	2	D3C_B03_S1_M3
-2	2	20	0	120214	120214	7	2	7	0	D3C_B03_S1_M5
-2	2	21	0	120214	120214	7	3	7	2	D3C_B03_S1_M2
2	0	20	0	120215	120215	0	1	0	2	D1A_B03_S1_M2
2	0	21	0	120215	120215	0	2	1	0	D1A_B03_S1_M5
2	0	22	0	120215	120215	0	3	1	2	D1A_B03_S1_M3
2	0	19	0	120215	120215	1	0	2	0	D1A_B03_S1_M6
2	0	18	0	120215	120215	1	1	2	2	D1A_B03_S1_M1
2	0	23	0	120215	120215	1	2	3	0	D1A_B03_S1_M4
2	2	23	0	120215	120215	6	2	5	0	D3A_B03_S1_M4
2	2	18	0	120215	120215	6	3	5	2	D3A_B03_S1_M1
2	2	19	0	120215	120215	7	0	6	0	D3A_B03_S1_M6
2	2	22	0	120215	120215	7	1	6	2	D3A_B03_S1_M3
2	2	21	0	120215	120215	7	2	7	0	D3A_B03_S1_M5
2	2	20	0	120215	120215	7	3	7	2	D3A_B03_S1_M2
-2	0	15	0	120216	120216	0	1	0	2	D1C_B02_S2_M2
-2	0	14	0	120216	120216	0	2	1	0	D1C_B02_S2_M5
-2	0	13	0	120216	120216	0	3	1	2	D1C_B02_S2_M3
-2	0	16	0	120216	120216	1	0	2	0	D1C_B02_S2_M6
-2	0	17	0	120216	120216	1	1	2	2	D1C_B02_S2_M1
-2	0	12	0	120216	120216	1	2	3	0	D1C_B02_S2_M4
-2	2	12	0	120216	120216	6	2	5	0	D3C_B02_S2_M4
-2	2	17	0	120216	120216	6	3	5	2	D3C_B02_S2_M1
-2	2	16	0	120216	120216	7	0	6	0	D3C_B02_S2_M6
-2	2	13	0	120216	120216	7	1	6	2	D3C_B02_S2_M3
-2	2	14	0	120216	120216	7	2	7	0	D3C_B02_S2_M5
-2	2	15	0	120216	120216	7	3	7	2	D3C_B02_S2_M2
2	0	14	0	120217	120217	0	1	0	2	D1A_B02_S2_M2
2	0	15	0	120217	120217	0	2	1	0	D1A_B02_S2_M5
2	0	16	0	120217	120217	0	3	1	2	D1A_B02_S2_M3
2	0	13	0	120217	120217	1	0	2	0	D1A_B02_S2_M6
2	0	12	0	120217	120217	1	1	2	2	D1A_B02_S2_M1
2	0	17	0	120217	120217	1	2	3	0	D1A_B02_S2_M4
2	2	17	0	120217	120217	6	1	4	2	D3A_B02_S2_M4
2	2	12	0	120217	120217	6	3	5	2	D3A_B02_S2_M1
2	2	13	0	120217	120217	7	0	6	0	D3A_B02_S2_M6
2	2	16	0	120217	120217	7	1	6	2	D3A_B02_S2_M3
2	2	15	0	120217	120217	7	2	7	0	D3A_B02_S2_M5
2	2	14	0	120217	120217	7	3	7	2	D3A_B02_S2_M2
-2	0	9	0	120218	120218	0	1	0	2	D1C_B02_S1_M2
-2	0	8	0	120218	120218	0	2	1	0	D1C_B02_S1_M5
-2	0	7	0	120218	120218	0	3	1	2	D1C_B02_S1_M3
-2	0	10	0	120218	120218	1	0	2	0	D1C_B02_S1_M6
-2	0	11	0	120218	120218	1	1	2	2	D1C_B02_S1_M1
-2	0	6	0	120218	120218	1	2	3	0	D1C_B02_S1_M4
-2	2	6	0	120218	120218	6	2	5	0	D3C_B02_S1_M4
-2	2	11	0	120218	120218	6	3	5	2	D3C_B02_S1_M1
-2	2	10	0	120218	120218	7	0	6	0	D3C_B02_S1_M6
-2	2	7	0	120218	120218	7	1	6	2	D3C_B02_S1_M3
-2	2	8	0	120218	120218	7	2	7	0	D3C_B02_S1_M5
-2	2	9	0	120218	120218	7	3	7	2	D3C_B02_S1_M2
2	0	8	0	120219	120219	0	1	0	2	D1A_B02_S1_M2
2	0	9	0	120219	120219	0	2	1	0	D1A_B02_S1_M5
2	0	10	0	120219	120219	0	3	1	2	D1A_B02_S1_M3
2	0	7	0	120219	120219	1	0	2	0	D1A_B02_S1_M6
2	0	6	0	120219	120219	1	1	2	2	D1A_B02_S1_M1
2	0	11	0	120219	120219	1	2	3	0	D1A_B02_S1_M4
2	2	11	0	120219	120219	6	2	5	0	D3A_B02_S1_M4
2	2	6	0	120219	120219	6	3	5	2	D3A_B02_S1_M1
2	2	7	0	120219	120219	7	0	6	0	D3A_B02_S1_M6
2	2	10	0	120219	120219	7	1	6	2	D3A_B02_S1_M3
2	2	9	0	120219	120219	7	2	7	0	D3A_B02_S1_M5
2	2	8	0	120219	120219	7	3	7	2	D3A_B02_S1_M2
-2	0	3	0	120220	120220	0	1	0	2	D1C_B01_S2_M2
-2	0	2	0	120220	120220	0	2	1	0	D1C_B01_S2_M5
-2	0	1	0	120220	120220	0	3	1	2	D1C_B01_S2_M3
-2	0	4	0	120220	120220	1	0	2	0	D1C_B01_S2_M6
-2	0	5	0	120220	120220	1	1	2	2	D1C_B01_S2_M1
-2	0	0	0	120220	120220	1	2	3	0	D1C_B01_S2_M4
-2	2	0	0	120220	120220	6	2	5	0	D3C_B01_S2_M4
-2	2	5	0	120220	120220	6	3	5	2	D3C_B01_S2_M1
-2	2	4	0	120220	120220	7	0	6	0	D3C_B01_S2_M6
-2	2	1	0	120220	120220	7	1	6	2	D3C_B01_S2_M3
-2	2	2	0	120220	120220	7	2	7	0	D3C_B01_S2_M5
-2	2	3	0	120220	120220	7	3	7	2	D3C_B01_S2_M2
2	0	2	0	120221	120221	0	1	0	2	D1A_B01_S2_M2
2	0	3	0	120221	120221	0	2	1	0	D1A_B01_S2_M5
2	0	4	0	120221	120221	0	3	1	2	D1A_B01_S2_M3
2	0	1	0	120221	120221	1	0	2	0	D1A_B01_S2_M6
2	0	0	0	120221	120221	1	1	2	2	D1A_B01_S2_M1
2	0	5	0	120221	120221	1	2	3	0	D1A_B01_S2_M4
2	2	5	0	120221	120221	6	2	5	0	D3A_B01_S2_M4
2	2	0	0	120221	120221	6	3	5	2	D3A_B01_S2_M1
2	2	1	0	120221	120221	7	0	6	0	D3A_B01_S2_M6
2	2	4	0	120221	120221	7	1	6	2	D3A_B01_S2_M3
2	2	3	0	120221	120221	7	2	7	0	D3A_B01_S2_M5
2	2	2	0	120221	120221	7	3	7	2	D3A_B01_S2_M2
-2	1	36	0	121609	121609	0	2	1	0	D2C_B04_S2_M4
-2	1	41	0	121609	121609	0	3	1	2	D2C_B04_S2_M1
-2	1	40	0	121609	121609	1	0	2	0	D2C_B04_S2_M6
-2	1	37	0	121609	121609	1	1	2	2	D2C_B04_S2_M3
-2	1	38	0	121609	121609	1	2	3	0	D2C_B04_S2_M5
-2	1	39	0	121609	121609	1	3	3	2	D2C_B04_S2_M2
-2	1	42	0	121609	121609	6	2	5	0	D2C_B01_S1_M4
-2	1	47	0	121609	121609	6	3	5	2	D2C_B01_S1_M1
-2	1	46	0	121609	121609	7	0	6	0	D2C_B01_S1_M6
-2	1	43	0	121609	121609	7	1	6	2	D2C_B01_S1_M3
-2	1	44	0	121609	121609	7	2	7	0	D2C_B01_S1_M5
-2	1	45	0	121609	121609	7	3	7	2	D2C_B01_S1_M2
2	1	41	0	121610	121610	0	2	1	0	D2A_B04_S2_M4
2	1	36	0	121610	121610	0	3	1	2	D2A_B04_S2_M1
2	1	37	0	121610	121610	1	0	2	0	D2A_B04_S2_M6
2	1	40	0	121610	121610	1	1	2	2	D2A_B04_S2_M3
2	1	39	0	121610	121610	1	2	3	0	D2A_B04_S2_M5
2	1	38	0	121610	121610	1	3	3	2	D2A_B04_S2_M2
2	1	47	0	121610	121610	6	2	5	0	D2A_B01_S1_M4
2	1	42	0	121610	121610	6	3	5	2	D2A_B01_S1_M1
2	1	43	0	121610	121610	7	0	6	0	D2A_B01_S1_M6
2	1	46	0	121610	121610	7	1	6	2	D2A_B01_S1_M3
2	1	45	0	121610	121610	7	2	7	0	D2A_B01_S1_M5
2	1	44	0	121610	121610	7	3	7	2	D2A_B01_S1_M2
-2	1	24	0	121611	121611	0	2	1	0	D2C_B03_S2_M4
-2	1	29	0	121611	121611	0	3	1	2	D2C_B03_S2_M1
-2	1	28	0	121611	121611	1	0	2	0	D2C_B03_S2_M6
-2	1	25	0	121611	121611	1	1	2	2	D2C_B03_S2_M3
-2	1	26	0	121611	121611	1	2	3	0	D2C_B03_S2_M5
-2	1	27	0	121611	121611	1	3	3	2	D2C_B03_S2_M2
-2	1	31	0	121611	121611	6	2	5	0	D2C_B04_S1_M3
-2	1	35	0	121611	121611	6	3	5	2	D2C_B04_S1_M1
-2	1	34	0	121611	121611	7	0	6	0	D2C_B04_S1_M6
-2	1	30	0	121611	121611	7	1	6	2	D2C_B04_S1_M4
-2	1	32	0	121611	121611	7	2	7	0	D2C_B04_S1_M5
-2	1	33	0	121611	121611	7	3	7	2	D2C_B04_S1_M2
2	1	29	0	121612	121612	0	2	1	0	D2A_B03_S2_M4
2	1	24	0	121612	121612	0	3	1	2	D2A_B03_S2_M1
2	1	25	0	121612	121612	1	0	2	0	D2A_B03_S2_M6
2	1	28	0	121612	121612	1	1	2	2	D2A_B03_S2_M3
2	1	27	0	121612	121612	1	2	3	0	D2A_B03_S2_M5
2	1	26	0	121612	121612	1	3	3	2	D2A_B03_S2_M2
2	1	35	0	121612	121612	6	2	5	0	D2A_B04_S1_M4
2	1	30	0	121612	121612	6	3	5	2	D2A_B04_S1_M1
2	1	31	0	121612	121612	7	0	6	0	D2A_B04_S1_M6
2	1	34	0	121612	121612	7	1	6	2	D2A_B04_S1_M3
2	1	33	0	121612	121612	7	2	7	0	D2A_B04_S1_M5
2	1	32	0	121612	121612	7	3	7	2	D2A_B04_S1_M2
-2	1	12	0	121614	121614	0	2	1	0	D2C_B02_S2_M4
-2	1	17	0	121614	121614	0	3	1	2	D2C_B02_S2_M1
-2	1	16	0	121614	121614	1	0	2	0	D2C_B02_S2_M6
-2	1	13	0	121614	121614	1	1	2	2	D2C_B02_S2_M3
-2	1	14	0	121614	121614	1	2	3	0	D2C_B02_S2_M5
-2	1	15	0	121614	121614	1	3	3	2	D2C_B02_S2_M2
-2	1	18	0	121614	121614	6	2	5	0	D2C_B03_S1_M4
-2	1	23	0	121614	121614	6	3	5	2	D2C_B03_S1_M1
-2	1	22	0	121614	121614	7	0	6	0	D2C_B03_S1_M6
-2	1	19	0	121614	121614	7	1	6	2	D2C_B03_S1_M3
-2	1	20	0	121614	121614	7	2	7	0	D2C_B03_S1_M5
-2	1	21	0	121614	121614	7	3	7	2	D2C_B03_S1_M2
2	1	17	0	121615	121615	0	2	1	0	D2A_B02_S2_M4
2	1	12	0	121615	121615	0	3	1	2	D2A_B02_S2_M1
2	1	13	0	121615	121615	1	0	2	0	D2A_B02_S2_M6
2	1	16	0	121615	121615	1	1	2	2	D2A_B02_S2_M3
2	1	15	0	121615	121615	1	2	3	0	D2A_B02_S2_M5
2	1	14	0	121615	121615	1	3	3	2	D2A_B02_S2_M2
2	1	23	0	121615	121615	6	2	5	0	D2A_B03_S1_M4
2	1	18	0	121615	121615	6	3	5	2	D2A_B03_S1_M1
2	1	19	0	121615	121615	7	0	6	0	D2A_B03_S1_M6
2	1	22	0	121615	121615	7	1	6	2	D2A_B03_S1_M3
2	1	21	0	121615	121615	7	2	7	0	D2A_B03_S1_M5
2	1	20	0	121615	121615	7	3	7	2	D2A_B03_S1_M2
-2	1	0	0	121616	121616	0	2	1	0	D2C_B01_S2_M4
-2	1	5	0	121616	121616	0	3	1	2	D2C_B01_S2_M1
-2	1	4	0	121616	121616	1	0	2	0	D2C_B01_S2_M6
-2	1	1	0	121616	121616	1	1	2	2	D2C_B01_S2_M3
-2	1	2	0	121616	121616	1	2	3	0	D2C_B01_S2_M5
-2	1	3	0	121616	121616	1	3	3	2	D2C_B01_S2_M2
-2	1	6	0	121616	121616	6	2	5	0	D2C_B02_S1_M4
-2	1	11	0	121616	121616	6	3	5	2	D2C_B02_S1_M1
-2	1	10	0	121616	121616	7	0	6	0	D2C_B02_S1_M6
-2	1	7	0	121616	121616	7	1	6	2	D2C_B02_S1_M3
-2	1	8	0	121616	121616	7	2	7	0	D2C_B02_S1_M5
-2	1	9	0	121616	121616	7	3	7	2	D2C_B02_S1_M2
2	1	5	0	121617	121617	0	2	1	0	D2A_B01_S2_M4
2	1	0	0	121617	121617	0	3	1	2	D2A_B01_S2_M1
2	1	1	0	121617	121617	1	0	2	0	D2A_B01_S2_M6
2	1	4	0	121617	121617	1	1	2	2	D2A_B01_S2_M3
2	1	3	0	121617	121617	1	2	3	0	D2A_B01_S2_M5
2	1	2	0	121617	121617	1	3	3	2	D2A_B01_S2_M2
2	1	11	0	121617	121617	6	2	5	0	D2A_B02_S1_M4
2	1	6	0	121617	121617	6	3	5	2	D2A_B02_S1_M1
2	1	7	0	121617	121617	7	0	6	0	D2A_B02_S1_M6
2	1	10	0	121617	121617	7	1	6	2	D2A_B02_S1_M3
2	1	9	0	121617	121617	7	2	7	0	D2A_B02_S1_M5
2	1	8	0	121617	121617	7	3	7	2	D2A_B02_S1_M2
0	0	0	-1	140600	140600	2	1	F	F	LI_S01_C_M1_C1
0	0	0	-2	140600	140600	2	3	F	F	LI_S01_C_M1_C2
0	0	0	-3	140600	140600	3	1	F	F	LI_S01_C_M2_C3
0	0	0	-4	140600	140600	3	3	F	F	LI_S01_C_M2_C4
0	0	0	-5	140600	140600	0	1	0	2	LI_S01_C_M3_C5
0	0	0	-6	140600	140600	0	3	1	2	LI_S01_C_M3_C6
0	0	0	-7	140600	140600	1	1	2	2	LI_S01_C_M4_C7
0	0	0	-8	140600	140600	1	3	3	2	LI_S01_C_M4_C8
0	0	0	1	140600	140600	4	1	F	F	LI_S01_A_M1_A1
0	0	0	2	140600	140600	4	3	F	F	LI_S01_A_M1_A2
0	0	0	3	140600	140600	5	1	F	F	LI_S01_A_M2_A3
0	0	0	4	140600	140600	5	3	F	F	LI_S01_A_M2_A4
0	0	0	5	140600	140600	6	1	4	2	LI_S01_A_M3_A5
0	0	0	6	140600	140600	6	3	5	2	LI_S01_A_M3_A6
0	0	0	7	140600	140600	7	1	6	2	LI_S01_A_M4_A7
0	0	0	8	140600	140600	7	3	7	2	LI_S01_A_M4_A8
0	0	1	-1	140700	140700	2	1	F	F	LI_S02_C_M1_C1
0	0	1	-2	140700	140700	2	3	F	F	LI_S02_C_M1_C2
0	0	1	-3	140700	140700	3	1	F	F	LI_S02_C_M2_C3
0	0	1	-4	140700	140700	3	3	F	F	LI_S02_C_M2_C4
0	0	1	-5	140700	140700	0	1	0	2	LI_S02_C_M3_C5
0	0	1	-6	140700	140700	0	3	1	2	LI_S02_C_M3_C6
0	0	1	-7	140700	140700	1	1	2	2	LI_S02_C_M4_C7
0	0	1	-8	140700	140700	1	3	3	2	LI_S02_C_M4_C8
0	0	1	1	140700	140700	4	1	F	F	LI_S02_A_M1_A1
0	0	1	2	140700	140700	4	3	F	F	LI_S02_A_M1_A2
0	0	1	3	140700	140700	5	1	F	F	LI_S02_A_M2_A3
0	0	1	4	140700	140700	5	3	F	F	LI_S02_A_M2_A4
0	0	1	5	140700	140700	6	1	4	2	LI_S02_A_M3_A5
0	0	1	6	140700	140700	6	3	5	2	LI_S02_A_M3_A6
0	0	1	7	140700	140700	7	1	6	2	LI_S02_A_M4_A7
0	0	1	8	140700	140700	7	3	7	2	LI_S02_A_M4_A8
0	0	2	-1	140800	140800	2	1	F	F	LI_S03_C_M1_C1
0	0	2	-2	140800	140800	2	3	F	F	LI_S03_C_M1_C2
0	0	2	-3	140800	140800	3	1	F	F	LI_S03_C_M2_C3
0	0	2	-4	140800	140800	3	3	F	F	LI_S03_C_M2_C4
0	0	2	-5	140800	140800	0	1	0	2	LI_S03_C_M3_C5
0	0	2	-6	140800	140800	0	3	1	2	LI_S03_C_M3_C6
0	0	2	-7	140800	140800	1	1	2	2	LI_S03_C_M4_C7
0	0	2	-8	140800	140800	1	3	3	2	LI_S03_C_M4_C8
0	0	2	1	140800	140800	4	1	F	F	LI_S03_A_M1_A1
0	0	2	2	140800	140800	4	3	F	F	LI_S03_A_M1_A2
0	0	2	3	140800	140800	5	1	F	F	LI_S03_A_M2_A3
0	0	2	4	140800	140800	5	3	F	F	LI_S03_A_M2_A4
0	0	2	5	140800	140800	6	1	4	2	LI_S03_A_M3_A5
0	0	2	6	140800	140800	6	3	5	2	LI_S03_A_M3_A6
0	0	2	7	140800	140800	7	1	6	2	LI_S03_A_M4_A7
0	0	2	8	140800	140800	7	3	7	2	LI_S03_A_M4_A8
0	0	3	-1	140900	140900	2	1	F	F	LI_S04_C_M1_C1
0	0	3	-2	140900	140900	2	3	F	F	LI_S04_C_M1_C2
0	0	3	-3	140900	140900	3	1	F	F	LI_S04_C_M2_C3
0	0	3	-4	140900	140900	3	3	F	F	LI_S04_C_M2_C4
0	0	3	-5	140900	140900	0	1	0	2	LI_S04_C_M3_C5
0	0	3	-6	140900	140900	0	3	1	2	LI_S04_C_M3_C6
0	0	3	-7	140900	140900	1	1	2	2	LI_S04_C_M4_C7
0	0	3	-8	140900	140900	1	3	3	2	LI_S04_C_M4_C8
0	0	3	1	140900	140900	4	1	F	F	LI_S04_A_M1_A1
0	0	3	2	140900	140900	4	3	F	F	LI_S04_A_M1_A2
0	0	3	3	140900	140900	5	1	F	F	LI_S04_A_M2_A3
0	0	3	4	140900	140900	5	3	F	F	LI_S04_A_M2_A4
0	0	3	5	140900	140900	6	1	4	2	LI_S04_A_M3_A5
0	0	3	6	140900	140900	6	3	5	2	LI_S04_A_M3_A6
0	0	3	7	140900	140900	7	1	6	2	LI_S04_A_M4_A7
0	0	3	8	140900	140900	7	3	7	2	LI_S04_A_M4_A8
0	0	4	-1	141000	141000	2	1	F	F	LI_S05_C_M1_C1
0	0	4	-2	141000	141000	2	3	F	F	LI_S05_C_M1_C2
0	0	4	-3	141000	141000	3	1	F	F	LI_S05_C_M2_C3
0	0	4	-4	141000	141000	3	3	F	F	LI_S05_C_M2_C4
0	0	4	-5	141000	141000	0	1	0	2	LI_S05_C_M3_C5
0	0	4	-6	141000	141000	0	3	1	2	LI_S05_C_M3_C6
0	0	4	-7	141000	141000	1	1	2	2	LI_S05_C_M4_C7
0	0	4	-8	141000	141000	1	3	3	2	LI_S05_C_M4_C8
0	0	4	1	141000	141000	4	1	F	F	LI_S05_A_M1_A1
0	0	4	2	141000	141000	4	3	F	F	LI_S05_A_M1_A2
0	0	4	3	141000	141000	5	1	F	F	LI_S05_A_M2_A3
0	0	4	4	141000	141000	5	3	F	F	LI_S05_A_M2_A4
0	0	4	5	141000	141000	6	1	4	2	LI_S05_A_M3_A5
0	0	4	6	141000	141000	6	3	5	2	LI_S05_A_M3_A6
0	0	4	7	141000	141000	7	1	6	2	LI_S05_A_M4_A7
0	0	4	8	141000	141000	7	3	7	2	LI_S05_A_M4_A8
0	0	5	-1	141100	141100	2	1	F	F	LI_S06_C_M1_C1
0	0	5	-2	141100	141100	2	3	F	F	LI_S06_C_M1_C2
0	0	5	-3	141100	141100	3	1	F	F	LI_S06_C_M2_C3
0	0	5	-4	141100	141100	3	3	F	F	LI_S06_C_M2_C4
0	0	5	-5	141100	141100	0	1	0	2	LI_S06_C_M3_C5
0	0	5	-6	141100	141100	0	3	1	2	LI_S06_C_M3_C6
0	0	5	-7	141100	141100	1	1	2	2	LI_S06_C_M4_C7
0	0	5	-8	141100	141100	1	3	3	2	LI_S06_C_M4_C8
0	0	5	1	141100	141100	4	1	F	F	LI_S06_A_M1_A1
0	0	5	2	141100	141100	4	3	F	F	LI_S06_A_M1_A2
0	0	5	3	141100	141100	5	1	F	F	LI_S06_A_M2_A3
0	0	5	4	141100	141100	5	3	F	F	LI_S06_A_M2_A4
0	0	5	5	141100	141100	6	1	4	2	LI_S06_A_M3_A5
0	0	5	6	141100	141100	6	3	5	2	LI_S06_A_M3_A6
0	0	5	7	141100	141100	7	1	6	2	LI_S06_A_M4_A7
0	0	5	8	141100	141100	7	3	7	2	LI_S06_A_M4_A8
0	0	6	-1	141200	141200	2	1	F	F	LI_S07_C_M1_C1
0	0	6	-2	141200	141200	2	3	F	F	LI_S07_C_M1_C2
0	0	6	-3	141200	141200	3	1	F	F	LI_S07_C_M2_C3
0	0	6	-4	141200	141200	3	3	F	F	LI_S07_C_M2_C4
0	0	6	-5	141200	141200	0	1	0	2	LI_S07_C_M3_C5
0	0	6	-6	141200	141200	0	3	1	2	LI_S07_C_M3_C6
0	0	6	-7	141200	141200	1	1	2	2	LI_S07_C_M4_C7
0	0	6	-8	141200	141200	1	3	3	2	LI_S07_C_M4_C8
0	0	6	1	141200	141200	4	1	F	F	LI_S07_A_M1_A1
0	0	6	2	141200	141200	4	3	F	F	LI_S07_A_M1_A2
0	0	6	3	141200	141200	5	1	F	F	LI_S07_A_M2_A3
0	0	6	4	141200	141200	5	3	F	F	LI_S07_A_M2_A4
0	0	6	5	141200	141200	6	1	4	2	LI_S07_A_M3_A5
0	0	6	6	141200	141200	6	3	5	2	LI_S07_A_M3_A6
0	0	6	7	141200	141200	7	1	6	2	LI_S07_A_M4_A7
0	0	6	8	141200	141200	7	3	7	2	LI_S07_A_M4_A8
0	0	7	-1	141400	141400	2	1	F	F	LI_S08_C_M1_C1
0	0	7	-2	141400	141400	2	3	F	F	LI_S08_C_M1_C2
0	0	7	-3	141400	141400	3	1	F	F	LI_S08_C_M2_C3
0	0	7	-4	141400	141400	3	3	F	F	LI_S08_C_M2_C4
0	0	7	-5	141400	141400	0	1	0	2	LI_S08_C_M3_C5
0	0	7	-6	141400	141400	0	3	1	2	LI_S08_C_M3_C6
0	0	7	-7	141400	141400	1	1	2	2	LI_S08_C_M4_C7
0	0	7	-8	141400	141400	1	3	3	2	LI_S08_C_M4_C8
0	0	7	1	141400	141400	4	1	F	F	LI_S08_A_M1_A1
0	0	7	2	141400	141400	4	3	F	F	LI_S08_A_M1_A2
0	0	7	3	141400	141400	5	1	F	F	LI_S08_A_M2_A3
0	0	7	4	141400	141400	5	3	F	F	LI_S08_A_M2_A4
0	0	7	5	141400	141400	6	1	4	2	LI_S08_A_M3_A5
0	0	7	6	141400	141400	6	3	5	2	LI_S08_A_M3_A6
0	0	7	7	141400	141400	7	1	6	2	LI_S08_A_M4_A7
0	0	7	8	141400	141400	7	3	7	2	LI_S08_A_M4_A8
0	0	8	-1	141500	141500	2	1	F	F	LI_S09_C_M1_C1
0	0	8	-2	141500	141500	2	3	F	F	LI_S09_C_M1_C2
0	0	8	-3	141500	141500	3	1	F	F	LI_S09_C_M2_C3
0	0	8	-4	141500	141500	3	3	F	F	LI_S09_C_M2_C4
0	0	8	-5	141500	141500	0	1	0	2	LI_S09_C_M3_C5
0	0	8	-6	141500	141500	0	3	1	2	LI_S09_C_M3_C6
0	0	8	-7	141500	141500	1	1	2	2	LI_S09_C_M4_C7
0	0	8	-8	141500	141500	1	3	3	2	LI_S09_C_M4_C8
0	0	8	1	141500	141500	4	1	F	F	LI_S09_A_M1_A1
0	0	8	2	141500	141500	4	3	F	F	LI_S09_A_M1_A2
0	0	8	3	141500	141500	5	1	F	F	LI_S09_A_M2_A3
0	0	8	4	141500	141500	5	3	F	F	LI_S09_A_M2_A4
0	0	8	5	141500	141500	6	1	4	2	LI_S09_A_M3_A5
0	0	8	6	141500	141500	6	3	5	2	LI_S09_A_M3_A6
0	0	8	7	141500	141500	7	1	6	2	LI_S09_A_M4_A7
0	0	8	8	141500	141500	7	3	7	2	LI_S09_A_M4_A8
0	0	9	-1	141600	141600	2	1	F	F	LI_S10_C_M1_C1
0	0	9	-2	141600	141600	2	3	F	F	LI_S10_C_M1_C2
0	0	9	-3	141600	141600	3	1	F	F	LI_S10_C_M2_C3
0	0	9	-4	141600	141600	3	3	F	F	LI_S10_C_M2_C4
0	0	9	-5	141600	141600	0	1	0	2	LI_S10_C_M3_C5
0	0	9	-6	141600	141600	0	3	1	2	LI_S10_C_M3_C6
0	0	9	-7	141600	141600	1	1	2	2	LI_S10_C_M4_C7
0	0	9	-8	141600	141600	1	3	3	2	LI_S10_C_M4_C8
0	0	9	1	141600	141600	4	1	F	F	LI_S10_A_M1_A1
0	0	9	2	141600	141600	4	3	F	F	LI_S10_A_M1_A2
0	0	9	3	141600	141600	5	1	F	F	LI_S10_A_M2_A3
0	0	9	4	141600	141600	5	3	F	F	LI_S10_A_M2_A4
0	0	9	5	141600	141600	6	1	4	2	LI_S10_A_M3_A5
0	0	9	6	141600	141600	6	3	5	2	LI_S10_A_M3_A6
0	0	9	7	141600	141600	7	1	6	2	LI_S10_A_M4_A7
0	0	9	8	141600	141600	7	3	7	2	LI_S10_A_M4_A8
0	0	10	-1	141700	141700	2	1	F	F	LI_S11_C_M1_C1
0	0	10	-2	141700	141700	2	3	F	F	LI_S11_C_M1_C2
0	0	10	-3	141700	141700	3	1	F	F	LI_S11_C_M2_C3
0	0	10	-4	141700	141700	3	3	F	F	LI_S11_C_M2_C4
0	0	10	-5	141700	141700	0	1	0	2	LI_S11_C_M3_C5
0	0	10	-6	141700	141700	0	3	1	2	LI_S11_C_M3_C6
0	0	10	-7	141700	141700	1	1	2	2	LI_S11_C_M4_C7
0	0	10	-8	141700	141700	1	3	3	2	LI_S11_C_M4_C8
0	0	10	1	141700	141700	4	1	F	F	LI_S11_A_M1_A1
0	0	10	2	141700	141700	4	3	F	F	LI_S11_A_M1_A2
0	0	10	3	141700	141700	5	1	F	F	LI_S11_A_M2_A3
0	0	10	4	141700	141700	5	3	F	F	LI_S11_A_M2_A4
0	0	10	5	141700	141700	6	1	4	2	LI_S11_A_M3_A5
0	0	10	6	141700	141700	6	3	5	2	LI_S11_A_M3_A6
0	0	10	7	141700	141700	7	1	6	2	LI_S11_A_M4_A7
0	0	10	8	141700	141700	7	3	7	2	LI_S11_A_M4_A8
0	0	11	-1	141800	141800	2	1	F	F	LI_S12_C_M1_C1
0	0	11	-2	141800	141800	2	3	F	F	LI_S12_C_M1_C2
0	0	11	-3	141800	141800	3	1	F	F	LI_S12_C_M2_C3
0	0	11	-4	141800	141800	3	3	F	F	LI_S12_C_M2_C4
0	0	11	-5	141800	141800	0	1	0	2	LI_S12_C_M3_C5
0	0	11	-6	141800	141800	0	3	1	2	LI_S12_C_M3_C6
0	0	11	-7	141800	141800	1	1	2	2	LI_S12_C_M4_C7
0	0	11	-8	141800	141800	1	3	3	2	LI_S12_C_M4_C8
0	0	11	1	141800	141800	4	1	F	F	LI_S12_A_M1_A1
0	0	11	2	141800	141800	4	3	F	F	LI_S12_A_M1_A2
0	0	11	3	141800	141800	5	1	F	F	LI_S12_A_M2_A3
0	0	11	4	141800	141800	5	3	F	F	LI_S12_A_M2_A4
0	0	11	5	141800	141800	6	1	4	2	LI_S12_A_M3_A5
0	0	11	6	141800	141800	6	3	5	2	LI_S12_A_M3_A6
0	0	11	7	141800	141800	7	1	6	2	LI_S12_A_M4_A7
0	0	11	8	141800	141800	7	3	7	2	LI_S12_A_M4_A8
0	0	12	-1	141900	141900	2	1	F	F	LI_S13_C_M1_C1
0	0	12	-2	141900	141900	2	3	F	F	LI_S13_C_M1_C2
0	0	12	-3	141900	141900	3	1	F	F	LI_S13_C_M2_C3
0	0	12	-4	141900	141900	3	3	F	F	LI_S13_C_M2_C4
0	0	12	-5	141900	141900	0	1	0	2	LI_S13_C_M3_C5
0	0	12	-6	141900	141900	0	3	1	2	LI_S13_C_M3_C6
0	0	12	-7	141900	141900	1	1	2	2	LI_S13_C_M4_C7
0	0	12	-8	141900	141900	1	3	3	2	LI_S13_C_M4_C8
0	0	12	1	141900	141900	4	1	F	F	LI_S13_A_M1_A1
0	0	12	2	141900	141900	4	3	F	F	LI_S13_A_M1_A2
0	0	12	3	141900	141900	5	1	F	F	LI_S13_A_M2_A3
0	0	12	4	141900	141900	5	3	F	F	LI_S13_A_M2_A4
0	0	12	5	141900	141900	6	1	4	2	LI_S13_A_M3_A5
0	0	12	6	141900	141900	6	3	5	2	LI_S13_A_M3_A6
0	0	12	7	141900	141900	7	1	6	2	LI_S13_A_M4_A7
0	0	12	8	141900	141900	7	3	7	2	LI_S13_A_M4_A8
0	0	13	-1	142000	142000	2	1	F	F	LI_S14_C_M1_C1
0	0	13	-2	142000	142000	2	3	F	F	LI_S14_C_M1_C2
0	0	13	-3	142000	142000	3	1	F	F	LI_S14_C_M2_C3
0	0	13	-4	142000	142000	3	3	F	F	LI_S14_C_M2_C4
0	0	13	-5	142000	142000	0	1	0	2	LI_S14_C_M3_C5
0	0	13	-6	142000	142000	0	3	1	2	LI_S14_C_M3_C6
0	0	13	-7	142000	142000	1	1	2	2	LI_S14_C_M4_C7
0	0	13	-8	142000	142000	1	3	3	2	LI_S14_C_M4_C8
0	0	13	1	142000	142000	4	1	F	F	LI_S14_A_M1_A1
0	0	13	2	142000	142000	4	3	F	F	LI_S14_A_M1_A2
0	0	13	3	142000	142000	5	1	F	F	LI_S14_A_M2_A3
0	0	13	4	142000	142000	5	3	F	F	LI_S14_A_M2_A4
0	0	13	5	142000	142000	6	1	4	2	LI_S14_A_M3_A5
0	0	13	6	142000	142000	6	3	5	2	LI_S14_A_M3_A6
0	0	13	7	142000	142000	7	1	6	2	LI_S14_A_M4_A7
0	0	13	8	142000	142000	7	3	7	2	LI_S14_A_M4_A8
0	3	20	0	112405	112405	0	1	0	2	L2_B11_S2_A7_M0
0	3	20	1	112405	112405	0	2	1	0	L2_B11_S2_A7_M1A
0	3	20	2	112405	112405	0	3	1	2	L2_B11_S2_A7_M2A
0	3	20	3	112405	112405	1	0	2	0	L2_B11_S2_A7_M3A
0	3	20	4	112405	112405	1	1	2	2	L2_B11_S2_A7_M4A
0	3	20	5	112405	112405	1	2	3	0	L2_B11_S2_A7_M5A
0	3	20	6	112405	112405	1	3	3	2	L2_B11_S2_A7_M6A
0	3	19	6	112405	112405	2	1	F	F	L2_B11_S1_A6_M6A
0	3	19	5	112405	112405	2	2	F	F	L2_B11_S1_A6_M5A
0	3	19	4	112405	112405	2	3	F	F	L2_B11_S1_A6_M4A
0	3	19	3	112405	112405	3	0	F	F	L2_B11_S1_A6_M3A
0	3	19	2	112405	112405	3	1	F	F	L2_B11_S1_A6_M2A
0	3	19	1	112405	112405	3	2	F	F	L2_B11_S1_A6_M1A
0	3	22	0	112405	112405	4	1	F	F	L2_B12_S2_A7_M0
0	3	22	1	112405	112405	4	2	F	F	L2_B12_S2_A7_M1A
0	3	22	2	112405	112405	4	3	F	F	L2_B12_S2_A7_M2A
0	3	22	3	112405	112405	5	0	F	F	L2_B12_S2_A7_M3A
0	3	22	4	112405	112405	5	1	F	F	L2_B12_S2_A7_M4A
0	3	22	5	112405	112405	5	2	F	F	L2_B12_S2_A7_M5A
0	3	22	6	112405	112405	5	3	F	F	L2_B12_S2_A7_M6A
0	3	21	6	112405	112405	6	1	4	2	L2_B12_S1_A6_M6A
0	3	21	5	112405	112405	6	2	5	0	L2_B12_S1_A6_M5A
0	3	21	4	112405	112405	6	3	5	2	L2_B12_S1_A6_M4A
0	3	21	3	112405	112405	7	0	6	0	L2_B12_S1_A6_M3A
0	3	21	2	112405	112405	7	1	6	2	L2_B12_S1_A6_M2A
0	3	21	1	112405	112405	7	2	7	0	L2_B12_S1_A6_M1A
0	3	20	-6	112406	112406	0	1	0	2	L2_B11_S2_C6_M6C
0	3	20	-5	112406	112406	0	2	1	0	L2_B11_S2_C6_M5C
0	3	20	-4	112406	112406	0	3	1	2	L2_B11_S2_C6_M4C
0	3	20	-3	112406	112406	1	0	2	0	L2_B11_S2_C6_M3C
0	3	20	-2	112406	112406	1	1	2	2	L2_B11_S2_C6_M2C
0	3	20	-1	112406	112406	1	2	3	0	L2_B11_S2_C6_M1C
0	3	19	0	112406	112406	2	1	F	F	L2_B11_S1_C7_M0
0	3	19	-1	112406	112406	2	2	F	F	L2_B11_S1_C7_M1C
0	3	19	-2	112406	112406	2	3	F	F	L2_B11_S1_C7_M2C
0	3	19	-3	112406	112406	3	0	F	F	L2_B11_S1_C7_M3C
0	3	19	-4	112406	112406	3	1	F	F	L2_B11_S1_C7_M4C
0	3	19	-5	112406	112406	3	2	F	F	L2_B11_S1_C7_M5C
0	3	19	-6	112406	112406	3	3	F	F	L2_B11_S1_C7_M6C
0	3	22	-6	112406	112406	4	1	F	F	L2_B12_S2_C6_M6C
0	3	22	-5	112406	112406	4	2	F	F	L2_B12_S2_C6_M5C
0	3	22	-4	112406	112406	4	3	F	F	L2_B12_S2_C6_M4C
0	3	22	-3	112406	112406	5	0	F	F	L2_B12_S2_C6_M3C
0	3	22	-2	112406	112406	5	1	F	F	L2_B12_S2_C6_M2C
0	3	22	-1	112406	112406	5	2	F	F	L2_B12_S2_C6_M1C
0	3	21	0	112406	112406	6	1	4	2	L2_B12_S1_C7_M0
0	3	21	-1	112406	112406	6	2	5	0	L2_B12_S1_C7_M1C
0	3	21	-2	112406	112406	6	3	5	2	L2_B12_S1_C7_M2C
0	3	21	-3	112406	112406	7	0	6	0	L2_B12_S1_C7_M3C
0	3	21	-4	112406	112406	7	1	6	2	L2_B12_S1_C7_M4C
0	3	21	-5	112406	112406	7	2	7	0	L2_B12_S1_C7_M5C
0	3	21	-6	112406	112406	7	3	7	2	L2_B12_S1_C7_M6C
0	3	26	0	112407	112407	0	1	0	2	L2_B14_S2_A7_M0
0	3	26	1	112407	112407	0	2	1	0	L2_B14_S2_A7_M1A
0	3	26	2	112407	112407	0	3	1	2	L2_B14_S2_A7_M2A
0	3	26	3	112407	112407	1	0	2	0	L2_B14_S2_A7_M3A
0	3	26	4	112407	112407	1	1	2	2	L2_B14_S2_A7_M4A
0	3	26	5	112407	112407	1	2	3	0	L2_B14_S2_A7_M5A
0	3	26	6	112407	112407	1	3	3	2	L2_B14_S2_A7_M6A
0	3	25	6	112407	112407	2	1	F	F	L2_B14_S1_A6_M6A
0	3	25	5	112407	112407	2	2	F	F	L2_B14_S1_A6_M5A
0	3	25	4	112407	112407	2	3	F	F	L2_B14_S1_A6_M4A
0	3	25	3	112407	112407	3	0	F	F	L2_B14_S1_A6_M3A
0	3	25	2	112407	112407	3	1	F	F	L2_B14_S1_A6_M2A
0	3	25	1	112407	112407	3	2	F	F	L2_B14_S1_A6_M1A
0	3	24	0	112407	112407	4	1	F	F	L2_B13_S2_A7_M0
0	3	24	1	112407	112407	4	2	F	F	L2_B13_S2_A7_M1A
0	3	24	2	112407	112407	4	3	F	F	L2_B13_S2_A7_M2A
0	3	24	3	112407	112407	5	0	F	F	L2_B13_S2_A7_M3A
0	3	24	4	112407	112407	5	1	F	F	L2_B13_S2_A7_M4A
0	3	24	5	112407	112407	5	2	F	F	L2_B13_S2_A7_M5A
0	3	24	6	112407	112407	5	3	F	F	L2_B13_S2_A7_M6A
0	3	23	6	112407	112407	6	1	4	2	L2_B13_S1_A6_M6A
0	3	23	5	112407	112407	6	2	5	0	L2_B13_S1_A6_M5A
0	3	23	4	112407	112407	6	3	5	2	L2_B13_S1_A6_M4A
0	3	23	3	112407	112407	7	0	6	0	L2_B13_S1_A6_M3A
0	3	23	2	112407	112407	7	1	6	2	L2_B13_S1_A6_M2A
0	3	23	1	112407	112407	7	2	7	0	L2_B13_S1_A6_M1A
0	3	26	-6	112408	112408	0	1	0	2	L2_B14_S2_C6_M6C
0	3	26	-5	112408	112408	0	2	1	0	L2_B14_S2_C6_M5C
0	3	26	-4	112408	112408	0	3	1	2	L2_B14_S2_C6_M4C
0	3	26	-3	112408	112408	1	0	2	0	L2_B14_S2_C6_M3C
0	3	26	-2	112408	112408	1	1	2	2	L2_B14_S2_C6_M2C
0	3	26	-1	112408	112408	1	2	3	0	L2_B14_S2_C6_M1C
0	3	25	0	112408	112408	2	1	F	F	L2_B14_S1_C7_M0
0	3	25	-1	112408	112408	2	2	F	F	L2_B14_S1_C7_M1C
0	3	25	-2	112408	112408	2	3	F	F	L2_B14_S1_C7_M2C
0	3	25	-3	112408	112408	3	0	F	F	L2_B14_S1_C7_M3C
0	3	25	-4	112408	112408	3	1	F	F	L2_B14_S1_C7_M4C
0	3	25	-5	112408	112408	3	2	F	F	L2_B14_S1_C7_M5C
0	3	25	-6	112408	112408	3	3	F	F	L2_B14_S1_C7_M6C
0	3	24	-6	112408	112408	4	1	F	F	L2_B13_S2_C6_M6C
0	3	24	-5	112408	112408	4	2	F	F	L2_B13_S2_C6_M5C
0	3	24	-4	112408	112408	4	3	F	F	L2_B13_S2_C6_M4C
0	3	24	-3	112408	112408	5	0	F	F	L2_B13_S2_C6_M3C
0	3	24	-2	112408	112408	5	1	F	F	L2_B13_S2_C6_M2C
0	3	24	-1	112408	112408	5	2	F	F	L2_B13_S2_C6_M1C
0	3	23	0	112408	112408	6	1	4	2	L2_B13_S1_C7_M0
0	3	23	-1	112408	112408	6	2	5	0	L2_B13_S1_C7_M1C
0	3	23	-2	112408	112408	6	3	5	2	L2_B13_S1_C7_M2C
0	3	23	-3	112408	112408	7	0	6	0	L2_B13_S1_C7_M3C
0	3	23	-4	112408	112408	7	1	6	2	L2_B13_S1_C7_M4C
0	3	23	-5	112408	112408	7	2	7	0	L2_B13_S1_C7_M5C
0	3	23	-6	112408	112408	7	3	7	2	L2_B13_S1_C7_M6C
0	3	30	0	112409	112409	0	1	0	2	L2_B16_S2_A7_M0
0	3	30	1	112409	112409	0	2	1	0	L2_B16_S2_A7_M1A
0	3	30	2	112409	112409	0	3	1	2	L2_B16_S2_A7_M2A
0	3	30	3	112409	112409	1	0	2	0	L2_B16_S2_A7_M3A
0	3	30	4	112409	112409	1	1	2	2	L2_B16_S2_A7_M4A
0	3	30	5	112409	112409	1	2	3	0	L2_B16_S2_A7_M5A
0	3	30	6	112409	112409	1	3	3	2	L2_B16_S2_A7_M6A
0	3	29	6	112409	112409	2	1	F	F	L2_B16_S1_A6_M6A
0	3	29	5	112409	112409	2	2	F	F	L2_B16_S1_A6_M5A
0	3	29	4	112409	112409	2	3	F	F	L2_B16_S1_A6_M4A
0	3	29	3	112409	112409	3	0	F	F	L2_B16_S1_A6_M3A
0	3	29	2	112409	112409	3	1	F	F	L2_B16_S1_A6_M2A
0	3	29	1	112409	112409	3	2	F	F	L2_B16_S1_A6_M1A
0	3	28	0	112409	112409	4	1	F	F	L2_B15_S2_A7_M0
0	3	28	1	112409	112409	4	2	F	F	L2_B15_S2_A7_M1A
0	3	28	2	112409	112409	4	3	F	F	L2_B15_S2_A7_M2A
0	3	28	3	112409	112409	5	0	F	F	L2_B15_S2_A7_M3A
0	3	28	4	112409	112409	5	1	F	F	L2_B15_S2_A7_M4A
0	3	28	5	112409	112409	5	2	F	F	L2_B15_S2_A7_M5A
0	3	28	6	112409	112409	5	3	F	F	L2_B15_S2_A7_M6A
0	3	27	6	112409	112409	6	1	4	2	L2_B15_S1_A6_M6A
0	3	27	5	112409	112409	6	2	5	0	L2_B15_S1_A6_M5A
0	3	27	4	112409	112409	6	3	5	2	L2_B15_S1_A6_M4A
0	3	27	3	112409	112409	7	0	6	0	L2_B15_S1_A6_M3A
0	3	27	2	112409	112409	7	1	6	2	L2_B15_S1_A6_M2A
0	3	27	1	112409	112409	7	2	7	0	L2_B15_S1_A6_M1A
0	3	30	-6	112410	112410	0	1	0	2	L2_B16_S2_C6_M6C
0	3	30	-5	112410	112410	0	2	1	0	L2_B16_S2_C6_M5C
0	3	30	-4	112410	112410	0	3	1	2	L2_B16_S2_C6_M4C
0	3	30	-3	112410	112410	1	0	2	0	L2_B16_S2_C6_M3C
0	3	30	-2	112410	112410	1	1	2	2	L2_B16_S2_C6_M2C
0	3	30	-1	112410	112410	1	2	3	0	L2_B16_S2_C6_M1C
0	3	29	0	112410	112410	2	1	F	F	L2_B16_S1_C7_M0
0	3	29	-1	112410	112410	2	2	F	F	L2_B16_S1_C7_M1C
0	3	29	-2	112410	112410	2	3	F	F	L2_B16_S1_C7_M2C
0	3	29	-3	112410	112410	3	0	F	F	L2_B16_S1_C7_M3C
0	3	29	-4	112410	112410	3	1	F	F	L2_B16_S1_C7_M4C
0	3	29	-5	112410	112410	3	2	F	F	L2_B16_S1_C7_M5C
0	3	29	-6	112410	112410	3	3	F	F	L2_B16_S1_C7_M6C
0	3	28	-6	112410	112410	4	1	F	F	L2_B15_S2_C6_M6C
0	3	28	-5	112410	112410	4	2	F	F	L2_B15_S2_C6_M5C
0	3	28	-4	112410	112410	4	3	F	F	L2_B15_S2_C6_M4C
0	3	28	-3	112410	112410	5	0	F	F	L2_B15_S2_C6_M3C
0	3	28	-2	112410	112410	5	1	F	F	L2_B15_S2_C6_M2C
0	3	28	-1	112410	112410	5	2	F	F	L2_B15_S2_C6_M1C
0	3	27	0	112410	112410	6	1	4	2	L2_B15_S1_C7_M0
0	3	27	-1	112410	112410	6	2	5	0	L2_B15_S1_C7_M1C
0	3	27	-2	112410	112410	6	3	5	2	L2_B15_S1_C7_M2C
0	3	27	-3	112410	112410	7	0	6	0	L2_B15_S1_C7_M3C
0	3	27	-4	112410	112410	7	1	6	2	L2_B15_S1_C7_M4C
0	3	27	-5	112410	112410	7	2	7	0	L2_B15_S1_C7_M5C
0	3	27	-6	112410	112410	7	3	7	2	L2_B15_S1_C7_M6C
0	3	34	0	112411	112411	0	1	0	2	L2_B18_S2_A7_M0
0	3	34	1	112411	112411	0	2	1	0	L2_B18_S2_A7_M1A
0	3	34	2	112411	112411	0	3	1	2	L2_B18_S2_A7_M2A
0	3	34	3	112411	112411	1	0	2	0	L2_B18_S2_A7_M3A
0	3	34	4	112411	112411	1	1	2	2	L2_B18_S2_A7_M4A
0	3	34	5	112411	112411	1	2	3	0	L2_B18_S2_A7_M5A
0	3	34	6	112411	112411	1	3	3	2	L2_B18_S2_A7_M6A
0	3	33	6	112411	112411	2	1	F	F	L2_B18_S1_A6_M6A
0	3	33	5	112411	112411	2	2	F	F	L2_B18_S1_A6_M5A
0	3	33	4	112411	112411	2	3	F	F	L2_B18_S1_A6_M4A
0	3	33	3	112411	112411	3	0	F	F	L2_B18_S1_A6_M3A
0	3	33	2	112411	112411	3	1	F	F	L2_B18_S1_A6_M2A
0	3	33	1	112411	112411	3	2	F	F	L2_B18_S1_A6_M1A
0	3	32	0	112411	112411	4	1	F	F	L2_B17_S2_A7_M0
0	3	32	1	112411	112411	4	2	F	F	L2_B17_S2_A7_M1A
0	3	32	2	112411	112411	4	3	F	F	L2_B17_S2_A7_M2A
0	3	32	3	112411	112411	5	0	F	F	L2_B17_S2_A7_M3A
0	3	32	4	112411	112411	5	1	F	F	L2_B17_S2_A7_M4A
0	3	32	5	112411	112411	5	2	F	F	L2_B17_S2_A7_M5A
0	3	32	6	112411	112411	5	3	F	F	L2_B17_S2_A7_M6A
0	3	31	6	112411	112411	6	1	4	2	L2_B17_S1_A6_M6A
0	3	31	5	112411	112411	6	2	5	0	L2_B17_S1_A6_M5A
0	3	31	4	112411	112411	6	3	5	2	L2_B17_S1_A6_M4A
0	3	31	3	112411	112411	7	0	6	0	L2_B17_S1_A6_M3A
0	3	31	2	112411	112411	7	1	6	2	L2_B17_S1_A6_M2A
0	3	31	1	112411	112411	7	2	7	0	L2_B17_S1_A6_M1A
0	3	34	-6	112412	112412	0	1	0	2	L2_B18_S2_C6_M6C
0	3	34	-5	112412	112412	0	2	1	0	L2_B18_S2_C6_M5C
0	3	34	-4	112412	112412	0	3	1	2	L2_B18_S2_C6_M4C
0	3	34	-3	112412	112412	1	0	2	0	L2_B18_S2_C6_M3C
0	3	34	-2	112412	112412	1	1	2	2	L2_B18_S2_C6_M2C
0	3	34	-1	112412	112412	1	2	3	0	L2_B18_S2_C6_M1C
0	3	33	0	112412	112412	2	1	F	F	L2_B18_S1_C7_M0
0	3	33	-1	112412	112412	2	2	F	F	L2_B18_S1_C7_M1C
0	3	33	-2	112412	112412	2	3	F	F	L2_B18_S1_C7_M2C
0	3	33	-3	112412	112412	3	0	F	F	L2_B18_S1_C7_M3C
0	3	33	-4	112412	112412	3	1	F	F	L2_B18_S1_C7_M4C
0	3	33	-5	112412	112412	3	2	F	F	L2_B18_S1_C7_M5C
0	3	33	-6	112412	112412	3	3	F	F	L2_B18_S1_C7_M6C
0	3	32	-6	112412	112412	4	1	F	F	L2_B17_S2_C6_M6C
0	3	32	-5	112412	112412	4	2	F	F	L2_B17_S2_C6_M5C
0	3	32	-4	112412	112412	4	3	F	F	L2_B17_S2_C6_M4C
0	3	32	-3	112412	112412	5	0	F	F	L2_B17_S2_C6_M3C
0	3	32	-2	112412	112412	5	1	F	F	L2_B17_S2_C6_M2C
0	3	32	-1	112412	112412	5	2	F	F	L2_B17_S2_C6_M1C
0	3	31	0	112412	112412	6	1	4	2	L2_B17_S1_C7_M0
0	3	31	-1	112412	112412	6	2	5	0	L2_B17_S1_C7_M1C
0	3	31	-2	112412	112412	6	3	5	2	L2_B17_S1_C7_M2C
0	3	31	-3	112412	112412	7	0	6	0	L2_B17_S1_C7_M3C
0	3	31	-4	112412	112412	7	1	6	2	L2_B17_S1_C7_M4C
0	3	31	-5	112412	112412	7	2	7	0	L2_B17_S1_C7_M5C
0	3	31	-6	112412	112412	7	3	7	2	L2_B17_S1_C7_M6C
0	3	38	0	112414	112414	0	1	0	2	L2_B20_S2_A7_M0
0	3	38	1	112414	112414	0	2	1	0	L2_B20_S2_A7_M1A
0	3	38	2	112414	112414	0	3	1	2	L2_B20_S2_A7_M2A
0	3	38	3	112414	112414	1	0	2	0	L2_B20_S2_A7_M3A
0	3	38	4	112414	112414	1	1	2	2	L2_B20_S2_A7_M4A
0	3	38	5	112414	112414	1	2	3	0	L2_B20_S2_A7_M5A
0	3	38	6	112414	112414	1	3	3	2	L2_B20_S2_A7_M6A
0	3	37	6	112414	112414	2	1	F	F	L2_B20_S1_A6_M6A
0	3	37	5	112414	112414	2	2	F	F	L2_B20_S1_A6_M5A
0	3	37	4	112414	112414	2	3	F	F	L2_B20_S1_A6_M4A
0	3	37	3	112414	112414	3	0	F	F	L2_B20_S1_A6_M3A
0	3	37	2	112414	112414	3	1	F	F	L2_B20_S1_A6_M2A
0	3	37	1	112414	112414	3	2	F	F	L2_B20_S1_A6_M1A
0	3	36	0	112414	112414	4	1	F	F	L2_B19_S2_A7_M0
0	3	36	1	112414	112414	4	2	F	F	L2_B19_S2_A7_M1A
0	3	36	2	112414	112414	4	3	F	F	L2_B19_S2_A7_M2A
0	3	36	3	112414	112414	5	0	F	F	L2_B19_S2_A7_M3A
0	3	36	4	112414	112414	5	1	F	F	L2_B19_S2_A7_M4A
0	3	36	5	112414	112414	5	2	F	F	L2_B19_S2_A7_M5A
0	3	36	6	112414	112414	5	3	F	F	L2_B19_S2_A7_M6A
0	3	35	6	112414	112414	6	1	4	2	L2_B19_S1_A6_M6A
0	3	35	5	112414	112414	6	2	5	0	L2_B19_S1_A6_M5A
0	3	35	4	112414	112414	6	3	5	2	L2_B19_S1_A6_M4A
0	3	35	3	112414	112414	7	0	6	0	L2_B19_S1_A6_M3A
0	3	35	2	112414	112414	7	1	6	2	L2_B19_S1_A6_M2A
0	3	35	1	112414	112414	7	2	7	0	L2_B19_S1_A6_M1A
0	3	38	-6	112415	112415	0	1	0	2	L2_B20_S2_C6_M6C
0	3	38	-5	112415	112415	0	2	1	0	L2_B20_S2_C6_M5C
0	3	38	-4	112415	112415	0	3	1	2	L2_B20_S2_C6_M4C
0	3	38	-3	112415	112415	1	0	2	0	L2_B20_S2_C6_M3C
0	3	38	-2	112415	112415	1	1	2	2	L2_B20_S2_C6_M2C
0	3	38	-1	112415	112415	1	2	3	0	L2_B20_S2_C6_M1C
0	3	37	0	112415	112415	2	1	F	F	L2_B20_S1_C7_M0
0	3	37	-1	112415	112415	2	2	F	F	L2_B20_S1_C7_M1C
0	3	37	-2	112415	112415	2	3	F	F	L2_B20_S1_C7_M2C
0	3	37	-3	112415	112415	3	0	F	F	L2_B20_S1_C7_M3C
0	3	37	-4	112415	112415	3	1	F	F	L2_B20_S1_C7_M4C
0	3	37	-5	112415	112415	3	2	F	F	L2_B20_S1_C7_M5C
0	3	37	-6	112415	112415	3	3	F	F	L2_B20_S1_C7_M6C
0	3	36	-6	112415	112415	4	1	F	F	L2_B19_S2_C6_M6C
0	3	36	-5	112415	112415	4	2	F	F	L2_B19_S2_C6_M5C
0	3	36	-4	112415	112415	4	3	F	F	L2_B19_S2_C6_M4C
0	3	36	-3	112415	112415	5	0	F	F	L2_B19_S2_C6_M3C
0	3	36	-2	112415	112415	5	1	F	F	L2_B19_S2_C6_M2C
0	3	36	-1	112415	112415	5	2	F	F	L2_B19_S2_C6_M1C
0	3	35	0	112415	112415	6	1	4	2	L2_B19_S1_C7_M0
0	3	35	-1	112415	112415	6	2	5	0	L2_B19_S1_C7_M1C
0	3	35	-2	112415	112415	6	3	5	2	L2_B19_S1_C7_M2C
0	3	35	-3	112415	112415	7	0	6	0	L2_B19_S1_C7_M3C
0	3	35	-4	112415	112415	7	1	6	2	L2_B19_S1_C7_M4C
0	3	35	-5	112415	112415	7	2	7	0	L2_B19_S1_C7_M5C
0	3	35	-6	112415	112415	7	3	7	2	L2_B19_S1_C7_M6C
0	3	42	0	112416	112416	0	1	0	2	L2_B22_S2_A7_M0
0	3	42	1	112416	112416	0	2	1	0	L2_B22_S2_A7_M1A
0	3	42	2	112416	112416	0	3	1	2	L2_B22_S2_A7_M2A
0	3	42	3	112416	112416	1	0	2	0	L2_B22_S2_A7_M3A
0	3	42	4	112416	112416	1	1	2	2	L2_B22_S2_A7_M4A
0	3	42	5	112416	112416	1	2	3	0	L2_B22_S2_A7_M5A
0	3	42	6	112416	112416	1	3	3	2	L2_B22_S2_A7_M6A
0	3	41	6	112416	112416	2	1	F	F	L2_B22_S1_A6_M6A
0	3	41	5	112416	112416	2	2	F	F	L2_B22_S1_A6_M5A
0	3	41	4	112416	112416	2	3	F	F	L2_B22_S1_A6_M4A
0	3	41	3	112416	112416	3	0	F	F	L2_B22_S1_A6_M3A
0	3	41	2	112416	112416	3	1	F	F	L2_B22_S1_A6_M2A
0	3	41	1	112416	112416	3	2	F	F	L2_B22_S1_A6_M1A
0	3	40	0	112416	112416	4	1	F	F	L2_B21_S2_A7_M0
0	3	40	1	112416	112416	4	2	F	F	L2_B21_S2_A7_M1A
0	3	40	2	112416	112416	4	3	F	F	L2_B21_S2_A7_M2A
0	3	40	3	112416	112416	5	0	F	F	L2_B21_S2_A7_M3A
0	3	40	4	112416	112416	5	1	F	F	L2_B21_S2_A7_M4A
0	3	40	5	112416	112416	5	2	F	F	L2_B21_S2_A7_M5A
0	3	40	6	112416	112416	5	3	F	F	L2_B21_S2_A7_M6A
0	3	39	6	112416	112416	6	1	4	2	L2_B21_S1_A6_M6A
0	3	39	5	112416	112416	6	2	5	0	L2_B21_S1_A6_M5A
0	3	39	4	112416	112416	6	3	5	2	L2_B21_S1_A6_M4A
0	3	39	3	112416	112416	7	0	6	0	L2_B21_S1_A6_M3A
0	3	39	2	112416	112416	7	1	6	2	L2_B21_S1_A6_M2A
0	3	39	1	112416	112416	7	2	7	0	L2_B21_S1_A6_M1A
0	3	42	-6	112417	112417	0	1	0	2	L2_B22_S2_C6_M6C
0	3	42	-5	112417	112417	0	2	1	0	L2_B22_S2_C6_M5C
0	3	42	-4	112417	112417	0	3	1	2	L2_B22_S2_C6_M4C
0	3	42	-3	112417	112417	1	0	2	0	L2_B22_S2_C6_M3C
0	3	42	-2	112417	112417	1	1	2	2	L2_B22_S2_C6_M2C
0	3	42	-1	112417	112417	1	2	3	0	L2_B22_S2_C6_M1C
0	3	41	0	112417	112417	2	1	F	F	L2_B22_S1_C7_M0
0	3	41	-1	112417	112417	2	2	F	F	L2_B22_S1_C7_M1C
0	3	41	-2	112417	112417	2	3	F	F	L2_B22_S1_C7_M2C
0	3	41	-3	112417	112417	3	0	F	F	L2_B22_S1_C7_M3C
0	3	41	-4	112417	112417	3	1	F	F	L2_B22_S1_C7_M4C
0	3	41	-5	112417	112417	3	2	F	F	L2_B22_S1_C7_M5C
0	3	41	-6	112417	112417	3	3	F	F	L2_B22_S1_C7_M6C
0	3	40	-6	112417	112417	4	1	F	F	L2_B21_S2_C6_M6C
0	3	40	-5	112417	112417	4	2	F	F	L2_B21_S2_C6_M5C
0	3	40	-4	112417	112417	4	3	F	F	L2_B21_S2_C6_M4C
0	3	40	-3	112417	112417	5	0	F	F	L2_B21_S2_C6_M3C
0	3	40	-2	112417	112417	5	1	F	F	L2_B21_S2_C6_M2C
0	3	40	-1	112417	112417	5	2	F	F	L2_B21_S2_C6_M1C
0	3	39	0	112417	112417	6	1	4	2	L2_B21_S1_C7_M0
0	3	39	-1	112417	112417	6	2	5	0	L2_B21_S1_C7_M1C
0	3	39	-2	112417	112417	6	3	5	2	L2_B21_S1_C7_M2C
0	3	39	-3	112417	112417	7	0	6	0	L2_B21_S1_C7_M3C
0	3	39	-4	112417	112417	7	1	6	2	L2_B21_S1_C7_M4C
0	3	39	-5	112417	112417	7	2	7	0	L2_B21_S1_C7_M5C
0	3	39	-6	112417	112417	7	3	7	2	L2_B21_S1_C7_M6C
0	3	46	0	112418	112418	0	1	0	2	L2_B24_S2_A7_M0
0	3	46	1	112418	112418	0	2	1	0	L2_B24_S2_A7_M1A
0	3	46	2	112418	112418	0	3	1	2	L2_B24_S2_A7_M2A
0	3	46	3	112418	112418	1	0	2	0	L2_B24_S2_A7_M3A
0	3	46	4	112418	112418	1	1	2	2	L2_B24_S2_A7_M4A
0	3	46	5	112418	112418	1	2	3	0	L2_B24_S2_A7_M5A
0	3	46	6	112418	112418	1	3	3	2	L2_B24_S2_A7_M6A
0	3	45	6	112418	112418	2	1	F	F	L2_B24_S1_A6_M6A
0	3	45	5	112418	112418	2	2	F	F	L2_B24_S1_A6_M5A
0	3	45	4	112418	112418	2	3	F	F	L2_B24_S1_A6_M4A
0	3	45	3	112418	112418	3	0	F	F	L2_B24_S1_A6_M3A
0	3	45	2	112418	112418	3	1	F	F	L2_B24_S1_A6_M2A
0	3	45	1	112418	112418	3	2	F	F	L2_B24_S1_A6_M1A
0	3	44	0	112418	112418	4	1	F	F	L2_B23_S2_A7_M0
0	3	44	1	112418	112418	4	2	F	F	L2_B23_S2_A7_M1A
0	3	44	2	112418	112418	4	3	F	F	L2_B23_S2_A7_M2A
0	3	44	3	112418	112418	5	0	F	F	L2_B23_S2_A7_M3A
0	3	44	4	112418	112418	5	1	F	F	L2_B23_S2_A7_M4A
0	3	44	5	112418	112418	5	2	F	F	L2_B23_S2_A7_M5A
0	3	44	6	112418	112418	5	3	F	F	L2_B23_S2_A7_M6A
0	3	43	6	112418	112418	6	1	4	2	L2_B23_S1_A6_M6A
0	3	43	5	112418	112418	6	2	5	0	L2_B23_S1_A6_M5A
0	3	43	4	112418	112418	6	3	5	2	L2_B23_S1_A6_M4A
0	3	43	3	112418	112418	7	0	6	0	L2_B23_S1_A6_M3A
0	3	43	2	112418	112418	7	1	6	2	L2_B23_S1_A6_M2A
0	3	43	1	112418	112418	7	2	7	0	L2_B23_S1_A6_M1A
0	3	46	-6	112419	112419	0	1	0	2	L2_B24_S2_C6_M6C
0	3	46	-5	112419	112419	0	2	1	0	L2_B24_S2_C6_M5C
0	3	46	-4	112419	112419	0	3	1	2	L2_B24_S2_C6_M4C
0	3	46	-3	112419	112419	1	0	2	0	L2_B24_S2_C6_M3C
0	3	46	-2	112419	112419	1	1	2	2	L2_B24_S2_C6_M2C
0	3	46	-1	112419	112419	1	2	3	0	L2_B24_S2_C6_M1C
0	3	45	0	112419	112419	2	1	F	F	L2_B24_S1_C7_M0
0	3	45	-1	112419	112419	2	2	F	F	L2_B24_S1_C7_M1C
0	3	45	-2	112419	112419	2	3	F	F	L2_B24_S1_C7_M2C
0	3	45	-3	112419	112419	3	0	F	F	L2_B24_S1_C7_M3C
0	3	45	-4	112419	112419	3	1	F	F	L2_B24_S1_C7_M4C
0	3	45	-5	112419	112419	3	2	F	F	L2_B24_S1_C7_M5C
0	3	45	-6	112419	112419	3	3	F	F	L2_B24_S1_C7_M6C
0	3	44	-6	112419	112419	4	1	F	F	L2_B23_S2_C6_M6C
0	3	44	-5	112419	112419	4	2	F	F	L2_B23_S2_C6_M5C
0	3	44	-4	112419	112419	4	3	F	F	L2_B23_S2_C6_M4C
0	3	44	-3	112419	112419	5	0	F	F	L2_B23_S2_C6_M3C
0	3	44	-2	112419	112419	5	1	F	F	L2_B23_S2_C6_M2C
0	3	44	-1	112419	112419	5	2	F	F	L2_B23_S2_C6_M1C
0	3	43	0	112419	112419	6	1	4	2	L2_B23_S1_C7_M0
0	3	43	-1	112419	112419	6	2	5	0	L2_B23_S1_C7_M1C
0	3	43	-2	112419	112419	6	3	5	2	L2_B23_S1_C7_M2C
0	3	43	-3	112419	112419	7	0	6	0	L2_B23_S1_C7_M3C
0	3	43	-4	112419	112419	7	1	6	2	L2_B23_S1_C7_M4C
0	3	43	-5	112419	112419	7	2	7	0	L2_B23_S1_C7_M5C
0	3	43	-6	112419	112419	7	3	7	2	L2_B23_S1_C7_M6C
0	3	48	0	112420	112420	0	1	0	2	L2_B25_S2_A7_M0
0	3	48	1	112420	112420	0	2	1	0	L2_B25_S2_A7_M1A
0	3	48	2	112420	112420	0	3	1	2	L2_B25_S2_A7_M2A
0	3	48	3	112420	112420	1	0	2	0	L2_B25_S2_A7_M3A
0	3	48	4	112420	112420	1	1	2	2	L2_B25_S2_A7_M4A
0	3	48	5	112420	112420	1	2	3	0	L2_B25_S2_A7_M5A
0	3	48	6	112420	112420	1	3	3	2	L2_B25_S2_A7_M6A
0	3	47	6	112420	112420	2	1	F	F	L2_B25_S1_A6_M6A
0	3	47	5	112420	112420	2	2	F	F	L2_B25_S1_A6_M5A
0	3	47	4	112420	112420	2	3	F	F	L2_B25_S1_A6_M4A
0	3	47	3	112420	112420	3	0	F	F	L2_B25_S1_A6_M3A
0	3	47	2	112420	112420	3	1	F	F	L2_B25_S1_A6_M2A
0	3	47	1	112420	112420	3	2	F	F	L2_B25_S1_A6_M1A
0	3	50	0	112420	112420	4	1	F	F	L2_B26_S2_A7_M0
0	3	50	1	112420	112420	4	2	F	F	L2_B26_S2_A7_M1A
0	3	50	2	112420	112420	4	3	F	F	L2_B26_S2_A7_M2A
0	3	50	3	112420	112420	5	0	F	F	L2_B26_S2_A7_M3A
0	3	50	4	112420	112420	5	1	F	F	L2_B26_S2_A7_M4A
0	3	50	5	112420	112420	5	2	F	F	L2_B26_S2_A7_M5A
0	3	50	6	112420	112420	5	3	F	F	L2_B26_S2_A7_M6A
0	3	49	6	112420	112420	6	1	4	2	L2_B26_S1_A6_M6A
0	3	49	5	112420	112420	6	2	5	0	L2_B26_S1_A6_M5A
0	3	49	4	112420	112420	6	3	5	2	L2_B26_S1_A6_M4A
0	3	49	3	112420	112420	7	0	6	0	L2_B26_S1_A6_M3A
0	3	49	2	112420	112420	7	1	6	2	L2_B26_S1_A6_M2A
0	3	49	1	112420	112420	7	2	7	0	L2_B26_S1_A6_M1A
0	3	48	-6	112421	112421	0	1	0	2	L2_B25_S2_C6_M6C
0	3	48	-5	112421	112421	0	2	1	0	L2_B25_S2_C6_M5C
0	3	48	-4	112421	112421	0	3	1	2	L2_B25_S2_C6_M4C
0	3	48	-3	112421	112421	1	0	2	0	L2_B25_S2_C6_M3C
0	3	48	-2	112421	112421	1	1	2	2	L2_B25_S2_C6_M2C
0	3	48	-1	112421	112421	1	2	3	0	L2_B25_S2_C6_M1C
0	3	49	0	112421	112421	2	1	F	F	L2_B26_S1_C7_M0
0	3	49	-1	112421	112421	2	2	F	F	L2_B26_S1_C7_M1C
0	3	49	-2	112421	112421	2	3	F	F	L2_B26_S1_C7_M2C
0	3	49	-3	112421	112421	3	0	F	F	L2_B26_S1_C7_M3C
0	3	49	-4	112421	112421	3	1	F	F	L2_B26_S1_C7_M4C
0	3	49	-5	112421	112421	3	2	F	F	L2_B26_S1_C7_M5C
0	3	49	-6	112421	112421	3	3	F	F	L2_B26_S1_C7_M6C
0	3	50	-6	112421	112421	4	1	F	F	L2_B26_S2_C6_M6C
0	3	50	-5	112421	112421	4	2	F	F	L2_B26_S2_C6_M5C
0	3	50	-4	112421	112421	4	3	F	F	L2_B26_S2_C6_M4C
0	3	50	-3	112421	112421	5	0	F	F	L2_B26_S2_C6_M3C
0	3	50	-2	112421	112421	5	1	F	F	L2_B26_S2_C6_M2C
0	3	50	-1	112421	112421	5	2	F	F	L2_B26_S2_C6_M1C
0	3	47	0	112421	112421	6	1	4	2	L2_B25_S1_C7_M0
0	3	47	-1	112421	112421	6	2	5	0	L2_B25_S1_C7_M1C
0	3	47	-2	112421	112421	6	3	5	2	L2_B25_S1_C7_M2C
0	3	47	-3	112421	112421	7	0	6	0	L2_B25_S1_C7_M3C
0	3	47	-4	112421	112421	7	1	6	2	L2_B25_S1_C7_M4C
0	3	47	-5	112421	112421	7	2	7	0	L2_B25_S1_C7_M5C
0	3	47	-6	112421	112421	7	3	7	2	L2_B25_S1_C7_M6C
0	2	21	-1	112505	112505	0	2	1	0	L1_B11_S2_C6_M1C
0	2	21	-2	112505	112505	0	3	1	2	L1_B11_S2_C6_M2C
0	2	21	-3	112505	112505	1	0	2	0	L1_B11_S2_C6_M3C
0	2	21	-4	112505	112505	1	1	2	2	L1_B11_S2_C6_M4C
0	2	21	-5	112505	112505	1	2	3	0	L1_B11_S2_C6_M5C
0	2	21	-6	112505	112505	1	3	3	2	L1_B11_S2_C6_M6C
0	2	20	0	112505	112505	6	1	4	2	L1_B11_S1_C7_M0
0	2	20	-1	112505	112505	6	2	5	0	L1_B11_S1_C7_M1C
0	2	20	-2	112505	112505	6	3	5	2	L1_B11_S1_C7_M2C
0	2	20	-3	112505	112505	7	0	6	0	L1_B11_S1_C7_M3C
0	2	20	-4	112505	112505	7	1	6	2	L1_B11_S1_C7_M4C
0	2	20	-5	112505	112505	7	2	7	0	L1_B11_S1_C7_M5C
0	2	20	-6	112505	112505	7	3	7	2	L1_B11_S1_C7_M6C
0	2	21	0	112506	112506	0	1	0	2	L1_B11_S2_A7_M0
0	2	21	1	112506	112506	0	2	1	0	L1_B11_S2_A7_M1A
0	2	21	2	112506	112506	0	3	1	2	L1_B11_S2_A7_M2A
0	2	21	3	112506	112506	1	0	2	0	L1_B11_S2_A7_M3A
0	2	21	4	112506	112506	1	1	2	2	L1_B11_S2_A7_M4A
0	2	21	5	112506	112506	1	2	3	0	L1_B11_S2_A7_M5A
0	2	21	6	112506	112506	1	3	3	2	L1_B11_S2_A7_M6A
0	2	20	1	112506	112506	6	2	5	0	L1_B11_S1_A6_M1A
0	2	20	2	112506	112506	6	3	5	2	L1_B11_S1_A6_M2A
0	2	20	3	112506	112506	7	0	6	0	L1_B11_S1_A6_M3A
0	2	20	4	112506	112506	7	1	6	2	L1_B11_S1_A6_M4A
0	2	20	5	112506	112506	7	2	7	0	L1_B11_S1_A6_M5A
0	2	20	6	112506	112506	7	3	7	2	L1_B11_S1_A6_M6A
0	2	27	-1	112507	112507	0	2	1	0	L1_B14_S2_C6_M1C
0	2	27	-2	112507	112507	0	3	1	2	L1_B14_S2_C6_M2C
0	2	27	-3	112507	112507	1	0	2	0	L1_B14_S2_C6_M3C
0	2	27	-4	112507	112507	1	1	2	2	L1_B14_S2_C6_M4C
0	2	27	-5	112507	112507	1	2	3	0	L1_B14_S2_C6_M5C
0	2	27	-6	112507	112507	1	3	3	2	L1_B14_S2_C6_M6C
0	2	26	0	112507	112507	6	1	4	2	L1_B14_S1_C7_M0
0	2	26	-1	112507	112507	6	2	5	0	L1_B14_S1_C7_M1C
0	2	26	-2	112507	112507	6	3	5	2	L1_B14_S1_C7_M2C
0	2	26	-3	112507	112507	7	0	6	0	L1_B14_S1_C7_M3C
0	2	26	-4	112507	112507	7	1	6	2	L1_B14_S1_C7_M4C
0	2	26	-5	112507	112507	7	2	7	0	L1_B14_S1_C7_M5C
0	2	26	-6	112507	112507	7	3	7	2	L1_B14_S1_C7_M6C
0	2	27	0	112508	112508	0	1	0	2	L1_B14_S2_A7_M0
0	2	27	1	112508	112508	0	2	1	0	L1_B14_S2_A7_M1A
0	2	27	2	112508	112508	0	3	1	2	L1_B14_S2_A7_M2A
0	2	27	3	112508	112508	1	0	2	0	L1_B14_S2_A7_M3A
0	2	27	4	112508	112508	1	1	2	2	L1_B14_S2_A7_M4A
0	2	27	5	112508	112508	1	2	3	0	L1_B14_S2_A7_M5A
0	2	27	6	112508	112508	1	3	3	2	L1_B14_S2_A7_M6A
0	2	26	1	112508	112508	6	2	5	0	L1_B14_S1_A6_M1A
0	2	26	2	112508	112508	6	3	5	2	L1_B14_S1_A6_M2A
0	2	26	3	112508	112508	7	0	6	0	L1_B14_S1_A6_M3A
0	2	26	4	112508	112508	7	1	6	2	L1_B14_S1_A6_M4A
0	2	26	5	112508	112508	7	2	7	0	L1_B14_S1_A6_M5A
0	2	26	6	112508	112508	7	3	7	2	L1_B14_S1_A6_M6A
0	2	19	-1	112509	112509	0	2	1	0	L1_B10_S2_C6_M1C
0	2	19	-2	112509	112509	0	3	1	2	L1_B10_S2_C6_M2C
0	2	19	-3	112509	112509	1	0	2	0	L1_B10_S2_C6_M3C
0	2	19	-4	112509	112509	1	1	2	2	L1_B10_S2_C6_M4C
0	2	19	-5	112509	112509	1	2	3	0	L1_B10_S2_C6_M5C
0	2	19	-6	112509	112509	1	3	3	2	L1_B10_S2_C6_M6C
0	2	28	0	112509	112509	6	1	4	2	L1_B15_S1_C7_M0
0	2	28	-1	112509	112509	6	2	5	0	L1_B15_S1_C7_M1C
0	2	28	-2	112509	112509	6	3	5	2	L1_B15_S1_C7_M2C
0	2	28	-3	112509	112509	7	0	6	0	L1_B15_S1_C7_M3C
0	2	28	-4	112509	112509	7	1	6	2	L1_B15_S1_C7_M4C
0	2	28	-5	112509	112509	7	2	7	0	L1_B15_S1_C7_M5C
0	2	28	-6	112509	112509	7	3	7	2	L1_B15_S1_C7_M6C
0	2	19	0	112510	112510	0	1	0	2	L1_B10_S2_A7_M0
0	2	19	1	112510	112510	0	2	1	0	L1_B10_S2_A7_M1A
0	2	19	2	112510	112510	0	3	1	2	L1_B10_S2_A7_M2A
0	2	19	3	112510	112510	1	0	2	0	L1_B10_S2_A7_M3A
0	2	19	4	112510	112510	1	1	2	2	L1_B10_S2_A7_M4A
0	2	19	5	112510	112510	1	2	3	0	L1_B10_S2_A7_M5A
0	2	19	6	112510	112510	1	3	3	2	L1_B10_S2_A7_M6A
0	2	28	1	112510	112510	6	2	5	0	L1_B15_S1_A6_M1A
0	2	28	2	112510	112510	6	3	5	2	L1_B15_S1_A6_M2A
0	2	28	3	112510	112510	7	0	6	0	L1_B15_S1_A6_M3A
0	2	28	4	112510	112510	7	1	6	2	L1_B15_S1_A6_M4A
0	2	28	5	112510	112510	7	2	7	0	L1_B15_S1_A6_M5A
0	2	28	6	112510	112510	7	3	7	2	L1_B15_S1_A6_M6A
0	3	0	0	112511	112511	0	1	0	2	L2_B01_S2_A7_M0
0	3	0	1	112511	112511	0	2	1	0	L2_B01_S2_A7_M1A
0	3	0	2	112511	112511	0	3	1	2	L2_B01_S2_A7_M2A
0	3	0	3	112511	112511	1	0	2	0	L2_B01_S2_A7_M3A
0	3	0	4	112511	112511	1	1	2	2	L2_B01_S2_A7_M4A
0	3	0	5	112511	112511	1	2	3	0	L2_B01_S2_A7_M5A
0	3	0	6	112511	112511	1	3	3	2	L2_B01_S2_A7_M6A
0	3	51	6	112511	112511	2	1	F	F	L2_B01_S1_A6_M6A
0	3	51	5	112511	112511	2	2	F	F	L2_B01_S1_A6_M5A
0	3	51	4	112511	112511	2	3	F	F	L2_B01_S1_A6_M4A
0	3	51	3	112511	112511	3	0	F	F	L2_B01_S1_A6_M3A
0	3	51	2	112511	112511	3	1	F	F	L2_B01_S1_A6_M2A
0	3	51	1	112511	112511	3	2	F	F	L2_B01_S1_A6_M1A
0	3	2	0	112511	112511	4	1	F	F	L2_B02_S2_A7_M0
0	3	2	1	112511	112511	4	2	F	F	L2_B02_S2_A7_M1A
0	3	2	2	112511	112511	4	3	F	F	L2_B02_S2_A7_M2A
0	3	2	3	112511	112511	5	0	F	F	L2_B02_S2_A7_M3A
0	3	2	4	112511	112511	5	1	F	F	L2_B02_S2_A7_M4A
0	3	2	5	112511	112511	5	2	F	F	L2_B02_S2_A7_M5A
0	3	2	6	112511	112511	5	3	F	F	L2_B02_S2_A7_M6A
0	3	1	6	112511	112511	6	1	4	2	L2_B02_S1_A6_M6A
0	3	1	5	112511	112511	6	2	5	0	L2_B02_S1_A6_M5A
0	3	1	4	112511	112511	6	3	5	2	L2_B02_S1_A6_M4A
0	3	1	3	112511	112511	7	0	6	0	L2_B02_S1_A6_M3A
0	3	1	2	112511	112511	7	1	6	2	L2_B02_S1_A6_M2A
0	3	1	1	112511	112511	7	2	7	0	L2_B02_S1_A6_M1A
0	3	0	-6	112512	112512	0	1	0	2	L2_B01_S2_C6_M6C
0	3	0	-5	112512	112512	0	2	1	0	L2_B01_S2_C6_M5C
0	3	0	-4	112512	112512	0	3	1	2	L2_B01_S2_C6_M4C
0	3	0	-3	112512	112512	1	0	2	0	L2_B01_S2_C6_M3C
0	3	0	-2	112512	112512	1	1	2	2	L2_B01_S2_C6_M2C
0	3	0	-1	112512	112512	1	2	3	0	L2_B01_S2_C6_M1C
0	3	51	0	112512	112512	2	1	F	F	L2_B01_S1_C7_M0
0	3	51	-1	112512	112512	2	2	F	F	L2_B01_S1_C7_M1C
0	3	51	-2	112512	112512	2	3	F	F	L2_B01_S1_C7_M2C
0	3	51	-3	112512	112512	3	0	F	F	L2_B01_S1_C7_M3C
0	3	51	-4	112512	112512	3	1	F	F	L2_B01_S1_C7_M4C
0	3	51	-5	112512	112512	3	2	F	F	L2_B01_S1_C7_M5C
0	3	51	-6	112512	112512	3	3	F	F	L2_B01_S1_C7_M6C
0	3	2	-6	112512	112512	4	1	F	F	L2_B02_S2_C6_M6C
0	3	2	-5	112512	112512	4	2	F	F	L2_B02_S2_C6_M5C
0	3	2	-4	112512	112512	4	3	F	F	L2_B02_S2_C6_M4C
0	3	2	-3	112512	112512	5	0	F	F	L2_B02_S2_C6_M3C
0	3	2	-2	112512	112512	5	1	F	F	L2_B02_S2_C6_M2C
0	3	2	-1	112512	112512	5	2	F	F	L2_B02_S2_C6_M1C
0	3	1	0	112512	112512	6	1	4	2	L2_B02_S1_C7_M0
0	3	1	-1	112512	112512	6	2	5	0	L2_B02_S1_C7_M1C
0	3	1	-2	112512	112512	6	3	5	2	L2_B02_S1_C7_M2C
0	3	1	-3	112512	112512	7	0	6	0	L2_B02_S1_C7_M3C
0	3	1	-4	112512	112512	7	1	6	2	L2_B02_S1_C7_M4C
0	3	1	-5	112512	112512	7	2	7	0	L2_B02_S1_C7_M5C
0	3	1	-6	112512	112512	7	3	7	2	L2_B02_S1_C7_M6C
0	3	6	0	112514	112514	0	1	0	2	L2_B04_S2_A7_M0
0	3	6	1	112514	112514	0	2	1	0	L2_B04_S2_A7_M1A
0	3	6	2	112514	112514	0	3	1	2	L2_B04_S2_A7_M2A
0	3	6	3	112514	112514	1	0	2	0	L2_B04_S2_A7_M3A
0	3	6	4	112514	112514	1	1	2	2	L2_B04_S2_A7_M4A
0	3	6	5	112514	112514	1	2	3	0	L2_B04_S2_A7_M5A
0	3	6	6	112514	112514	1	3	3	2	L2_B04_S2_A7_M6A
0	3	5	6	112514	112514	2	1	F	F	L2_B04_S1_A6_M6A
0	3	5	5	112514	112514	2	2	F	F	L2_B04_S1_A6_M5A
0	3	5	4	112514	112514	2	3	F	F	L2_B04_S1_A6_M4A
0	3	5	3	112514	112514	3	0	F	F	L2_B04_S1_A6_M3A
0	3	5	2	112514	112514	3	1	F	F	L2_B04_S1_A6_M2A
0	3	5	1	112514	112514	3	2	F	F	L2_B04_S1_A6_M1A
0	3	4	0	112514	112514	4	1	F	F	L2_B03_S2_A7_M0
0	3	4	1	112514	112514	4	2	F	F	L2_B03_S2_A7_M1A
0	3	4	2	112514	112514	4	3	F	F	L2_B03_S2_A7_M2A
0	3	4	3	112514	112514	5	0	F	F	L2_B03_S2_A7_M3A
0	3	4	4	112514	112514	5	1	F	F	L2_B03_S2_A7_M4A
0	3	4	5	112514	112514	5	2	F	F	L2_B03_S2_A7_M5A
0	3	4	6	112514	112514	5	3	F	F	L2_B03_S2_A7_M6A
0	3	3	6	112514	112514	6	1	4	2	L2_B03_S1_A6_M6A
0	3	3	5	112514	112514	6	2	5	0	L2_B03_S1_A6_M5A
0	3	3	4	112514	112514	6	3	5	2	L2_B03_S1_A6_M4A
0	3	3	3	112514	112514	7	0	6	0	L2_B03_S1_A6_M3A
0	3	3	2	112514	112514	7	1	6	2	L2_B03_S1_A6_M2A
0	3	3	1	112514	112514	7	2	7	0	L2_B03_S1_A6_M1A
0	3	6	-6	112515	112515	0	1	0	2	L2_B04_S2_C6_M6C
0	3	6	-5	112515	112515	0	2	1	0	L2_B04_S2_C6_M5C
0	3	6	-4	112515	112515	0	3	1	2	L2_B04_S2_C6_M4C
0	3	6	-3	112515	112515	1	0	2	0	L2_B04_S2_C6_M3C
0	3	6	-2	112515	112515	1	1	2	2	L2_B04_S2_C6_M2C
0	3	6	-1	112515	112515	1	2	3	0	L2_B04_S2_C6_M1C
0	3	5	0	112515	112515	2	1	F	F	L2_B04_S1_C7_M0
0	3	5	-1	112515	112515	2	2	F	F	L2_B04_S1_C7_M1C
0	3	5	-2	112515	112515	2	3	F	F	L2_B04_S1_C7_M2C
0	3	5	-3	112515	112515	3	0	F	F	L2_B04_S1_C7_M3C
0	3	5	-4	112515	112515	3	1	F	F	L2_B04_S1_C7_M4C
0	3	5	-5	112515	112515	3	2	F	F	L2_B04_S1_C7_M5C
0	3	5	-6	112515	112515	3	3	F	F	L2_B04_S1_C7_M6C
0	3	4	-6	112515	112515	4	1	F	F	L2_B03_S2_C6_M6C
0	3	4	-5	112515	112515	4	2	F	F	L2_B03_S2_C6_M5C
0	3	4	-4	112515	112515	4	3	F	F	L2_B03_S2_C6_M4C
0	3	4	-3	112515	112515	5	0	F	F	L2_B03_S2_C6_M3C
0	3	4	-2	112515	112515	5	1	F	F	L2_B03_S2_C6_M2C
0	3	4	-1	112515	112515	5	2	F	F	L2_B03_S2_C6_M1C
0	3	3	0	112515	112515	6	1	4	2	L2_B03_S1_C7_M0
0	3	3	-1	112515	112515	6	2	5	0	L2_B03_S1_C7_M1C
0	3	3	-2	112515	112515	6	3	5	2	L2_B03_S1_C7_M2C
0	3	3	-3	112515	112515	7	0	6	0	L2_B03_S1_C7_M3C
0	3	3	-4	112515	112515	7	1	6	2	L2_B03_S1_C7_M4C
0	3	3	-5	112515	112515	7	2	7	0	L2_B03_S1_C7_M5C
0	3	3	-6	112515	112515	7	3	7	2	L2_B03_S1_C7_M6C
0	3	10	0	112516	112516	0	1	0	2	L2_B06_S2_A7_M0
0	3	10	1	112516	112516	0	2	1	0	L2_B06_S2_A7_M1A
0	3	10	2	112516	112516	0	3	1	2	L2_B06_S2_A7_M2A
0	3	10	3	112516	112516	1	0	2	0	L2_B06_S2_A7_M3A
0	3	10	4	112516	112516	1	1	2	2	L2_B06_S2_A7_M4A
0	3	10	5	112516	112516	1	2	3	0	L2_B06_S2_A7_M5A
0	3	10	6	112516	112516	1	3	3	2	L2_B06_S2_A7_M6A
0	3	9	6	112516	112516	2	1	F	F	L2_B06_S1_A6_M6A
0	3	9	5	112516	112516	2	2	F	F	L2_B06_S1_A6_M5A
0	3	9	4	112516	112516	2	3	F	F	L2_B06_S1_A6_M4A
0	3	9	3	112516	112516	3	0	F	F	L2_B06_S1_A6_M3A
0	3	9	2	112516	112516	3	1	F	F	L2_B06_S1_A6_M2A
0	3	9	1	112516	112516	3	2	F	F	L2_B06_S1_A6_M1A
0	3	8	0	112516	112516	4	1	F	F	L2_B05_S2_A7_M0
0	3	8	1	112516	112516	4	2	F	F	L2_B05_S2_A7_M1A
0	3	8	2	112516	112516	4	3	F	F	L2_B05_S2_A7_M2A
0	3	8	3	112516	112516	5	0	F	F	L2_B05_S2_A7_M3A
0	3	8	4	112516	112516	5	1	F	F	L2_B05_S2_A7_M4A
0	3	8	5	112516	112516	5	2	F	F	L2_B05_S2_A7_M5A
0	3	8	6	112516	112516	5	3	F	F	L2_B05_S2_A7_M6A
0	3	7	6	112516	112516	6	1	4	2	L2_B05_S1_A6_M6A
0	3	7	5	112516	112516	6	2	5	0	L2_B05_S1_A6_M5A
0	3	7	4	112516	112516	6	3	5	2	L2_B05_S1_A6_M4A
0	3	7	3	112516	112516	7	0	6	0	L2_B05_S1_A6_M3A
0	3	7	2	112516	112516	7	1	6	2	L2_B05_S1_A6_M2A
0	3	7	1	112516	112516	7	2	7	0	L2_B05_S1_A6_M1A
0	3	10	-6	112517	112517	0	1	0	2	L2_B06_S2_C6_M6C
0	3	10	-5	112517	112517	0	2	1	0	L2_B06_S2_C6_M5C
0	3	10	-4	112517	112517	0	3	1	2	L2_B06_S2_C6_M4C
0	3	10	-3	112517	112517	1	0	2	0	L2_B06_S2_C6_M3C
0	3	10	-2	112517	112517	1	1	2	2	L2_B06_S2_C6_M2C
0	3	10	-1	112517	112517	1	2	3	0	L2_B06_S2_C6_M1C
0	3	9	0	112517	112517	2	1	F	F	L2_B06_S1_C7_M0
0	3	9	-1	112517	112517	2	2	F	F	L2_B06_S1_C7_M1C
0	3	9	-2	112517	112517	2	3	F	F	L2_B06_S1_C7_M2C
0	3	9	-3	112517	112517	3	0	F	F	L2_B06_S1_C7_M3C
0	3	9	-4	112517	112517	3	1	F	F	L2_B06_S1_C7_M4C
0	3	9	-5	112517	112517	3	2	F	F	L2_B06_S1_C7_M5C
0	3	9	-6	112517	112517	3	3	F	F	L2_B06_S1_C7_M6C
0	3	8	-6	112517	112517	4	1	F	F	L2_B05_S2_C6_M6C
0	3	8	-5	112517	112517	4	2	F	F	L2_B05_S2_C6_M5C
0	3	8	-4	112517	112517	4	3	F	F	L2_B05_S2_C6_M4C
0	3	8	-3	112517	112517	5	0	F	F	L2_B05_S2_C6_M3C
0	3	8	-2	112517	112517	5	1	F	F	L2_B05_S2_C6_M2C
0	3	8	-1	112517	112517	5	2	F	F	L2_B05_S2_C6_M1C
0	3	7	0	112517	112517	6	1	4	2	L2_B05_S1_C7_M0
0	3	7	-1	112517	112517	6	2	5	0	L2_B05_S1_C7_M1C
0	3	7	-2	112517	112517	6	3	5	2	L2_B05_S1_C7_M2C
0	3	7	-3	112517	112517	7	0	6	0	L2_B05_S1_C7_M3C
0	3	7	-4	112517	112517	7	1	6	2	L2_B05_S1_C7_M4C
0	3	7	-5	112517	112517	7	2	7	0	L2_B05_S1_C7_M5C
0	3	7	-6	112517	112517	7	3	7	2	L2_B05_S1_C7_M6C
0	3	14	0	112518	112518	0	1	0	2	L2_B08_S2_A7_M0
0	3	14	1	112518	112518	0	2	1	0	L2_B08_S2_A7_M1A
0	3	14	2	112518	112518	0	3	1	2	L2_B08_S2_A7_M2A
0	3	14	3	112518	112518	1	0	2	0	L2_B08_S2_A7_M3A
0	3	14	4	112518	112518	1	1	2	2	L2_B08_S2_A7_M4A
0	3	14	5	112518	112518	1	2	3	0	L2_B08_S2_A7_M5A
0	3	14	6	112518	112518	1	3	3	2	L2_B08_S2_A7_M6A
0	3	13	6	112518	112518	2	1	F	F	L2_B08_S1_A6_M6A
0	3	13	5	112518	112518	2	2	F	F	L2_B08_S1_A6_M5A
0	3	13	4	112518	112518	2	3	F	F	L2_B08_S1_A6_M4A
0	3	13	3	112518	112518	3	0	F	F	L2_B08_S1_A6_M3A
0	3	13	2	112518	112518	3	1	F	F	L2_B08_S1_A6_M2A
0	3	13	1	112518	112518	3	2	F	F	L2_B08_S1_A6_M1A
0	3	12	0	112518	112518	4	1	F	F	L2_B07_S2_A7_M0
0	3	12	1	112518	112518	4	2	F	F	L2_B07_S2_A7_M1A
0	3	12	2	112518	112518	4	3	F	F	L2_B07_S2_A7_M2A
0	3	12	3	112518	112518	5	0	F	F	L2_B07_S2_A7_M3A
0	3	12	4	112518	112518	5	1	F	F	L2_B07_S2_A7_M4A
0	3	12	5	112518	112518	5	2	F	F	L2_B07_S2_A7_M5A
0	3	12	6	112518	112518	5	3	F	F	L2_B07_S2_A7_M6A
0	3	11	6	112518	112518	6	1	4	2	L2_B07_S1_A6_M6A
0	3	11	5	112518	112518	6	2	5	0	L2_B07_S1_A6_M5A
0	3	11	4	112518	112518	6	3	5	2	L2_B07_S1_A6_M4A
0	3	11	3	112518	112518	7	0	6	0	L2_B07_S1_A6_M3A
0	3	11	2	112518	112518	7	1	6	2	L2_B07_S1_A6_M2A
0	3	11	1	112518	112518	7	2	7	0	L2_B07_S1_A6_M1A
0	3	14	-6	112519	112519	0	1	0	2	L2_B08_S2_C6_M6C
0	3	14	-5	112519	112519	0	2	1	0	L2_B08_S2_C6_M5C
0	3	14	-4	112519	112519	0	3	1	2	L2_B08_S2_C6_M4C
0	3	14	-3	112519	112519	1	0	2	0	L2_B08_S2_C6_M3C
0	3	14	-2	112519	112519	1	1	2	2	L2_B08_S2_C6_M2C
0	3	14	-1	112519	112519	1	2	3	0	L2_B08_S2_C6_M1C
0	3	13	0	112519	112519	2	1	F	F	L2_B08_S1_C7_M0
0	3	13	-1	112519	112519	2	2	F	F	L2_B08_S1_C7_M1C
0	3	13	-2	112519	112519	2	3	F	F	L2_B08_S1_C7_M2C
0	3	13	-3	112519	112519	3	0	F	F	L2_B08_S1_C7_M3C
0	3	13	-4	112519	112519	3	1	F	F	L2_B08_S1_C7_M4C
0	3	13	-5	112519	112519	3	2	F	F	L2_B08_S1_C7_M5C
0	3	13	-6	112519	112519	3	3	F	F	L2_B08_S1_C7_M6C
0	3	12	-6	112519	112519	4	1	F	F	L2_B07_S2_C6_M6C
0	3	12	-5	112519	112519	4	2	F	F	L2_B07_S2_C6_M5C
0	3	12	-4	112519	112519	4	3	F	F	L2_B07_S2_C6_M4C
0	3	12	-3	112519	112519	5	0	F	F	L2_B07_S2_C6_M3C
0	3	12	-2	112519	112519	5	1	F	F	L2_B07_S2_C6_M2C
0	3	12	-1	112519	112519	5	2	F	F	L2_B07_S2_C6_M1C
0	3	11	0	112519	112519	6	1	4	2	L2_B07_S1_C7_M0
0	3	11	-1	112519	112519	6	2	5	0	L2_B07_S1_C7_M1C
0	3	11	-2	112519	112519	6	3	5	2	L2_B07_S1_C7_M2C
0	3	11	-3	112519	112519	7	0	6	0	L2_B07_S1_C7_M3C
0	3	11	-4	112519	112519	7	1	6	2	L2_B07_S1_C7_M4C
0	3	11	-5	112519	112519	7	2	7	0	L2_B07_S1_C7_M5C
0	3	11	-6	112519	112519	7	3	7	2	L2_B07_S1_C7_M6C
0	3	18	0	112520	112520	0	1	0	2	L2_B10_S2_A7_M0
0	3	18	1	112520	112520	0	2	1	0	L2_B10_S2_A7_M1A
0	3	18	2	112520	112520	0	3	1	2	L2_B10_S2_A7_M2A
0	3	18	3	112520	112520	1	0	2	0	L2_B10_S2_A7_M3A
0	3	18	4	112520	112520	1	1	2	2	L2_B10_S2_A7_M4A
0	3	18	5	112520	112520	1	2	3	0	L2_B10_S2_A7_M5A
0	3	18	6	112520	112520	1	3	3	2	L2_B10_S2_A7_M6A
0	3	17	6	112520	112520	2	1	F	F	L2_B10_S1_A6_M6A
0	3	17	5	112520	112520	2	2	F	F	L2_B10_S1_A6_M5A
0	3	17	4	112520	112520	2	3	F	F	L2_B10_S1_A6_M4A
0	3	17	3	112520	112520	3	0	F	F	L2_B10_S1_A6_M3A
0	3	17	2	112520	112520	3	1	F	F	L2_B10_S1_A6_M2A
0	3	17	1	112520	112520	3	2	F	F	L2_B10_S1_A6_M1A
0	3	16	0	112520	112520	4	1	F	F	L2_B09_S2_A7_M0
0	3	16	1	112520	112520	4	2	F	F	L2_B09_S2_A7_M1A
0	3	16	2	112520	112520	4	3	F	F	L2_B09_S2_A7_M2A
0	3	16	3	112520	112520	5	0	F	F	L2_B09_S2_A7_M3A
0	3	16	4	112520	112520	5	1	F	F	L2_B09_S2_A7_M4A
0	3	16	5	112520	112520	5	2	F	F	L2_B09_S2_A7_M5A
0	3	16	6	112520	112520	5	3	F	F	L2_B09_S2_A7_M6A
0	3	15	6	112520	112520	6	1	4	2	L2_B09_S1_A6_M6A
0	3	15	5	112520	112520	6	2	5	0	L2_B09_S1_A6_M5A
0	3	15	4	112520	112520	6	3	5	2	L2_B09_S1_A6_M4A
0	3	15	3	112520	112520	7	0	6	0	L2_B09_S1_A6_M3A
0	3	15	2	112520	112520	7	1	6	2	L2_B09_S1_A6_M2A
0	3	15	1	112520	112520	7	2	7	0	L2_B09_S1_A6_M1A
0	3	18	-6	112521	112521	0	1	0	2	L2_B10_S2_C6_M6C
0	3	18	-5	112521	112521	0	2	1	0	L2_B10_S2_C6_M5C
0	3	18	-4	112521	112521	0	3	1	2	L2_B10_S2_C6_M4C
0	3	18	-3	112521	112521	1	0	2	0	L2_B10_S2_C6_M3C
0	3	18	-2	112521	112521	1	1	2	2	L2_B10_S2_C6_M2C
0	3	18	-1	112521	112521	1	2	3	0	L2_B10_S2_C6_M1C
0	3	17	0	112521	112521	2	1	F	F	L2_B10_S1_C7_M0
0	3	17	-1	112521	112521	2	2	F	F	L2_B10_S1_C7_M1C
0	3	17	-2	112521	112521	2	3	F	F	L2_B10_S1_C7_M2C
0	3	17	-3	112521	112521	3	0	F	F	L2_B10_S1_C7_M3C
0	3	17	-4	112521	112521	3	1	F	F	L2_B10_S1_C7_M4C
0	3	17	-5	112521	112521	3	2	F	F	L2_B10_S1_C7_M5C
0	3	17	-6	112521	112521	3	3	F	F	L2_B10_S1_C7_M6C
0	3	16	-6	112521	112521	4	1	F	F	L2_B09_S2_C6_M6C
0	3	16	-5	112521	112521	4	2	F	F	L2_B09_S2_C6_M5C
0	3	16	-4	112521	112521	4	3	F	F	L2_B09_S2_C6_M4C
0	3	16	-3	112521	112521	5	0	F	F	L2_B09_S2_C6_M3C
0	3	16	-2	112521	112521	5	1	F	F	L2_B09_S2_C6_M2C
0	3	16	-1	112521	112521	5	2	F	F	L2_B09_S2_C6_M1C
0	3	15	0	112521	112521	6	1	4	2	L2_B09_S1_C7_M0
0	3	15	-1	112521	112521	6	2	5	0	L2_B09_S1_C7_M1C
0	3	15	-2	112521	112521	6	3	5	2	L2_B09_S1_C7_M2C
0	3	15	-3	112521	112521	7	0	6	0	L2_B09_S1_C7_M3C
0	3	15	-4	112521	112521	7	1	6	2	L2_B09_S1_C7_M4C
0	3	15	-5	112521	112521	7	2	7	0	L2_B09_S1_C7_M5C
0	3	15	-6	112521	112521	7	3	7	2	L2_B09_S1_C7_M6C
0	2	0	1	111705	111705	0	2	1	0	L1_B01_S1_A6_M1A
0	2	0	2	111705	111705	0	3	1	2	L1_B01_S1_A6_M2A
0	2	0	3	111705	111705	1	0	2	0	L1_B01_S1_A6_M3A
0	2	0	4	111705	111705	1	1	2	2	L1_B01_S1_A6_M4A
0	2	0	5	111705	111705	1	2	3	0	L1_B01_S1_A6_M5A
0	2	0	6	111705	111705	1	3	3	2	L1_B01_S1_A6_M6A
0	2	1	0	111705	111705	6	1	4	2	L1_B01_S2_A7_M0
0	2	1	1	111705	111705	6	2	5	0	L1_B01_S2_A7_M1A
0	2	1	2	111705	111705	6	3	5	2	L1_B01_S2_A7_M2A
0	2	1	3	111705	111705	7	0	6	0	L1_B01_S2_A7_M3A
0	2	1	4	111705	111705	7	1	6	2	L1_B01_S2_A7_M4A
0	2	1	5	111705	111705	7	2	7	0	L1_B01_S2_A7_M5A
0	2	1	6	111705	111705	7	3	7	2	L1_B01_S2_A7_M6A
0	2	0	0	111706	111706	0	1	0	2	L1_B01_S1_C7_M0
0	2	0	-1	111706	111706	0	2	1	0	L1_B01_S1_C7_M1C
0	2	0	-2	111706	111706	0	3	1	2	L1_B01_S1_C7_M2C
0	2	0	-3	111706	111706	1	0	2	0	L1_B01_S1_C7_M3C
0	2	0	-4	111706	111706	1	1	2	2	L1_B01_S1_C7_M4C
0	2	0	-5	111706	111706	1	2	3	0	L1_B01_S1_C7_M5C
0	2	0	-6	111706	111706	1	3	3	2	L1_B01_S1_C7_M6C
0	2	1	-1	111706	111706	6	2	5	0	L1_B01_S2_C6_M1C
0	2	1	-2	111706	111706	6	3	5	2	L1_B01_S2_C6_M2C
0	2	1	-3	111706	111706	7	0	6	0	L1_B01_S2_C6_M3C
0	2	1	-4	111706	111706	7	1	6	2	L1_B01_S2_C6_M4C
0	2	1	-5	111706	111706	7	2	7	0	L1_B01_S2_C6_M5C
0	2	1	-6	111706	111706	7	3	7	2	L1_B01_S2_C6_M6C
0	2	8	1	111707	111707	0	2	1	0	L1_B05_S1_A6_M1A
0	2	8	2	111707	111707	0	3	1	2	L1_B05_S1_A6_M2A
0	2	8	3	111707	111707	1	0	2	0	L1_B05_S1_A6_M3A
0	2	8	4	111707	111707	1	1	2	2	L1_B05_S1_A6_M4A
0	2	8	5	111707	111707	1	2	3	0	L1_B05_S1_A6_M5A
0	2	8	6	111707	111707	1	3	3	2	L1_B05_S1_A6_M6A
0	2	9	0	111707	111707	6	1	4	2	L1_B05_S2_A7_M0
0	2	9	1	111707	111707	6	2	5	0	L1_B05_S2_A7_M1A
0	2	9	2	111707	111707	6	3	5	2	L1_B05_S2_A7_M2A
0	2	9	3	111707	111707	7	0	6	0	L1_B05_S2_A7_M3A
0	2	9	4	111707	111707	7	1	6	2	L1_B05_S2_A7_M4A
0	2	9	5	111707	111707	7	2	7	0	L1_B05_S2_A7_M5A
0	2	9	6	111707	111707	7	3	7	2	L1_B05_S2_A7_M6A
0	2	8	0	111708	111708	0	1	0	2	L1_B05_S1_C7_M0
0	2	8	-1	111708	111708	0	2	1	0	L1_B05_S1_C7_M1C
0	2	8	-2	111708	111708	0	3	1	2	L1_B05_S1_C7_M2C
0	2	8	-3	111708	111708	1	0	2	0	L1_B05_S1_C7_M3C
0	2	8	-4	111708	111708	1	1	2	2	L1_B05_S1_C7_M4C
0	2	8	-5	111708	111708	1	2	3	0	L1_B05_S1_C7_M5C
0	2	8	-6	111708	111708	1	3	3	2	L1_B05_S1_C7_M6C
0	2	9	-1	111708	111708	6	2	5	0	L1_B05_S2_C6_M1C
0	2	9	-2	111708	111708	6	3	5	2	L1_B05_S2_C6_M2C
0	2	9	-3	111708	111708	7	0	6	0	L1_B05_S2_C6_M3C
0	2	9	-4	111708	111708	7	1	6	2	L1_B05_S2_C6_M4C
0	2	9	-5	111708	111708	7	2	7	0	L1_B05_S2_C6_M5C
0	2	9	-6	111708	111708	7	3	7	2	L1_B05_S2_C6_M6C
0	2	10	1	111709	111709	0	2	1	0	L1_B06_S1_A6_M1A
0	2	10	2	111709	111709	0	3	1	2	L1_B06_S1_A6_M2A
0	2	10	3	111709	111709	1	0	2	0	L1_B06_S1_A6_M3A
0	2	10	4	111709	111709	1	1	2	2	L1_B06_S1_A6_M4A
0	2	10	5	111709	111709	1	2	3	0	L1_B06_S1_A6_M5A
0	2	10	6	111709	111709	1	3	3	2	L1_B06_S1_A6_M6A
0	2	11	0	111709	111709	6	1	4	2	L1_B06_S2_A7_M0
0	2	11	1	111709	111709	6	2	5	0	L1_B06_S2_A7_M1A
0	2	11	2	111709	111709	6	3	5	2	L1_B06_S2_A7_M2A
0	2	11	3	111709	111709	7	0	6	0	L1_B06_S2_A7_M3A
0	2	11	4	111709	111709	7	1	6	2	L1_B06_S2_A7_M4A
0	2	11	5	111709	111709	7	2	7	0	L1_B06_S2_A7_M5A
0	2	11	6	111709	111709	7	3	7	2	L1_B06_S2_A7_M6A
0	2	10	0	111710	111710	0	1	0	2	L1_B06_S1_C7_M0
0	2	10	-1	111710	111710	0	2	1	0	L1_B06_S1_C7_M1C
0	2	10	-2	111710	111710	0	3	1	2	L1_B06_S1_C7_M2C
0	2	10	-3	111710	111710	1	0	2	0	L1_B06_S1_C7_M3C
0	2	10	-4	111710	111710	1	1	2	2	L1_B06_S1_C7_M4C
0	2	10	-5	111710	111710	1	2	3	0	L1_B06_S1_C7_M5C
0	2	10	-6	111710	111710	1	3	3	2	L1_B06_S1_C7_M6C
0	2	11	-1	111710	111710	6	2	5	0	L1_B06_S2_C6_M1C
0	2	11	-2	111710	111710	6	3	5	2	L1_B06_S2_C6_M2C
0	2	11	-3	111710	111710	7	0	6	0	L1_B06_S2_C6_M3C
0	2	11	-4	111710	111710	7	1	6	2	L1_B06_S2_C6_M4C
0	2	11	-5	111710	111710	7	2	7	0	L1_B06_S2_C6_M5C
0	2	11	-6	111710	111710	7	3	7	2	L1_B06_S2_C6_M6C
0	2	12	1	111711	111711	0	2	1	0	L1_B07_S1_A6_M1A
0	2	12	2	111711	111711	0	3	1	2	L1_B07_S1_A6_M2A
0	2	12	3	111711	111711	1	0	2	0	L1_B07_S1_A6_M3A
0	2	12	4	111711	111711	1	1	2	2	L1_B07_S1_A6_M4A
0	2	12	5	111711	111711	1	2	3	0	L1_B07_S1_A6_M5A
0	2	12	6	111711	111711	1	3	3	2	L1_B07_S1_A6_M6A
0	2	7	0	111711	111711	6	1	4	2	L1_B04_S2_A7_M0
0	2	7	1	111711	111711	6	2	5	0	L1_B04_S2_A7_M1A
0	2	7	2	111711	111711	6	3	5	2	L1_B04_S2_A7_M2A
0	2	7	3	111711	111711	7	0	6	0	L1_B04_S2_A7_M3A
0	2	7	4	111711	111711	7	1	6	2	L1_B04_S2_A7_M4A
0	2	7	5	111711	111711	7	2	7	0	L1_B04_S2_A7_M5A
0	2	7	6	111711	111711	7	3	7	2	L1_B04_S2_A7_M6A
0	2	12	0	111712	111712	0	1	0	2	L1_B07_S1_C7_M0
0	2	12	-1	111712	111712	0	2	1	0	L1_B07_S1_C7_M1C
0	2	12	-2	111712	111712	0	3	1	2	L1_B07_S1_C7_M2C
0	2	12	-3	111712	111712	1	0	2	0	L1_B07_S1_C7_M3C
0	2	12	-4	111712	111712	1	1	2	2	L1_B07_S1_C7_M4C
0	2	12	-5	111712	111712	1	2	3	0	L1_B07_S1_C7_M5C
0	2	12	-6	111712	111712	1	3	3	2	L1_B07_S1_C7_M6C
0	2	7	-1	111712	111712	6	2	5	0	L1_B04_S2_C6_M1C
0	2	7	-2	111712	111712	6	3	5	2	L1_B04_S2_C6_M2C
0	2	7	-3	111712	111712	7	0	6	0	L1_B04_S2_C6_M3C
0	2	7	-4	111712	111712	7	1	6	2	L1_B04_S2_C6_M4C
0	2	7	-5	111712	111712	7	2	7	0	L1_B04_S2_C6_M5C
0	2	7	-6	111712	111712	7	3	7	2	L1_B04_S2_C6_M6C
0	2	17	0	111714	111714	0	1	0	2	L1_B09_S2_A7_M0
0	2	17	1	111714	111714	0	2	1	0	L1_B09_S2_A7_M1A
0	2	17	2	111714	111714	0	3	1	2	L1_B09_S2_A7_M2A
0	2	17	3	111714	111714	1	0	2	0	L1_B09_S2_A7_M3A
0	2	17	4	111714	111714	1	1	2	2	L1_B09_S2_A7_M4A
0	2	17	5	111714	111714	1	2	3	0	L1_B09_S2_A7_M5A
0	2	17	6	111714	111714	1	3	3	2	L1_B09_S2_A7_M6A
0	2	16	1	111714	111714	6	2	5	0	L1_B09_S1_A6_M1A
0	2	16	2	111714	111714	6	3	5	2	L1_B09_S1_A6_M2A
0	2	16	3	111714	111714	7	0	6	0	L1_B09_S1_A6_M3A
0	2	16	4	111714	111714	7	1	6	2	L1_B09_S1_A6_M4A
0	2	16	5	111714	111714	7	2	7	0	L1_B09_S1_A6_M5A
0	2	16	6	111714	111714	7	3	7	2	L1_B09_S1_A6_M6A
0	2	17	-1	111715	111715	0	2	1	0	L1_B09_S2_C6_M1C
0	2	17	-2	111715	111715	0	3	1	2	L1_B09_S2_C6_M2C
0	2	17	-3	111715	111715	1	0	2	0	L1_B09_S2_C6_M3C
0	2	17	-4	111715	111715	1	1	2	2	L1_B09_S2_C6_M4C
0	2	17	-5	111715	111715	1	2	3	0	L1_B09_S2_C6_M5C
0	2	17	-6	111715	111715	1	3	3	2	L1_B09_S2_C6_M6C
0	2	16	0	111715	111715	6	1	4	2	L1_B09_S1_C7_M0
0	2	16	-1	111715	111715	6	2	5	0	L1_B09_S1_C7_M1C
0	2	16	-2	111715	111715	6	3	5	2	L1_B09_S1_C7_M2C
0	2	16	-3	111715	111715	7	0	6	0	L1_B09_S1_C7_M3C
0	2	16	-4	111715	111715	7	1	6	2	L1_B09_S1_C7_M4C
0	2	16	-5	111715	111715	7	2	7	0	L1_B09_S1_C7_M5C
0	2	16	-6	111715	111715	7	3	7	2	L1_B09_S1_C7_M6C
0	2	29	0	111716	111716	0	1	0	2	L1_B15_S2_A7_M0
0	2	29	1	111716	111716	0	2	1	0	L1_B15_S2_A7_M1A
0	2	29	2	111716	111716	0	3	1	2	L1_B15_S2_A7_M2A
0	2	29	3	111716	111716	1	0	2	0	L1_B15_S2_A7_M3A
0	2	29	4	111716	111716	1	1	2	2	L1_B15_S2_A7_M4A
0	2	29	5	111716	111716	1	2	3	0	L1_B15_S2_A7_M5A
0	2	29	6	111716	111716	1	3	3	2	L1_B15_S2_A7_M6A
0	2	18	1	111716	111716	6	2	5	0	L1_B10_S1_A6_M1A
0	2	18	2	111716	111716	6	3	5	2	L1_B10_S1_A6_M2A
0	2	18	3	111716	111716	7	0	6	0	L1_B10_S1_A6_M3A
0	2	18	4	111716	111716	7	1	6	2	L1_B10_S1_A6_M4A
0	2	18	5	111716	111716	7	2	7	0	L1_B10_S1_A6_M5A
0	2	18	6	111716	111716	7	3	7	2	L1_B10_S1_A6_M6A
0	2	29	-1	111717	111717	0	2	1	0	L1_B15_S2_C6_M1C
0	2	29	-2	111717	111717	0	3	1	2	L1_B15_S2_C6_M2C
0	2	29	-3	111717	111717	1	0	2	0	L1_B15_S2_C6_M3C
0	2	29	-4	111717	111717	1	1	2	2	L1_B15_S2_C6_M4C
0	2	29	-5	111717	111717	1	2	3	0	L1_B15_S2_C6_M5C
0	2	29	-6	111717	111717	1	3	3	2	L1_B15_S2_C6_M6C
0	2	18	0	111717	111717	6	1	4	2	L1_B10_S1_C7_M0
0	2	18	-1	111717	111717	6	2	5	0	L1_B10_S1_C7_M1C
0	2	18	-2	111717	111717	6	3	5	2	L1_B10_S1_C7_M2C
0	2	18	-3	111717	111717	7	0	6	0	L1_B10_S1_C7_M3C
0	2	18	-4	111717	111717	7	1	6	2	L1_B10_S1_C7_M4C
0	2	18	-5	111717	111717	7	2	7	0	L1_B10_S1_C7_M5C
0	2	18	-6	111717	111717	7	3	7	2	L1_B10_S1_C7_M6C
0	2	31	0	111718	111718	0	1	0	2	L1_B16_S2_A7_M0
0	2	31	1	111718	111718	0	2	1	0	L1_B16_S2_A7_M1A
0	2	31	2	111718	111718	0	3	1	2	L1_B16_S2_A7_M2A
0	2	31	3	111718	111718	1	0	2	0	L1_B16_S2_A7_M3A
0	2	31	4	111718	111718	1	1	2	2	L1_B16_S2_A7_M4A
0	2	31	5	111718	111718	1	2	3	0	L1_B16_S2_A7_M5A
0	2	31	6	111718	111718	1	3	3	2	L1_B16_S2_A7_M6A
0	2	30	1	111718	111718	6	2	5	0	L1_B16_S1_A6_M1A
0	2	30	2	111718	111718	6	3	5	2	L1_B16_S1_A6_M2A
0	2	30	3	111718	111718	7	0	6	0	L1_B16_S1_A6_M3A
0	2	30	4	111718	111718	7	1	6	2	L1_B16_S1_A6_M4A
0	2	30	5	111718	111718	7	2	7	0	L1_B16_S1_A6_M5A
0	2	30	6	111718	111718	7	3	7	2	L1_B16_S1_A6_M6A
0	2	31	-1	111719	111719	0	2	1	0	L1_B16_S2_C6_M1C
0	2	31	-2	111719	111719	0	3	1	2	L1_B16_S2_C6_M2C
0	2	31	-3	111719	111719	1	0	2	0	L1_B16_S2_C6_M3C
0	2	31	-4	111719	111719	1	1	2	2	L1_B16_S2_C6_M4C
0	2	31	-5	111719	111719	1	2	3	0	L1_B16_S2_C6_M5C
0	2	31	-6	111719	111719	1	3	3	2	L1_B16_S2_C6_M6C
0	2	30	0	111719	111719	6	1	4	2	L1_B16_S1_C7_M0
0	2	30	-1	111719	111719	6	2	5	0	L1_B16_S1_C7_M1C
0	2	30	-2	111719	111719	6	3	5	2	L1_B16_S1_C7_M2C
0	2	30	-3	111719	111719	7	0	6	0	L1_B16_S1_C7_M3C
0	2	30	-4	111719	111719	7	1	6	2	L1_B16_S1_C7_M4C
0	2	30	-5	111719	111719	7	2	7	0	L1_B16_S1_C7_M5C
0	2	30	-6	111719	111719	7	3	7	2	L1_B16_S1_C7_M6C
0	2	36	1	111720	111720	0	2	1	0	L1_B19_S1_A6_M1A
0	2	36	2	111720	111720	0	3	1	2	L1_B19_S1_A6_M2A
0	2	36	3	111720	111720	1	0	2	0	L1_B19_S1_A6_M3A
0	2	36	4	111720	111720	1	1	2	2	L1_B19_S1_A6_M4A
0	2	36	5	111720	111720	1	2	3	0	L1_B19_S1_A6_M5A
0	2	36	6	111720	111720	1	3	3	2	L1_B19_S1_A6_M6A
0	2	37	0	111720	111720	6	1	4	2	L1_B19_S2_A7_M0
0	2	37	1	111720	111720	6	2	5	0	L1_B19_S2_A7_M1A
0	2	37	2	111720	111720	6	3	5	2	L1_B19_S2_A7_M2A
0	2	37	3	111720	111720	7	0	6	0	L1_B19_S2_A7_M3A
0	2	37	4	111720	111720	7	1	6	2	L1_B19_S2_A7_M4A
0	2	37	5	111720	111720	7	2	7	0	L1_B19_S2_A7_M5A
0	2	37	6	111720	111720	7	3	7	2	L1_B19_S2_A7_M6A
0	2	36	0	111721	111721	0	1	0	2	L1_B19_S1_C7_M0
0	2	36	-1	111721	111721	0	2	1	0	L1_B19_S1_C7_M1C
0	2	36	-2	111721	111721	0	3	1	2	L1_B19_S1_C7_M2C
0	2	36	-3	111721	111721	1	0	2	0	L1_B19_S1_C7_M3C
0	2	36	-4	111721	111721	1	1	2	2	L1_B19_S1_C7_M4C
0	2	36	-5	111721	111721	1	2	3	0	L1_B19_S1_C7_M5C
0	2	36	-6	111721	111721	1	3	3	2	L1_B19_S1_C7_M6C
0	2	37	-1	111721	111721	6	2	5	0	L1_B19_S2_C6_M1C
0	2	37	-2	111721	111721	6	3	5	2	L1_B19_S2_C6_M2C
0	2	37	-3	111721	111721	7	0	6	0	L1_B19_S2_C6_M3C
0	2	37	-4	111721	111721	7	1	6	2	L1_B19_S2_C6_M4C
0	2	37	-5	111721	111721	7	2	7	0	L1_B19_S2_C6_M5C
0	2	37	-6	111721	111721	7	3	7	2	L1_B19_S2_C6_M6C
0	2	4	1	111805	111805	0	2	1	0	L1_B03_S1_A6_M1A
0	2	4	2	111805	111805	0	3	1	2	L1_B03_S1_A6_M2A
0	2	4	3	111805	111805	1	0	2	0	L1_B03_S1_A6_M3A
0	2	4	4	111805	111805	1	1	2	2	L1_B03_S1_A6_M4A
0	2	4	5	111805	111805	1	2	3	0	L1_B03_S1_A6_M5A
0	2	4	6	111805	111805	1	3	3	2	L1_B03_S1_A6_M6A
0	2	2	1	111805	111805	6	2	5	0	L1_B02_S1_A6_M1A
0	2	2	2	111805	111805	6	3	5	2	L1_B02_S1_A6_M2A
0	2	2	3	111805	111805	7	0	6	0	L1_B02_S1_A6_M3A
0	2	2	4	111805	111805	7	1	6	2	L1_B02_S1_A6_M4A
0	2	2	5	111805	111805	7	2	7	0	L1_B02_S1_A6_M5A
0	2	2	6	111805	111805	7	3	7	2	L1_B02_S1_A6_M6A
0	2	4	0	111806	111806	0	1	0	2	L1_B03_S1_C7_M0
0	2	4	-1	111806	111806	0	2	1	0	L1_B03_S1_C7_M1C
0	2	4	-2	111806	111806	0	3	1	2	L1_B03_S1_C7_M2C
0	2	4	-3	111806	111806	1	0	2	0	L1_B03_S1_C7_M3C
0	2	4	-4	111806	111806	1	1	2	2	L1_B03_S1_C7_M4C
0	2	4	-5	111806	111806	1	2	3	0	L1_B03_S1_C7_M5C
0	2	4	-6	111806	111806	1	3	3	2	L1_B03_S1_C7_M6C
0	2	2	0	111806	111806	6	1	4	2	L1_B02_S1_C7_M0
0	2	2	-1	111806	111806	6	2	5	0	L1_B02_S1_C7_M1C
0	2	2	-2	111806	111806	6	3	5	2	L1_B02_S1_C7_M2C
0	2	2	-3	111806	111806	7	0	6	0	L1_B02_S1_C7_M3C
0	2	2	-4	111806	111806	7	1	6	2	L1_B02_S1_C7_M4C
0	2	2	-5	111806	111806	7	2	7	0	L1_B02_S1_C7_M5C
0	2	2	-6	111806	111806	7	3	7	2	L1_B02_S1_C7_M6C
0	2	6	1	111807	111807	0	2	1	0	L1_B04_S1_A6_M1A
0	2	6	2	111807	111807	0	3	1	2	L1_B04_S1_A6_M2A
0	2	6	3	111807	111807	1	0	2	0	L1_B04_S1_A6_M3A
0	2	6	4	111807	111807	1	1	2	2	L1_B04_S1_A6_M4A
0	2	6	5	111807	111807	1	2	3	0	L1_B04_S1_A6_M5A
0	2	6	6	111807	111807	1	3	3	2	L1_B04_S1_A6_M6A
0	2	3	0	111807	111807	6	1	4	2	L1_B02_S2_A7_M0
0	2	3	1	111807	111807	6	2	5	0	L1_B02_S2_A7_M1A
0	2	3	2	111807	111807	6	3	5	2	L1_B02_S2_A7_M2A
0	2	3	3	111807	111807	7	0	6	0	L1_B02_S2_A7_M3A
0	2	3	4	111807	111807	7	1	6	2	L1_B02_S2_A7_M4A
0	2	3	5	111807	111807	7	2	7	0	L1_B02_S2_A7_M5A
0	2	3	6	111807	111807	7	3	7	2	L1_B02_S2_A7_M6A
0	2	6	0	111808	111808	0	1	0	2	L1_B04_S1_C7_M0
0	2	6	-1	111808	111808	0	2	1	0	L1_B04_S1_C7_M1C
0	2	6	-2	111808	111808	0	3	1	2	L1_B04_S1_C7_M2C
0	2	6	-3	111808	111808	1	0	2	0	L1_B04_S1_C7_M3C
0	2	6	-4	111808	111808	1	1	2	2	L1_B04_S1_C7_M4C
0	2	6	-5	111808	111808	1	2	3	0	L1_B04_S1_C7_M5C
0	2	6	-6	111808	111808	1	3	3	2	L1_B04_S1_C7_M6C
0	2	3	-1	111808	111808	6	2	5	0	L1_B02_S2_C6_M1C
0	2	3	-2	111808	111808	6	3	5	2	L1_B02_S2_C6_M2C
0	2	3	-3	111808	111808	7	0	6	0	L1_B02_S2_C6_M3C
0	2	3	-4	111808	111808	7	1	6	2	L1_B02_S2_C6_M4C
0	2	3	-5	111808	111808	7	2	7	0	L1_B02_S2_C6_M5C
0	2	3	-6	111808	111808	7	3	7	2	L1_B02_S2_C6_M6C
0	2	14	1	111809	111809	0	2	1	0	L1_B08_S1_A6_M1A
0	2	14	2	111809	111809	0	3	1	2	L1_B08_S1_A6_M2A
0	2	14	3	111809	111809	1	0	2	0	L1_B08_S1_A6_M3A
0	2	14	4	111809	111809	1	1	2	2	L1_B08_S1_A6_M4A
0	2	14	5	111809	111809	1	2	3	0	L1_B08_S1_A6_M5A
0	2	14	6	111809	111809	1	3	3	2	L1_B08_S1_A6_M6A
0	2	5	0	111809	111809	6	1	4	2	L1_B03_S2_A7_M0
0	2	5	1	111809	111809	6	2	5	0	L1_B03_S2_A7_M1A
0	2	5	2	111809	111809	6	3	5	2	L1_B03_S2_A7_M2A
0	2	5	3	111809	111809	7	0	6	0	L1_B03_S2_A7_M3A
0	2	5	4	111809	111809	7	1	6	2	L1_B03_S2_A7_M4A
0	2	5	5	111809	111809	7	2	7	0	L1_B03_S2_A7_M5A
0	2	5	6	111809	111809	7	3	7	2	L1_B03_S2_A7_M6A
0	2	14	0	111810	111810	0	1	0	2	L1_B08_S1_C7_M0
0	2	14	-1	111810	111810	0	2	1	0	L1_B08_S1_C7_M1C
0	2	14	-2	111810	111810	0	3	1	2	L1_B08_S1_C7_M2C
0	2	14	-3	111810	111810	1	0	2	0	L1_B08_S1_C7_M3C
0	2	14	-4	111810	111810	1	1	2	2	L1_B08_S1_C7_M4C
0	2	14	-5	111810	111810	1	2	3	0	L1_B08_S1_C7_M5C
0	2	14	-6	111810	111810	1	3	3	2	L1_B08_S1_C7_M6C
0	2	5	-1	111810	111810	6	2	5	0	L1_B03_S2_C6_M1C
0	2	5	-2	111810	111810	6	3	5	2	L1_B03_S2_C6_M2C
0	2	5	-3	111810	111810	7	0	6	0	L1_B03_S2_C6_M3C
0	2	5	-4	111810	111810	7	1	6	2	L1_B03_S2_C6_M4C
0	2	5	-5	111810	111810	7	2	7	0	L1_B03_S2_C6_M5C
0	2	5	-6	111810	111810	7	3	7	2	L1_B03_S2_C6_M6C
0	2	15	0	111811	111811	0	1	0	2	L1_B08_S2_A7_M0
0	2	15	1	111811	111811	0	2	1	0	L1_B08_S2_A7_M1A
0	2	15	2	111811	111811	0	3	1	2	L1_B08_S2_A7_M2A
0	2	15	3	111811	111811	1	0	2	0	L1_B08_S2_A7_M3A
0	2	15	4	111811	111811	1	1	2	2	L1_B08_S2_A7_M4A
0	2	15	5	111811	111811	1	2	3	0	L1_B08_S2_A7_M5A
0	2	15	6	111811	111811	1	3	3	2	L1_B08_S2_A7_M6A
0	2	13	0	111811	111811	6	1	4	2	L1_B07_S2_A7_M0
0	2	13	1	111811	111811	6	2	5	0	L1_B07_S2_A7_M1A
0	2	13	2	111811	111811	6	3	5	2	L1_B07_S2_A7_M2A
0	2	13	3	111811	111811	7	0	6	0	L1_B07_S2_A7_M3A
0	2	13	4	111811	111811	7	1	6	2	L1_B07_S2_A7_M4A
0	2	13	5	111811	111811	7	2	7	0	L1_B07_S2_A7_M5A
0	2	13	6	111811	111811	7	3	7	2	L1_B07_S2_A7_M6A
0	2	15	-1	111812	111812	0	2	1	0	L1_B08_S2_C6_M1C
0	2	15	-2	111812	111812	0	3	1	2	L1_B08_S2_C6_M2C
0	2	15	-3	111812	111812	1	0	2	0	L1_B08_S2_C6_M3C
0	2	15	-4	111812	111812	1	1	2	2	L1_B08_S2_C6_M4C
0	2	15	-5	111812	111812	1	2	3	0	L1_B08_S2_C6_M5C
0	2	15	-6	111812	111812	1	3	3	2	L1_B08_S2_C6_M6C
0	2	13	-1	111812	111812	6	2	5	0	L1_B07_S2_C6_M1C
0	2	13	-2	111812	111812	6	3	5	2	L1_B07_S2_C6_M2C
0	2	13	-3	111812	111812	7	0	6	0	L1_B07_S2_C6_M3C
0	2	13	-4	111812	111812	7	1	6	2	L1_B07_S2_C6_M4C
0	2	13	-5	111812	111812	7	2	7	0	L1_B07_S2_C6_M5C
0	2	13	-6	111812	111812	7	3	7	2	L1_B07_S2_C6_M6C
0	2	22	1	111814	111814	0	2	1	0	L1_B12_S1_A6_M1A
0	2	22	2	111814	111814	0	3	1	2	L1_B12_S1_A6_M2A
0	2	22	3	111814	111814	1	0	2	0	L1_B12_S1_A6_M3A
0	2	22	4	111814	111814	1	1	2	2	L1_B12_S1_A6_M4A
0	2	22	5	111814	111814	1	2	3	0	L1_B12_S1_A6_M5A
0	2	22	6	111814	111814	1	3	3	2	L1_B12_S1_A6_M6A
0	2	23	0	111814	111814	6	1	4	2	L1_B12_S2_A7_M0
0	2	23	1	111814	111814	6	2	5	0	L1_B12_S2_A7_M1A
0	2	23	2	111814	111814	6	3	5	2	L1_B12_S2_A7_M2A
0	2	23	3	111814	111814	7	0	6	0	L1_B12_S2_A7_M3A
0	2	23	4	111814	111814	7	1	6	2	L1_B12_S2_A7_M4A
0	2	23	5	111814	111814	7	2	7	0	L1_B12_S2_A7_M5A
0	2	23	6	111814	111814	7	3	7	2	L1_B12_S2_A7_M6A
0	2	22	0	111815	111815	0	1	0	2	L1_B12_S1_C7_M0
0	2	22	-1	111815	111815	0	2	1	0	L1_B12_S1_C7_M1C
0	2	22	-2	111815	111815	0	3	1	2	L1_B12_S1_C7_M2C
0	2	22	-3	111815	111815	1	0	2	0	L1_B12_S1_C7_M3C
0	2	22	-4	111815	111815	1	1	2	2	L1_B12_S1_C7_M4C
0	2	22	-5	111815	111815	1	2	3	0	L1_B12_S1_C7_M5C
0	2	22	-6	111815	111815	1	3	3	2	L1_B12_S1_C7_M6C
0	2	23	-1	111815	111815	6	2	5	0	L1_B12_S2_C6_M1C
0	2	23	-2	111815	111815	6	3	5	2	L1_B12_S2_C6_M2C
0	2	23	-3	111815	111815	7	0	6	0	L1_B12_S2_C6_M3C
0	2	23	-4	111815	111815	7	1	6	2	L1_B12_S2_C6_M4C
0	2	23	-5	111815	111815	7	2	7	0	L1_B12_S2_C6_M5C
0	2	23	-6	111815	111815	7	3	7	2	L1_B12_S2_C6_M6C
0	2	24	1	111816	111816	0	2	1	0	L1_B13_S1_A6_M1A
0	2	24	2	111816	111816	0	3	1	2	L1_B13_S1_A6_M2A
0	2	24	3	111816	111816	1	0	2	0	L1_B13_S1_A6_M3A
0	2	24	4	111816	111816	1	1	2	2	L1_B13_S1_A6_M4A
0	2	24	5	111816	111816	1	2	3	0	L1_B13_S1_A6_M5A
0	2	24	6	111816	111816	1	3	3	2	L1_B13_S1_A6_M6A
0	2	25	0	111816	111816	6	1	4	2	L1_B13_S2_A7_M0
0	2	25	1	111816	111816	6	2	5	0	L1_B13_S2_A7_M1A
0	2	25	2	111816	111816	6	3	5	2	L1_B13_S2_A7_M2A
0	2	25	3	111816	111816	7	0	6	0	L1_B13_S2_A7_M3A
0	2	25	4	111816	111816	7	1	6	2	L1_B13_S2_A7_M4A
0	2	25	5	111816	111816	7	2	7	0	L1_B13_S2_A7_M5A
0	2	25	6	111816	111816	7	3	7	2	L1_B13_S2_A7_M6A
0	2	24	0	111817	111817	0	1	0	2	L1_B13_S1_C7_M0
0	2	24	-1	111817	111817	0	2	1	0	L1_B13_S1_C7_M1C
0	2	24	-2	111817	111817	0	3	1	2	L1_B13_S1_C7_M2C
0	2	24	-3	111817	111817	1	0	2	0	L1_B13_S1_C7_M3C
0	2	24	-4	111817	111817	1	1	2	2	L1_B13_S1_C7_M4C
0	2	24	-5	111817	111817	1	2	3	0	L1_B13_S1_C7_M5C
0	2	24	-6	111817	111817	1	3	3	2	L1_B13_S1_C7_M6C
0	2	25	-1	111817	111817	6	2	5	0	L1_B13_S2_C6_M1C
0	2	25	-2	111817	111817	6	3	5	2	L1_B13_S2_C6_M2C
0	2	25	-3	111817	111817	7	0	6	0	L1_B13_S2_C6_M3C
0	2	25	-4	111817	111817	7	1	6	2	L1_B13_S2_C6_M4C
0	2	25	-5	111817	111817	7	2	7	0	L1_B13_S2_C6_M5C
0	2	25	-6	111817	111817	7	3	7	2	L1_B13_S2_C6_M6C
0	2	32	1	111818	111818	0	2	1	0	L1_B17_S1_A6_M1A
0	2	32	2	111818	111818	0	3	1	2	L1_B17_S1_A6_M2A
0	2	32	3	111818	111818	1	0	2	0	L1_B17_S1_A6_M3A
0	2	32	4	111818	111818	1	1	2	2	L1_B17_S1_A6_M4A
0	2	32	5	111818	111818	1	2	3	0	L1_B17_S1_A6_M5A
0	2	32	6	111818	111818	1	3	3	2	L1_B17_S1_A6_M6A
0	2	33	0	111818	111818	6	1	4	2	L1_B17_S2_A7_M0
0	2	33	1	111818	111818	6	2	5	0	L1_B17_S2_A7_M1A
0	2	33	2	111818	111818	6	3	5	2	L1_B17_S2_A7_M2A
0	2	33	3	111818	111818	7	0	6	0	L1_B17_S2_A7_M3A
0	2	33	4	111818	111818	7	1	6	2	L1_B17_S2_A7_M4A
0	2	33	5	111818	111818	7	2	7	0	L1_B17_S2_A7_M5A
0	2	33	6	111818	111818	7	3	7	2	L1_B17_S2_A7_M6A
0	2	32	0	111819	111819	0	1	0	2	L1_B17_S1_C7_M0
0	2	32	-1	111819	111819	0	2	1	0	L1_B17_S1_C7_M1C
0	2	32	-2	111819	111819	0	3	1	2	L1_B17_S1_C7_M2C
0	2	32	-3	111819	111819	1	0	2	0	L1_B17_S1_C7_M3C
0	2	32	-4	111819	111819	1	1	2	2	L1_B17_S1_C7_M4C
0	2	32	-5	111819	111819	1	2	3	0	L1_B17_S1_C7_M5C
0	2	32	-6	111819	111819	1	3	3	2	L1_B17_S1_C7_M6C
0	2	33	-1	111819	111819	6	2	5	0	L1_B17_S2_C6_M1C
0	2	33	-2	111819	111819	6	3	5	2	L1_B17_S2_C6_M2C
0	2	33	-3	111819	111819	7	0	6	0	L1_B17_S2_C6_M3C
0	2	33	-4	111819	111819	7	1	6	2	L1_B17_S2_C6_M4C
0	2	33	-5	111819	111819	7	2	7	0	L1_B17_S2_C6_M5C
0	2	33	-6	111819	111819	7	3	7	2	L1_B17_S2_C6_M6C
0	2	34	1	111820	111820	0	2	1	0	L1_B18_S1_A6_M1A
0	2	34	2	111820	111820	0	3	1	2	L1_B18_S1_A6_M2A
0	2	34	3	111820	111820	1	0	2	0	L1_B18_S1_A6_M3A
0	2	34	4	111820	111820	1	1	2	2	L1_B18_S1_A6_M4A
0	2	34	5	111820	111820	1	2	3	0	L1_B18_S1_A6_M5A
0	2	34	6	111820	111820	1	3	3	2	L1_B18_S1_A6_M6A
0	2	35	0	111820	111820	6	1	4	2	L1_B18_S2_A7_M0
0	2	35	1	111820	111820	6	2	5	0	L1_B18_S2_A7_M1A
0	2	35	2	111820	111820	6	3	5	2	L1_B18_S2_A7_M2A
0	2	35	3	111820	111820	7	0	6	0	L1_B18_S2_A7_M3A
0	2	35	4	111820	111820	7	1	6	2	L1_B18_S2_A7_M4A
0	2	35	5	111820	111820	7	2	7	0	L1_B18_S2_A7_M5A
0	2	35	6	111820	111820	7	3	7	2	L1_B18_S2_A7_M6A
0	2	34	0	111821	111821	0	1	0	2	L1_B18_S1_C7_M0
0	2	34	-1	111821	111821	0	2	1	0	L1_B18_S1_C7_M1C
0	2	34	-2	111821	111821	0	3	1	2	L1_B18_S1_C7_M2C
0	2	34	-3	111821	111821	1	0	2	0	L1_B18_S1_C7_M3C
0	2	34	-4	111821	111821	1	1	2	2	L1_B18_S1_C7_M4C
0	2	34	-5	111821	111821	1	2	3	0	L1_B18_S1_C7_M5C
0	2	34	-6	111821	111821	1	3	3	2	L1_B18_S1_C7_M6C
0	2	35	-1	111821	111821	6	2	5	0	L1_B18_S2_C6_M1C
0	2	35	-2	111821	111821	6	3	5	2	L1_B18_S2_C6_M2C
0	2	35	-3	111821	111821	7	0	6	0	L1_B18_S2_C6_M3C
0	2	35	-4	111821	111821	7	1	6	2	L1_B18_S2_C6_M4C
0	2	35	-5	111821	111821	7	2	7	0	L1_B18_S2_C6_M5C
0	2	35	-6	111821	111821	7	3	7	2	L1_B18_S2_C6_M6C
