ROS 	 Cost Events Processed 	 Events Rate (Hz) 	 wall Time (s) 	 #lbs 	 Requests 	 Retrievals 	 Retrievals/event 	 Request rate (Hz)	 Retrieval rate (Hz)	 Retrieved data (Kb/s)	 Time per ROS retrieval (ms) 	 Time per event (ms) 	 ROB/request 
ROS-PIX-B-01 	 47242 	 19265.4 +/- 134.474 	 5635.05 	 95 	 2.51548e+08 	 1.34508e+08 	 1.2 	 44639.9 +/- 312.2 	 23869.8 +/- 178.9 	 55291.6 +/- 429.1 	 0.0144719 	 0.0179307 	 3.4 
ROS-PIX-B-00 	 45459 	 18603.2 +/- 134.452 	 5635.05 	 95 	 2.40276e+08 	 1.30485e+08 	 1.2 	 42639.5 +/- 307.0 	 23155.9 +/- 178.6 	 54261.2 +/- 433.2 	 0.0145725 	 0.0181388 	 3.5 
ROS-PIX-B-03 	 44912 	 18269.8 +/- 134.972 	 5635.05 	 95 	 2.37533e+08 	 1.24017e+08 	 1.2 	 42152.8 +/- 302.5 	 22008.1 +/- 171.1 	 43703.5 +/- 354.8 	 0.0148585 	 0.0178988 	 3.0 
ROS-PIX-B-02 	 44504 	 18156.9 +/- 134.39 	 5635.05 	 95 	 2.34137e+08 	 1.23496e+08 	 1.2 	 41550.2 +/- 298.4 	 21915.8 +/- 171.7 	 42996.2 +/- 352.0 	 0.014921 	 0.0180099 	 2.9 
ROS-PIX-B-05 	 42866 	 17494.5 +/- 129.446 	 5635.05 	 95 	 2.24894e+08 	 1.19036e+08 	 1.2 	 39909.9 +/- 293.4 	 21124.1 +/- 166.0 	 50588.6 +/- 425.7 	 0.0147503 	 0.0178106 	 3.6 
ROS-PIX-B-04 	 42072 	 17152.5 +/- 127.294 	 5635.05 	 95 	 2.19295e+08 	 1.17188e+08 	 1.2 	 38916.2 +/- 292.0 	 20796.3 +/- 159.5 	 50821.4 +/- 426.7 	 0.0148483 	 0.0180027 	 3.6 
ROS-PIX-BL-01 	 41800 	 17047.2 +/- 125.98 	 5635.05 	 95 	 2.1724e+08 	 1.14796e+08 	 1.2 	 38551.6 +/- 286.4 	 20371.8 +/- 163.0 	 42997.1 +/- 355.6 	 0.0149661 	 0.0178848 	 3.7 
ROS-TIL-LBA-01 	 48612 	 18349.7 +/- 116.016 	 5635.05 	 95 	 4.41673e+08 	 1.14248e+08 	 1.1 	 78379.7 +/- 492.2 	 20274.6 +/- 132.5 	 64722.4 +/- 414.9 	 0.0284186 	 0.0313997 	 2.3 
ROS-TIL-LBC-01 	 48340 	 18308.7 +/- 119.403 	 5635.05 	 95 	 4.3946e+08 	 1.14029e+08 	 1.1 	 77986.9 +/- 504.0 	 20235.6 +/- 134.5 	 64101.1 +/- 421.7 	 0.0275512 	 0.0304509 	 2.3 
ROS-TIL-LBA-00 	 48570 	 18282.3 +/- 112.37 	 5635.05 	 95 	 4.38643e+08 	 1.1351e+08 	 1.1 	 77842.0 +/- 466.5 	 20143.5 +/- 126.5 	 63998.4 +/- 397.0 	 0.0305391 	 0.0336481 	 2.3 
ROS-TIL-LBC-00 	 48231 	 18193.2 +/- 114.377 	 5635.05 	 95 	 4.3707e+08 	 1.13152e+08 	 1.1 	 77562.8 +/- 481.4 	 20080.0 +/- 129.9 	 63910.6 +/- 405.0 	 0.0306871 	 0.0338697 	 2.3 
ROS-PIX-BL-03 	 40402 	 16436.1 +/- 127.515 	 5635.05 	 95 	 2.11226e+08 	 1.0948e+08 	 1.2 	 37484.3 +/- 280.7 	 19428.3 +/- 157.2 	 42918.4 +/- 363.4 	 0.0150797 	 0.017825 	 3.6 
ROS-SCT-BA-01 	 38044 	 15622.2 +/- 123.599 	 5635.05 	 95 	 1.96892e+08 	 1.08585e+08 	 1.2 	 34940.7 +/- 274.7 	 19269.6 +/- 157.6 	 81132.8 +/- 666.4 	 0.0105969 	 0.013071 	 3.0 
ROS-SCT-BC-01 	 37764 	 15573.9 +/- 125.215 	 5635.05 	 95 	 1.93296e+08 	 1.08493e+08 	 1.2 	 34302.5 +/- 267.8 	 19253.3 +/- 158.9 	 81923.3 +/- 693.5 	 0.0106881 	 0.0132132 	 3.0 
ROS-PIX-BL-02 	 40053 	 16296.6 +/- 124.918 	 5635.05 	 95 	 2.08256e+08 	 1.08155e+08 	 1.2 	 36957.2 +/- 284.5 	 19193.3 +/- 155.4 	 43494.8 +/- 365.3 	 0.0150159 	 0.017685 	 3.7 
ROS-SCT-BA-00 	 37842 	 15488.3 +/- 124.622 	 5635.05 	 95 	 1.95131e+08 	 1.07687e+08 	 1.2 	 34628.1 +/- 269.0 	 19110.2 +/- 159.6 	 81207.7 +/- 696.5 	 0.0106103 	 0.0130915 	 3.0 
ROS-SCT-BC-00 	 36944 	 15238.5 +/- 126.552 	 5635.05 	 95 	 1.88775e+08 	 1.06074e+08 	 1.2 	 33500.2 +/- 266.6 	 18824.0 +/- 162.2 	 79336.1 +/- 674.7 	 0.0107917 	 0.0133309 	 3.0 
ROS-PIX-BL-00 	 37965 	 15535.1 +/- 124.625 	 5635.05 	 95 	 1.95746e+08 	 1.0257e+08 	 1.2 	 34737.2 +/- 265.6 	 18202.1 +/- 151.3 	 40722.7 +/- 348.6 	 0.0150623 	 0.0176482 	 3.7 
ROS-LAR-HECC-00 	 39434 	 15326.2 +/- 295.874 	 5635.05 	 95 	 8.96352e+08 	 9.88831e+07 	 1.1 	 159067.2 +/- 1752.7 	 17547.9 +/- 301.4 	 45796.5 +/- 428.4 	 0.0331328 	 0.0379356 	 2.7 
ROS-LAR-HECA-00 	 39776 	 15142.7 +/- 109.833 	 5635.05 	 95 	 8.93003e+08 	 9.85181e+07 	 1.2 	 158472.9 +/- 1099.0 	 17483.1 +/- 133.7 	 45499.8 +/- 347.2 	 0.0303319 	 0.0350199 	 2.6 
ROS-TIL-EBC-01 	 37738 	 14225.5 +/- 104.186 	 5635.05 	 95 	 3.30622e+08 	 8.6543e+07 	 1.1 	 58672.4 +/- 420.2 	 15358.0 +/- 118.5 	 49676.8 +/- 378.6 	 0.0276085 	 0.0298065 	 2.3 
ROS-TIL-EBA-01 	 37664 	 14083.5 +/- 96.5126 	 5635.05 	 95 	 3.29315e+08 	 8.57148e+07 	 1.1 	 58440.4 +/- 400.7 	 15211.0 +/- 107.2 	 49198.0 +/- 351.3 	 0.0286149 	 0.0309059 	 2.3 
ROS-TIL-EBC-00 	 37304 	 14038.1 +/- 101.624 	 5635.05 	 95 	 3.27855e+08 	 8.54889e+07 	 1.1 	 58181.3 +/- 414.4 	 15170.9 +/- 114.3 	 48951.3 +/- 360.4 	 0.0302132 	 0.0326512 	 2.3 
ROS-TIL-EBA-00 	 37813 	 14088.6 +/- 91.464 	 5635.05 	 95 	 3.2865e+08 	 8.54403e+07 	 1.1 	 58322.5 +/- 376.1 	 15162.3 +/- 99.3 	 48907.1 +/- 320.9 	 0.0304265 	 0.0327453 	 2.3 
ROS-PIX-DISK-01 	 30303 	 12286.9 +/- 104.661 	 5635.05 	 95 	 1.70936e+08 	 8.00047e+07 	 1.2 	 30334.5 +/- 251.1 	 14197.7 +/- 130.8 	 23211.5 +/- 213.9 	 0.0162919 	 0.0188256 	 2.9 
ROS-SCT-ECA-00 	 29123 	 11828.1 +/- 102.489 	 5635.05 	 95 	 1.60317e+08 	 7.73288e+07 	 1.2 	 28450.0 +/- 243.5 	 13722.8 +/- 126.0 	 62905.9 +/- 615.2 	 0.0115342 	 0.0133819 	 3.5 
ROS-SCT-ECA-01 	 28453 	 11566.2 +/- 104.12 	 5635.05 	 95 	 1.55995e+08 	 7.62994e+07 	 1.2 	 27683.1 +/- 246.4 	 13540.2 +/- 131.3 	 60683.1 +/- 594.6 	 0.0115584 	 0.013531 	 3.7 
ROS-PIX-DISK-00 	 27788 	 11397.3 +/- 101.489 	 5635.05 	 95 	 1.5249e+08 	 7.47067e+07 	 1.2 	 27060.9 +/- 237.7 	 13257.5 +/- 121.4 	 22323.5 +/- 208.5 	 0.0167429 	 0.0194756 	 3.0 
ROS-LAR-EMBA-08 	 33597 	 12622.9 +/- 95.0215 	 5635.05 	 95 	 4.00138e+08 	 7.3652e+07 	 1.0 	 71008.7 +/- 513.8 	 13070.3 +/- 101.9 	 28156.5 +/- 229.0 	 0.033189 	 0.0343654 	 2.0 
ROS-LAR-EMBC-13 	 33635 	 12680.4 +/- 98.4639 	 5635.05 	 95 	 4.01895e+08 	 7.34227e+07 	 1.0 	 71320.5 +/- 540.3 	 13029.7 +/- 102.2 	 28318.5 +/- 226.7 	 0.0291062 	 0.0299077 	 2.0 
ROS-LAR-EMBA-18 	 33379 	 12526.9 +/- 95.8985 	 5635.05 	 95 	 4.02427e+08 	 7.33241e+07 	 1.0 	 71415.0 +/- 563.4 	 13012.2 +/- 106.0 	 28127.8 +/- 239.3 	 0.031898 	 0.0331335 	 2.0 
ROS-LAR-EMBC-08 	 33341 	 12522.8 +/- 94.3294 	 5635.05 	 95 	 3.97543e+08 	 7.3092e+07 	 1.0 	 70548.2 +/- 521.2 	 12971.0 +/- 98.9 	 27956.5 +/- 232.6 	 0.0333173 	 0.0345096 	 2.0 
ROS-LAR-EMBC-18 	 33127 	 12485.1 +/- 98.1564 	 5635.05 	 95 	 3.95576e+08 	 7.29242e+07 	 1.0 	 70199.1 +/- 555.1 	 12941.2 +/- 107.1 	 27532.1 +/- 220.2 	 0.0301122 	 0.0312123 	 2.0 
ROS-LAR-EMBA-13 	 33351 	 12497.8 +/- 90.75 	 5635.05 	 95 	 3.977e+08 	 7.26995e+07 	 1.0 	 70576.1 +/- 522.9 	 12901.3 +/- 94.8 	 27892.1 +/- 224.0 	 0.0303041 	 0.0312826 	 2.0 
ROS-LAR-EMBA-07 	 32806 	 12307.2 +/- 92.592 	 5635.05 	 95 	 3.55238e+08 	 7.21055e+07 	 1.0 	 63040.8 +/- 461.6 	 12795.9 +/- 100.0 	 35290.5 +/- 278.6 	 0.0318317 	 0.0330957 	 2.4 
ROS-LAR-EMBA-17 	 32698 	 12271.7 +/- 94.3234 	 5635.05 	 95 	 3.55171e+08 	 7.20916e+07 	 1.0 	 63028.8 +/- 496.1 	 12793.4 +/- 104.8 	 35103.2 +/- 302.3 	 0.0308292 	 0.0321398 	 2.4 
ROS-LAR-EMBA-03 	 33203 	 12402.5 +/- 89.5761 	 5635.05 	 95 	 3.94601e+08 	 7.19704e+07 	 1.0 	 70026.3 +/- 500.6 	 12771.9 +/- 95.8 	 27456.4 +/- 219.9 	 0.0346606 	 0.0356931 	 2.0 
ROS-SCT-ECC-01 	 26648 	 10882 +/- 97.0345 	 5635.05 	 95 	 1.42648e+08 	 7.18409e+07 	 1.2 	 25314.5 +/- 235.8 	 12748.9 +/- 121.1 	 59526.1 +/- 597.9 	 0.0120598 	 0.0141288 	 3.6 
ROS-LAR-EMECC-10 	 29473 	 11417.4 +/- 289.962 	 5635.05 	 95 	 3.6998e+08 	 7.18293e+07 	 1.1 	 65656.9 +/- 979.0 	 12746.9 +/- 293.1 	 29771.5 +/- 566.4 	 0.0347542 	 0.0388013 	 1.7 
ROS-SCT-ECC-00 	 26399 	 10806.3 +/- 99.1081 	 5635.05 	 95 	 1.41098e+08 	 7.18259e+07 	 1.2 	 25039.3 +/- 232.9 	 12746.3 +/- 122.7 	 58954.9 +/- 585.6 	 0.0120878 	 0.0142578 	 4.0 
ROS-LAR-EMBC-12 	 32907 	 12410.6 +/- 97.1852 	 5635.05 	 95 	 3.57862e+08 	 7.1825e+07 	 1.0 	 63506.5 +/- 503.5 	 12746.1 +/- 100.9 	 35671.4 +/- 327.0 	 0.0287889 	 0.0295673 	 2.4 
ROS-LAR-EMBC-07 	 32680 	 12273.2 +/- 93.6667 	 5635.05 	 95 	 3.53242e+08 	 7.17113e+07 	 1.0 	 62686.5 +/- 463.1 	 12725.9 +/- 98.2 	 34942.3 +/- 321.9 	 0.0322287 	 0.0334177 	 2.4 
ROS-LAR-EMBC-03 	 32975 	 12361.9 +/- 92.0003 	 5635.05 	 95 	 3.90997e+08 	 7.15933e+07 	 1.0 	 69386.5 +/- 542.7 	 12705.0 +/- 95.6 	 27177.1 +/- 210.2 	 0.033536 	 0.0344668 	 2.0 
ROS-LAR-EMBC-17 	 32484 	 12243.2 +/- 96.8965 	 5635.05 	 95 	 3.50215e+08 	 7.14823e+07 	 1.0 	 62149.5 +/- 498.4 	 12685.3 +/- 103.5 	 34544.4 +/- 304.3 	 0.0297681 	 0.0308429 	 2.4 
ROS-LAR-EMBA-12 	 32685 	 12233.5 +/- 89.0318 	 5635.05 	 95 	 3.54295e+08 	 7.13143e+07 	 1.0 	 62873.4 +/- 474.9 	 12655.5 +/- 93.4 	 34931.0 +/- 288.2 	 0.0291049 	 0.0301088 	 2.4 
ROS-LAR-EMBA-02 	 32527 	 12165.6 +/- 89.1516 	 5635.05 	 95 	 3.49846e+08 	 7.07242e+07 	 1.0 	 62083.9 +/- 452.1 	 12550.8 +/- 95.6 	 34575.6 +/- 281.2 	 0.0328932 	 0.0339347 	 2.4 
ROS-LAR-EMBC-02 	 32306 	 12122 +/- 91.528 	 5635.05 	 95 	 3.47546e+08 	 7.01979e+07 	 1.0 	 61675.9 +/- 473.5 	 12457.4 +/- 97.8 	 34395.3 +/- 321.2 	 0.03302 	 0.0339335 	 2.4 
ROS-LAR-EMECA-10 	 29635 	 11055.5 +/- 84.4664 	 5635.05 	 95 	 3.63771e+08 	 6.97929e+07 	 1.1 	 64555.1 +/- 504.8 	 12385.5 +/- 94.1 	 28978.0 +/- 261.9 	 0.0327039 	 0.0366383 	 1.7 
ROS-LAR-EMBA-05 	 31200 	 11711.8 +/- 90.2611 	 5635.05 	 95 	 3.13131e+08 	 6.79302e+07 	 1.0 	 55568.4 +/- 427.0 	 12054.9 +/- 93.8 	 41222.4 +/- 379.7 	 0.0313511 	 0.0322696 	 2.9 
ROS-LAR-EMBC-10 	 31090 	 11722.6 +/- 93.6261 	 5635.05 	 95 	 3.13562e+08 	 6.78649e+07 	 1.0 	 55645.0 +/- 465.3 	 12043.3 +/- 97.1 	 41331.0 +/- 377.2 	 0.0286644 	 0.0294488 	 2.9 
ROS-LAR-EMBC-05 	 30802 	 11586.8 +/- 91.3086 	 5635.05 	 95 	 3.09867e+08 	 6.75385e+07 	 1.0 	 54989.2 +/- 419.5 	 11985.4 +/- 95.3 	 41217.3 +/- 365.7 	 0.0319179 	 0.0330161 	 3.0 
ROS-LAR-EMBA-15 	 30855 	 11563.7 +/- 90.7178 	 5635.05 	 95 	 3.12942e+08 	 6.72993e+07 	 1.0 	 55535.0 +/- 459.0 	 11943.0 +/- 97.7 	 41207.8 +/- 357.6 	 0.0312523 	 0.0322775 	 2.9 
ROS-LAR-EMBC-15 	 30550 	 11523.4 +/- 95.1341 	 5635.05 	 95 	 3.08019e+08 	 6.71561e+07 	 1.0 	 54661.3 +/- 456.5 	 11917.6 +/- 101.3 	 40235.6 +/- 332.0 	 0.0298502 	 0.0308713 	 2.9 
ROS-LAR-EMBA-10 	 30875 	 11580.5 +/- 87.6216 	 5635.05 	 95 	 3.11199e+08 	 6.70446e+07 	 1.0 	 55225.7 +/- 447.7 	 11897.8 +/- 91.4 	 40984.8 +/- 372.8 	 0.0289189 	 0.0297112 	 2.9 
ROS-TRT-BC-00 	 24969 	 9686.05 +/- 81.2598 	 5635.05 	 95 	 1.13063e+08 	 6.69328e+07 	 1.2 	 20064.2 +/- 193.9 	 11877.9 +/- 104.2 	 42948.0 +/- 376.8 	 0.0146126 	 0.0179194 	 3.3 
ROS-TRT-BC-01 	 24699 	 9599 +/- 81.1146 	 5635.05 	 95 	 1.11249e+08 	 6.64431e+07 	 1.2 	 19742.3 +/- 189.5 	 11791.0 +/- 105.7 	 43756.3 +/- 394.2 	 0.0143614 	 0.0176409 	 3.3 
ROS-LAR-EMBA-00 	 30742 	 11502.1 +/- 86.5396 	 5635.05 	 95 	 3.07088e+08 	 6.64173e+07 	 1.0 	 54496.0 +/- 421.1 	 11786.5 +/- 90.1 	 40336.1 +/- 378.8 	 0.0342771 	 0.0351247 	 2.9 
ROS-LAR-EMBC-00 	 30556 	 11436.6 +/- 86.9886 	 5635.05 	 95 	 3.04992e+08 	 6.62162e+07 	 1.0 	 54124.1 +/- 416.8 	 11750.8 +/- 90.3 	 39952.6 +/- 355.1 	 0.0333281 	 0.0342438 	 2.9 
ROS-TRT-BA-00 	 24815 	 9519.09 +/- 75.0689 	 5635.05 	 95 	 1.11047e+08 	 6.59365e+07 	 1.2 	 19706.5 +/- 181.6 	 11701.1 +/- 101.1 	 42106.2 +/- 381.5 	 0.014636 	 0.017991 	 3.3 
ROS-TRT-BA-01 	 24388 	 9425.3 +/- 77.1625 	 5635.05 	 95 	 1.09752e+08 	 6.51076e+07 	 1.2 	 19476.6 +/- 193.1 	 11554.0 +/- 100.8 	 41486.9 +/- 369.6 	 0.0144601 	 0.017726 	 3.3 
ROS-LAR-EMBA-06 	 28671 	 10779.3 +/- 88.6859 	 5635.05 	 95 	 2.86112e+08 	 6.25008e+07 	 1.0 	 50773.7 +/- 398.8 	 11091.4 +/- 92.2 	 37721.5 +/- 340.3 	 0.033221 	 0.0341829 	 2.9 
ROS-LAR-EMBA-11 	 28712 	 10735.2 +/- 81.2883 	 5635.05 	 95 	 2.87701e+08 	 6.24071e+07 	 1.0 	 51055.7 +/- 398.8 	 11074.8 +/- 85.0 	 37668.0 +/- 319.8 	 0.0294184 	 0.0303491 	 2.9 
ROS-LAR-EMBA-16 	 28585 	 10707.4 +/- 87.3895 	 5635.05 	 95 	 2.88709e+08 	 6.23306e+07 	 1.0 	 51234.4 +/- 447.4 	 11061.2 +/- 94.4 	 37973.9 +/- 371.7 	 0.0306591 	 0.0316722 	 2.9 
ROS-LAR-EMBC-11 	 28697 	 10802.6 +/- 89.871 	 5635.05 	 95 	 2.90199e+08 	 6.22774e+07 	 1.0 	 51498.9 +/- 437.0 	 11051.8 +/- 92.8 	 38397.4 +/- 365.2 	 0.0289099 	 0.0295768 	 2.9 
ROS-LAR-EMBC-06 	 28565 	 10673.3 +/- 81.7794 	 5635.05 	 95 	 2.84309e+08 	 6.19738e+07 	 1.0 	 50453.8 +/- 387.2 	 10997.9 +/- 85.6 	 37513.0 +/- 344.9 	 0.0325723 	 0.0335628 	 2.9 
ROS-LAR-EMBC-16 	 28314 	 10678.2 +/- 90.4694 	 5635.05 	 95 	 2.82502e+08 	 6.1868e+07 	 1.0 	 50133.0 +/- 432.2 	 10979.1 +/- 93.4 	 36908.6 +/- 349.0 	 0.0292975 	 0.0301233 	 2.9 
ROS-LAR-EMBA-01 	 28326 	 10563.9 +/- 82.6072 	 5635.05 	 95 	 2.80967e+08 	 6.12093e+07 	 1.0 	 49860.5 +/- 391.3 	 10862.2 +/- 88.9 	 36808.4 +/- 337.9 	 0.0319956 	 0.0328992 	 2.9 
ROS-LAR-EMBC-01 	 28011 	 10490.4 +/- 84.3914 	 5635.05 	 95 	 2.79967e+08 	 6.05406e+07 	 1.0 	 49683.1 +/- 404.5 	 10743.6 +/- 87.1 	 36678.5 +/- 362.4 	 0.0332472 	 0.0340496 	 2.9 
ROS-LAR-EMECA-11 	 24993 	 9359.37 +/- 81.1745 	 5635.05 	 95 	 4.0033e+08 	 5.75664e+07 	 1.1 	 71042.9 +/- 610.1 	 10215.8 +/- 93.9 	 34527.0 +/- 326.6 	 0.0304632 	 0.0332506 	 1.9 
ROS-LAR-EMECC-11 	 24780 	 9379.52 +/- 84.6993 	 5635.05 	 95 	 3.961e+08 	 5.71429e+07 	 1.1 	 70292.3 +/- 589.8 	 10140.6 +/- 90.7 	 34170.1 +/- 301.3 	 0.0302971 	 0.0327555 	 1.9 
ROS-TGC-ECA-00 	 20458 	 9481.24 +/- 101.029 	 5635.05 	 95 	 1.6751e+08 	 5.70177e+07 	 1.1 	 29726.4 +/- 245.6 	 10118.4 +/- 113.0 	 3786.8 +/- 44.2 	 0.017519 	 0.0186963 	 1.0 
ROS-LAR-EMBA-19 	 26046 	 9739.44 +/- 81.48 	 5635.05 	 95 	 2.15202e+08 	 5.68502e+07 	 1.0 	 38190.0 +/- 318.8 	 10088.7 +/- 88.7 	 33621.6 +/- 312.8 	 0.0308607 	 0.0319674 	 3.3 
ROS-LAR-EMECC-04 	 24412 	 9234.8 +/- 81.7492 	 5635.05 	 95 	 1.9675e+08 	 5.67316e+07 	 1.1 	 34915.4 +/- 304.6 	 10067.6 +/- 88.3 	 18053.9 +/- 160.9 	 0.037197 	 0.0405516 	 1.8 
ROS-LAR-EMBC-14 	 26202 	 9813.18 +/- 82.23 	 5635.05 	 95 	 2.15742e+08 	 5.66594e+07 	 1.0 	 38285.8 +/- 315.3 	 10054.8 +/- 85.5 	 34021.7 +/- 328.5 	 0.0279498 	 0.028638 	 3.4 
ROS-LAR-EMBA-09 	 25874 	 9720.32 +/- 83.9507 	 5635.05 	 95 	 2.13214e+08 	 5.65344e+07 	 1.0 	 37837.1 +/- 302.5 	 10032.6 +/- 87.4 	 33492.1 +/- 292.0 	 0.0309732 	 0.0319684 	 3.3 
ROS-LAR-EMBC-09 	 25977 	 9671.63 +/- 76.8131 	 5635.05 	 95 	 2.13718e+08 	 5.63861e+07 	 1.0 	 37926.6 +/- 299.1 	 10006.3 +/- 81.3 	 33168.5 +/- 313.7 	 0.0305362 	 0.0315929 	 3.3 
ROS-LAR-EMECA-04 	 24257 	 9129.97 +/- 83.203 	 5635.05 	 95 	 1.94648e+08 	 5.61668e+07 	 1.1 	 34542.3 +/- 309.3 	 9967.4 +/- 92.4 	 17552.3 +/- 158.4 	 0.0326273 	 0.03562 	 1.7 
ROS-LAR-EMBA-14 	 25903 	 9651.58 +/- 76.0366 	 5635.05 	 95 	 2.12782e+08 	 5.61544e+07 	 1.0 	 37760.5 +/- 297.9 	 9965.2 +/- 79.9 	 33066.1 +/- 280.1 	 0.0284196 	 0.0293431 	 3.3 
ROS-LAR-EMBC-19 	 25517 	 9625.33 +/- 86.7035 	 5635.05 	 95 	 2.10882e+08 	 5.59758e+07 	 1.0 	 37423.2 +/- 335.8 	 9933.5 +/- 95.3 	 32731.8 +/- 315.1 	 0.0292746 	 0.0302119 	 3.3 
ROS-LAR-EMECA-07 	 24289 	 9212.81 +/- 86.9529 	 5635.05 	 95 	 2.89229e+08 	 5.59098e+07 	 1.1 	 51326.8 +/- 464.9 	 9921.8 +/- 101.1 	 32051.2 +/- 319.5 	 0.0288459 	 0.0310658 	 2.6 
ROS-LAR-EMBA-04 	 25773 	 9584.18 +/- 76.3842 	 5635.05 	 95 	 2.10816e+08 	 5.55818e+07 	 1.0 	 37411.6 +/- 291.8 	 9863.6 +/- 82.7 	 32654.9 +/- 280.0 	 0.0318596 	 0.0327884 	 3.3 
ROS-LAR-EMBC-04 	 25599 	 9570.39 +/- 79.6525 	 5635.05 	 95 	 2.10117e+08 	 5.52192e+07 	 1.0 	 37287.5 +/- 312.8 	 9799.2 +/- 85.6 	 32685.3 +/- 326.4 	 0.0325834 	 0.0333625 	 3.3 
ROS-LAR-EMECC-07 	 24117 	 9155.5 +/- 84.5414 	 5635.05 	 95 	 2.88891e+08 	 5.5024e+07 	 1.1 	 51266.8 +/- 446.1 	 9764.6 +/- 89.6 	 32327.2 +/- 306.5 	 0.0268422 	 0.0286279 	 2.6 
ROS-LAR-EMECC-02 	 24050 	 9074.6 +/- 78.3679 	 5635.05 	 95 	 2.88731e+08 	 5.46094e+07 	 1.1 	 51238.4 +/- 456.6 	 9691.0 +/- 84.2 	 30895.0 +/- 297.2 	 0.0376154 	 0.0401706 	 2.6 
ROS-LAR-EMECA-02 	 24147 	 9089.24 +/- 79.9125 	 5635.05 	 95 	 2.86877e+08 	 5.44394e+07 	 1.1 	 50909.4 +/- 429.7 	 9660.9 +/- 84.9 	 30069.0 +/- 281.6 	 0.031924 	 0.0339317 	 2.5 
ROS-LAR-EMECC-09 	 23306 	 8756.98 +/- 81.1808 	 5635.05 	 95 	 3.24875e+08 	 5.31855e+07 	 1.1 	 57652.6 +/- 521.1 	 9438.3 +/- 86.7 	 29483.5 +/- 271.0 	 0.0322248 	 0.0347321 	 2.1 
ROS-LAR-EMECA-09 	 23553 	 8717.28 +/- 71.3224 	 5635.05 	 95 	 3.26597e+08 	 5.30339e+07 	 1.1 	 57958.1 +/- 490.1 	 9411.4 +/- 77.2 	 29384.8 +/- 255.0 	 0.0355961 	 0.0384306 	 2.2 
ROS-LAR-EMECC-03 	 22644 	 8527.17 +/- 76.3485 	 5635.05 	 95 	 1.92455e+08 	 5.12674e+07 	 1.1 	 34153.2 +/- 306.5 	 9098.0 +/- 82.0 	 27261.8 +/- 249.4 	 0.0380639 	 0.0406118 	 3.0 
ROS-LAR-EMECC-05 	 23017 	 8658.64 +/- 79.3534 	 5635.05 	 95 	 2.20606e+08 	 5.10337e+07 	 1.0 	 39148.9 +/- 346.5 	 9056.5 +/- 83.4 	 26471.1 +/- 271.8 	 0.0287166 	 0.0300361 	 2.9 
ROS-LAR-EMECA-05 	 22984 	 8581.32 +/- 76.8622 	 5635.05 	 95 	 2.19557e+08 	 5.07505e+07 	 1.0 	 38962.7 +/- 348.8 	 9006.2 +/- 84.5 	 26020.0 +/- 262.0 	 0.0291324 	 0.0305749 	 2.8 
ROS-LAR-EMECA-03 	 22606 	 8470.06 +/- 73.6442 	 5635.05 	 95 	 1.90429e+08 	 5.06196e+07 	 1.1 	 33793.6 +/- 280.8 	 8983.0 +/- 78.3 	 26787.5 +/- 243.5 	 0.0317721 	 0.0336962 	 2.9 
ROS-LAR-MET 	 16074 	 8825.14 +/- 105.873 	 5635.05 	 95 	 4.97301e+07 	 4.97301e+07 	 1.0 	 8825.1 +/- 105.9 	 8825.1 +/- 105.9 	 268753.1 +/- 3224.2 	 0.568305 	 0.568305 	 8.0 
ROS-TIL-MET 	 16074 	 8825.14 +/- 105.873 	 5635.05 	 95 	 9.94602e+07 	 4.97301e+07 	 1.0 	 17650.3 +/- 211.7 	 8825.1 +/- 105.9 	 38903.8 +/- 466.7 	 0.00558942 	 0.00558942 	 4.0 
ROS-LAR-EMECA-08 	 21484 	 8173.77 +/- 84.204 	 5635.05 	 95 	 1.82074e+08 	 4.92923e+07 	 1.1 	 32311.0 +/- 303.7 	 8747.5 +/- 96.5 	 25737.6 +/- 253.9 	 0.0252826 	 0.027057 	 2.9 
ROS-LAR-EMECC-08 	 21241 	 8056.61 +/- 78.6157 	 5635.05 	 95 	 1.8037e+08 	 4.83816e+07 	 1.1 	 32008.7 +/- 291.1 	 8585.8 +/- 83.6 	 25927.8 +/- 275.2 	 0.0256909 	 0.0273785 	 3.0 
ROS-TGC-ECC-00 	 16866 	 8058.41 +/- 99.1952 	 5635.05 	 95 	 1.36009e+08 	 4.81894e+07 	 1.1 	 24136.2 +/- 224.6 	 8551.7 +/- 110.1 	 3287.7 +/- 43.4 	 0.0146173 	 0.0155121 	 1.0 
ROS-TRT-BC-02 	 18694 	 7214.9 +/- 68.3167 	 5635.05 	 95 	 7.90358e+07 	 4.74306e+07 	 1.2 	 14025.7 +/- 153.3 	 8417.1 +/- 84.5 	 27232.4 +/- 276.8 	 0.0150429 	 0.0175493 	 2.9 
ROS-TRT-BA-02 	 18707 	 7207.33 +/- 66.3616 	 5635.05 	 95 	 7.95589e+07 	 4.72819e+07 	 1.2 	 14118.6 +/- 156.8 	 8390.7 +/- 82.7 	 27064.1 +/- 276.4 	 0.0150718 	 0.0175464 	 3.0 
ROS-LAR-EMECA-06 	 19835 	 7534.63 +/- 79.1367 	 5635.05 	 95 	 1.91734e+08 	 4.55365e+07 	 1.1 	 34025.3 +/- 348.8 	 8080.9 +/- 91.7 	 23190.9 +/- 231.7 	 0.0253269 	 0.0271633 	 2.8 
ROS-LAR-EMECC-01 	 20005 	 7551.57 +/- 72.5617 	 5635.05 	 95 	 1.89203e+08 	 4.51053e+07 	 1.1 	 33576.2 +/- 330.9 	 8004.4 +/- 76.9 	 23718.3 +/- 247.2 	 0.0393147 	 0.0416724 	 2.9 
ROS-LAR-EMECC-06 	 19608 	 7438.72 +/- 75.6174 	 5635.05 	 95 	 1.88863e+08 	 4.47284e+07 	 1.1 	 33515.8 +/- 327.4 	 7937.5 +/- 80.7 	 23301.4 +/- 260.2 	 0.0253953 	 0.0270982 	 2.8 
ROS-LAR-EMECA-01 	 19735 	 7414.29 +/- 70.4765 	 5635.05 	 95 	 1.8568e+08 	 4.3953e+07 	 1.1 	 32951.0 +/- 300.8 	 7799.9 +/- 74.1 	 22826.6 +/- 215.8 	 0.0325111 	 0.0342021 	 2.9 
ROS-LAR-EMECC-00 	 19031 	 7125.02 +/- 68.9537 	 5635.05 	 95 	 1.83794e+08 	 4.21796e+07 	 1.1 	 32616.2 +/- 336.5 	 7485.2 +/- 73.0 	 24348.4 +/- 257.9 	 0.0421173 	 0.0442465 	 2.8 
ROS-LAR-EMECA-00 	 18964 	 7059.58 +/- 63.9253 	 5635.05 	 95 	 1.84348e+08 	 4.15466e+07 	 1.0 	 32714.5 +/- 307.3 	 7372.9 +/- 67.2 	 24419.3 +/- 262.3 	 0.0319111 	 0.0333273 	 2.8 
ROS-TRT-ECA-05 	 13359 	 5093.54 +/- 54.3302 	 5635.05 	 95 	 5.83576e+07 	 3.28422e+07 	 1.1 	 10356.2 +/- 130.5 	 5828.2 +/- 66.5 	 28935.9 +/- 354.0 	 0.0147658 	 0.0168955 	 4.5 
ROS-TRT-ECC-05 	 13221 	 5096.38 +/- 57.8388 	 5635.05 	 95 	 5.66493e+07 	 3.27225e+07 	 1.1 	 10053.0 +/- 127.1 	 5807.0 +/- 68.7 	 29237.9 +/- 377.6 	 0.0148025 	 0.0168664 	 4.5 
ROS-MDT-ECA-01 	 10698 	 4957.06 +/- 72.1473 	 5635.05 	 95 	 8.31304e+07 	 3.25166e+07 	 1.2 	 14752.4 +/- 171.5 	 5770.4 +/- 81.5 	 5077.4 +/- 81.5 	 0.0139054 	 0.016187 	 2.3 
ROS-TRT-ECC-04 	 13167 	 5061 +/- 55.8777 	 5635.05 	 95 	 5.63553e+07 	 3.24879e+07 	 1.1 	 10000.8 +/- 126.3 	 5765.3 +/- 68.1 	 29524.3 +/- 401.2 	 0.0141806 	 0.0161541 	 4.6 
ROS-TRT-ECA-04 	 13084 	 5040.5 +/- 55.3494 	 5635.05 	 95 	 5.71013e+07 	 3.2417e+07 	 1.1 	 10133.2 +/- 136.2 	 5752.7 +/- 68.1 	 28758.1 +/- 384.0 	 0.0142741 	 0.0162911 	 4.5 
ROS-TRT-ECC-02 	 12537 	 4891.94 +/- 59.2617 	 5635.05 	 95 	 5.59491e+07 	 3.15463e+07 	 1.1 	 9928.8 +/- 137.5 	 5598.2 +/- 72.1 	 26748.6 +/- 372.3 	 0.0139274 	 0.0159382 	 4.2 
ROS-TRT-ECC-01 	 12276 	 4795.5 +/- 56.4912 	 5635.05 	 95 	 5.35163e+07 	 3.05265e+07 	 1.1 	 9497.1 +/- 135.2 	 5417.3 +/- 67.7 	 25909.6 +/- 334.5 	 0.0139866 	 0.0158 	 4.1 
ROS-TRT-ECC-03 	 12214 	 4705.68 +/- 53.5172 	 5635.05 	 95 	 5.38269e+07 	 3.02396e+07 	 1.1 	 9552.2 +/- 140.1 	 5366.3 +/- 66.0 	 25137.2 +/- 323.0 	 0.0142861 	 0.0162918 	 4.2 
ROS-TRT-ECA-01 	 12188 	 4682.03 +/- 52.6681 	 5635.05 	 95 	 5.34346e+07 	 2.99254e+07 	 1.1 	 9482.5 +/- 130.9 	 5310.6 +/- 64.7 	 24871.7 +/- 328.8 	 0.0140216 	 0.015904 	 4.2 
ROS-TRT-ECA-00 	 12207 	 4678.69 +/- 52.4877 	 5635.05 	 95 	 5.329e+07 	 2.98739e+07 	 1.1 	 9456.9 +/- 129.6 	 5301.4 +/- 64.0 	 25140.6 +/- 328.3 	 0.0147482 	 0.0167112 	 4.2 
ROS-MDT-ECA-03 	 9905 	 4537.18 +/- 68.8881 	 5635.05 	 95 	 7.62658e+07 	 2.98074e+07 	 1.2 	 13534.2 +/- 164.6 	 5289.6 +/- 77.8 	 4822.1 +/- 81.9 	 0.0147691 	 0.0172185 	 2.3 
ROS-TRT-ECC-00 	 11984 	 4665.52 +/- 56.9865 	 5635.05 	 95 	 5.24529e+07 	 2.96985e+07 	 1.1 	 9308.3 +/- 132.5 	 5270.3 +/- 67.2 	 26377.5 +/- 335.4 	 0.0148784 	 0.0168071 	 4.2 
ROS-TRT-ECA-03 	 11995 	 4608.15 +/- 52.7622 	 5635.05 	 95 	 5.32072e+07 	 2.95821e+07 	 1.1 	 9442.2 +/- 137.8 	 5249.7 +/- 65.1 	 23940.8 +/- 303.1 	 0.0142991 	 0.0162897 	 4.2 
ROS-TRT-ECA-02 	 12106 	 4648.06 +/- 52.5833 	 5635.05 	 95 	 5.34054e+07 	 2.95811e+07 	 1.1 	 9477.4 +/- 128.0 	 5249.5 +/- 64.2 	 24426.6 +/- 312.0 	 0.0140327 	 0.0158484 	 4.1 
ROS-MDT-ECC-03 	 8388 	 3983.93 +/- 70.9113 	 5635.05 	 95 	 6.52068e+07 	 2.60945e+07 	 1.2 	 11571.6 +/- 154.9 	 4630.7 +/- 78.9 	 4172.1 +/- 81.6 	 0.0144938 	 0.0168469 	 2.3 
ROS-MDT-ECC-01 	 8392 	 3933.31 +/- 66.9685 	 5635.05 	 95 	 6.53921e+07 	 2.59707e+07 	 1.2 	 11604.5 +/- 155.5 	 4608.8 +/- 75.6 	 4158.5 +/- 83.1 	 0.0150042 	 0.0175809 	 2.3 
ROS-RPC-BA-00 	 9687 	 4260.97 +/- 60.7086 	 5635.05 	 95 	 4.34197e+07 	 2.53217e+07 	 1.1 	 7705.3 +/- 100.5 	 4493.6 +/- 62.7 	 4354.6 +/- 60.2 	 0.0133032 	 0.0140295 	 1.0 
ROS-CSC-ECA-00 	 8271 	 4102.3 +/- 73.3562 	 5635.05 	 95 	 5.51994e+07 	 2.38659e+07 	 1.0 	 9795.7 +/- 132.4 	 4235.3 +/- 76.7 	 1549.1 +/- 44.6 	 0.0142727 	 0.0147353 	 1.1 
ROS-RPC-BC-00 	 8769 	 3895.39 +/- 62.5321 	 5635.05 	 95 	 4.08587e+07 	 2.29951e+07 	 1.0 	 7250.8 +/- 101.6 	 4080.7 +/- 64.1 	 3993.7 +/- 61.4 	 0.0103615 	 0.0108545 	 1.0 
ROS-MDT-ECA-00 	 7229 	 3335.41 +/- 60.4598 	 5635.05 	 95 	 5.64907e+07 	 2.26502e+07 	 1.2 	 10024.9 +/- 142.9 	 4019.5 +/- 69.9 	 3267.9 +/- 61.5 	 0.0148131 	 0.0178513 	 2.4 
ROS-MDT-ECA-02 	 6718 	 3131.22 +/- 58.6207 	 5635.05 	 95 	 5.23579e+07 	 2.12957e+07 	 1.2 	 9291.5 +/- 135.7 	 3779.1 +/- 67.4 	 2813.3 +/- 56.4 	 0.0225406 	 0.0272048 	 2.3 
ROS-MDT-BA-01 	 6663 	 2901.2 +/- 49.8734 	 5635.05 	 95 	 3.29511e+07 	 1.83499e+07 	 1.1 	 5847.5 +/- 95.7 	 3256.4 +/- 54.9 	 2239.9 +/- 39.9 	 0.0148557 	 0.0166744 	 2.0 
ROS-MDT-BA-00 	 6515 	 2875.09 +/- 49.1615 	 5635.05 	 95 	 3.23637e+07 	 1.82276e+07 	 1.1 	 5743.3 +/- 93.8 	 3234.7 +/- 54.0 	 2108.0 +/- 37.7 	 0.010626 	 0.011955 	 1.9 
ROS-RPC-BA-01 	 6639 	 3007.93 +/- 51.8362 	 5635.05 	 95 	 2.95821e+07 	 1.76056e+07 	 1.0 	 5249.7 +/- 84.5 	 3124.3 +/- 53.0 	 2875.6 +/- 48.2 	 0.0164047 	 0.0170394 	 1.0 
ROS-MDT-ECC-02 	 5428 	 2599.93 +/- 56.9977 	 5635.05 	 95 	 4.28029e+07 	 1.73531e+07 	 1.2 	 7595.8 +/- 125.6 	 3079.5 +/- 63.8 	 2393.0 +/- 54.1 	 0.012437 	 0.014731 	 2.2 
ROS-MDT-ECC-00 	 5322 	 2497.41 +/- 48.9999 	 5635.05 	 95 	 4.10505e+07 	 1.65666e+07 	 1.2 	 7284.9 +/- 119.7 	 2939.9 +/- 55.1 	 2327.5 +/- 47.0 	 0.0129464 	 0.0152404 	 2.2 
ROS-RPC-BC-01 	 6124 	 2766.23 +/- 52.1476 	 5635.05 	 95 	 2.84083e+07 	 1.6111e+07 	 1.0 	 5041.4 +/- 86.2 	 2859.1 +/- 53.1 	 2658.3 +/- 48.5 	 0.0510068 	 0.0527185 	 1.0 
ROS-MDT-BC-01 	 5674 	 2516.42 +/- 49.0512 	 5635.05 	 95 	 2.90231e+07 	 1.59184e+07 	 1.1 	 5150.5 +/- 93.6 	 2824.9 +/- 53.4 	 2064.0 +/- 44.4 	 0.0102483 	 0.0115045 	 2.0 
ROS-MDT-BC-00 	 5496 	 2376.74 +/- 47.0718 	 5635.05 	 95 	 2.76974e+07 	 1.52046e+07 	 1.1 	 4915.2 +/- 88.9 	 2698.2 +/- 51.0 	 1926.3 +/- 38.0 	 0.00960956 	 0.0109093 	 2.0 
ROS-MDT-BA-03 	 5486 	 2487.82 +/- 47.1797 	 5635.05 	 95 	 2.74988e+07 	 1.51598e+07 	 1.1 	 4880.0 +/- 90.7 	 2690.3 +/- 50.2 	 1571.5 +/- 32.6 	 0.0184258 	 0.0199254 	 1.9 
ROS-MDT-BA-02 	 4905 	 2186 +/- 45.0951 	 5635.05 	 95 	 2.51613e+07 	 1.36609e+07 	 1.1 	 4465.1 +/- 87.8 	 2424.3 +/- 49.1 	 1534.7 +/- 31.6 	 0.0225835 	 0.025045 	 1.9 
ROS-MDT-BC-03 	 4818 	 2169.57 +/- 45.0758 	 5635.05 	 95 	 2.49701e+07 	 1.33236e+07 	 1.1 	 4431.2 +/- 88.5 	 2364.4 +/- 48.1 	 1348.5 +/- 30.3 	 0.0591342 	 0.0644451 	 1.9 
ROS-MDT-BC-02 	 4406 	 1961.61 +/- 42.7546 	 5635.05 	 95 	 2.31293e+07 	 1.23232e+07 	 1.1 	 4104.5 +/- 84.8 	 2186.9 +/- 46.6 	 1473.7 +/- 36.9 	 0.064053 	 0.0714091 	 1.9 
ROS-CSC-ECC-00 	 3429 	 1793.33 +/- 49.8097 	 5635.05 	 95 	 2.16715e+07 	 1.05745e+07 	 1.0 	 3845.8 +/- 83.3 	 1876.6 +/- 52.7 	 776.2 +/- 23.4 	 0.0141068 	 0.0147615 	 1.1 
ROS-LAR-FCALC-00 	 1548 	 896.359 +/- 276.339 	 5635.05 	 95 	 1.95023e+07 	 5.31121e+06 	 1.1 	 3460.9 +/- 1105.3 	 942.5 +/- 276.5 	 2777.7 +/- 854.4 	 0.0258929 	 0.0272267 	 1.8 
ROS-LAR-FCALA-00 	 1564 	 616.486 +/- 22.1218 	 5635.05 	 95 	 1.34684e+07 	 3.85448e+06 	 1.1 	 2390.1 +/- 81.1 	 684.0 +/- 23.9 	 1890.0 +/- 74.3 	 0.0109903 	 0.0121942 	 1.9 
ROS-TDQ-CALPP-02 	 7913 	 4230.94 +/- 578.657 	 5635.05 	 95 	 2.38415e+07 	 0 	 0.0 	 4230.9 +/- 578.7 	 0.0 +/- 0.0 	 0.0 +/- 0.0 	 0 	 0.000574288 	 8.0 
ROS-TDQ-MUCTPI-00 	 27216 	 9710.18 +/- 58.9186 	 5635.05 	 95 	 5.47173e+07 	 0 	 0.0 	 9710.2 +/- 58.9 	 0.0 +/- 0.0 	 0.0 +/- 0.0 	 0 	 0.000460337 	 1.0 
ROS-TDQ-CALPP-01 	 7913 	 4230.94 +/- 578.657 	 5635.05 	 95 	 2.38415e+07 	 0 	 0.0 	 4230.9 +/- 578.7 	 0.0 +/- 0.0 	 0.0 +/- 0.0 	 0 	 0.000574288 	 12.0 
ROS-TDQ-CALPP-00 	 7913 	 4230.94 +/- 578.657 	 5635.05 	 95 	 2.38415e+07 	 0 	 0.0 	 4230.9 +/- 578.7 	 0.0 +/- 0.0 	 0.0 +/- 0.0 	 0 	 0.000574288 	 12.0 
