ROS 	Cost Events Processed 	Events Rate (Hz) 	wall Time (s) 	#lbs 	Requests 	Retrievals 	Retrievals/event 	Request rate (Hz)	Retrieval rate (Hz)	Retrieved data (Kb/s)	Time per ROS retrieval (ms) 	Time per event (ms) 	ROB/request
ROS-PIX-B-01 	103932 	8663.57 +/- 62.9976 	8853.68 	146 	2.0557e+08 	1.07386e+08 	1.4 	23218.6 +/- 155.1 	12129.0 +/- 81.3 	18838.7 +/- 160.9 	0.00952345 	0.0133328 	4.6
ROS-PIX-B-00 	102099 	8553.13 +/- 63.0559 	8853.68 	146 	2.02738e+08 	1.05031e+08 	1.4 	22898.7 +/- 154.4 	11863.0 +/- 80.5 	18675.3 +/- 161.3 	0.00964567 	0.0133783 	4.6
ROS-PIX-B-02 	96830 	8354.13 +/- 62.9872 	8853.68 	146 	1.95574e+08 	9.86008e+07 	1.3 	22089.6 +/- 147.1 	11136.7 +/- 78.5 	15145.8 +/- 137.7 	0.00996857 	0.0132889 	4.0
ROS-PIX-B-03 	96979 	8343.96 +/- 62.8538 	8853.68 	146 	1.93226e+08 	9.84568e+07 	1.3 	21824.4 +/- 145.2 	11120.4 +/- 77.8 	15049.5 +/- 134.9 	0.00992519 	0.0132278 	4.1
ROS-PIX-B-05 	92897 	7971.65 +/- 60.5495 	8853.68 	146 	1.8346e+08 	9.53093e+07 	1.4 	20721.3 +/- 143.3 	10764.9 +/- 76.2 	17234.7 +/- 153.6 	0.00987088 	0.0133297 	4.9
ROS-PIX-B-04 	90912 	7868.83 +/- 60.5893 	8853.68 	146 	1.80893e+08 	9.36585e+07 	1.3 	20431.4 +/- 143.5 	10578.5 +/- 76.4 	17224.9 +/- 156.6 	0.00996592 	0.0133977 	4.9
ROS-PIX-BL-01 	94253 	7815.55 +/- 59.1742 	8853.68 	146 	1.83244e+08 	9.14525e+07 	1.3 	20697.0 +/- 146.3 	10329.3 +/- 74.5 	13470.8 +/- 121.9 	0.0102469 	0.0135426 	5.0
ROS-PIX-BL-03 	88190 	7589.37 +/- 59.2029 	8853.68 	146 	1.75695e+08 	8.78885e+07 	1.3 	19844.3 +/- 138.5 	9926.8 +/- 73.2 	13526.9 +/- 124.5 	0.010279 	0.0134447 	4.9
ROS-SCT-BA-01 	87060 	7313.27 +/- 58.1407 	8853.68 	146 	1.67784e+08 	8.75163e+07 	1.4 	18950.7 +/- 140.1 	9884.7 +/- 74.2 	19134.0 +/- 191.1 	0.00746078 	0.0100841 	4.4
ROS-PIX-BL-02 	85977 	7435.59 +/- 58.5979 	8853.68 	146 	1.71864e+08 	8.68129e+07 	1.3 	19411.6 +/- 140.7 	9805.3 +/- 74.3 	13309.7 +/- 123.5 	0.0102512 	0.0135182 	5.1
ROS-SCT-BA-00 	86335 	7247.39 +/- 57.4711 	8853.68 	146 	1.65255e+08 	8.62956e+07 	1.3 	18665.1 +/- 136.2 	9746.9 +/- 72.1 	19259.9 +/- 193.9 	0.00746568 	0.0100404 	4.4
ROS-SCT-BC-01 	84805 	7127.43 +/- 56.585 	8853.68 	146 	1.65153e+08 	8.50759e+07 	1.3 	18653.6 +/- 137.9 	9609.1 +/- 71.8 	18896.9 +/- 191.2 	0.00760695 	0.0102556 	4.4
ROS-SCT-BC-00 	84858 	7113.59 +/- 56.2379 	8853.68 	146 	1.65408e+08 	8.49945e+07 	1.3 	18682.4 +/- 136.0 	9599.9 +/- 69.9 	19148.6 +/- 193.9 	0.00762405 	0.0102888 	4.4
ROS-PIX-BL-00 	82735 	7115.42 +/- 56.3559 	8853.68 	146 	1.62296e+08 	8.22116e+07 	1.3 	18330.9 +/- 128.9 	9285.6 +/- 68.6 	12445.5 +/- 117.8 	0.0104114 	0.0135868 	5.0
ROS-LAR-HECA-00 	81989 	7485.04 +/- 98.1987 	8853.68 	146 	6.26722e+08 	8.06365e+07 	1.2 	70786.6 +/- 620.8 	9107.7 +/- 108.3 	21844.7 +/- 247.9 	0.0133676 	0.0162655 	2.5
ROS-LAR-HECC-00 	79398 	7244.14 +/- 52.9322 	8853.68 	146 	6.1196e+08 	7.82945e+07 	1.2 	69119.3 +/- 464.8 	8843.2 +/- 70.3 	21037.3 +/- 160.8 	0.0135512 	0.0165424 	2.5
ROS-TIL-LBA-00 	96931 	7575.11 +/- 44.5342 	8853.68 	146 	2.64128e+08 	7.72438e+07 	1.2 	29832.6 +/- 153.2 	8724.5 +/- 53.3 	29908.4 +/- 184.9 	0.0143671 	0.016547 	2.2
ROS-TIL-LBA-01 	96709 	7512.18 +/- 43.7783 	8853.68 	146 	2.6164e+08 	7.64549e+07 	1.1 	29551.5 +/- 147.9 	8635.4 +/- 50.2 	29847.2 +/- 176.9 	0.0139692 	0.0160578 	2.2
ROS-TIL-LBC-00 	95762 	7478.67 +/- 44.807 	8853.68 	146 	2.59132e+08 	7.60285e+07 	1.1 	29268.3 +/- 149.4 	8587.2 +/- 52.9 	29134.4 +/- 178.1 	0.0142943 	0.0164132 	2.2
ROS-TIL-LBC-01 	94973 	7389.59 +/- 43.8881 	8853.68 	146 	2.56512e+08 	7.50927e+07 	1.1 	28972.4 +/- 147.5 	8481.5 +/- 50.6 	29097.4 +/- 174.1 	0.0140147 	0.0160855 	2.2
ROS-SCT-ECA-00 	67085 	5850.15 +/- 52.6024 	8853.68 	146 	1.33734e+08 	6.59083e+07 	1.3 	15104.9 +/- 120.9 	7444.2 +/- 60.9 	16677.7 +/- 182.7 	0.00854709 	0.010876 	5.1
ROS-SCT-ECA-01 	65520 	5700.81 +/- 51.2463 	8853.68 	146 	1.30778e+08 	6.58579e+07 	1.3 	14771.0 +/- 119.6 	7438.5 +/- 61.3 	16194.6 +/- 180.0 	0.00847929 	0.0110639 	5.5
ROS-SCT-ECC-01 	63279 	5578.17 +/- 51.1641 	8853.68 	146 	1.30622e+08 	6.33285e+07 	1.3 	14753.4 +/- 120.6 	7152.8 +/- 61.5 	16237.4 +/- 181.8 	0.00883461 	0.0113285 	5.2
ROS-PIX-DISK-01 	64551 	5515.34 +/- 47.4621 	8853.68 	146 	1.33309e+08 	6.17922e+07 	1.3 	15056.9 +/- 116.6 	6979.3 +/- 57.3 	9744.0 +/- 113.1 	0.0119982 	0.0151829 	4.8
ROS-SCT-ECC-00 	61069 	5382.26 +/- 49.3584 	8853.68 	146 	1.24688e+08 	6.17723e+07 	1.3 	14083.2 +/- 114.4 	6977.0 +/- 58.8 	15858.4 +/- 181.2 	0.00887246 	0.0115014 	5.8
ROS-RPC-BA-00 	64518 	6355.86 +/- 77.4441 	8853.68 	146 	1.50235e+08 	5.9834e+07 	1.1 	16968.7 +/- 133.9 	6758.1 +/- 82.6 	6548.6 +/- 78.8 	0.00622319 	0.00661703 	1.0
ROS-PIX-DISK-00 	61534 	5330.13 +/- 46.4973 	8853.68 	146 	1.30062e+08 	5.9541e+07 	1.3 	14690.2 +/- 115.4 	6725.0 +/- 57.3 	9692.8 +/- 116.0 	0.0122891 	0.0155051 	4.9
ROS-TIL-EBA-01 	72305 	5629.11 +/- 37.334 	8853.68 	146 	1.90818e+08 	5.61492e+07 	1.1 	21552.4 +/- 122.4 	6341.9 +/- 42.2 	20809.9 +/- 141.7 	0.0139 	0.0156601 	2.2
ROS-TIL-EBA-00 	72765 	5622.55 +/- 36.2783 	8853.68 	146 	1.90883e+08 	5.60523e+07 	1.1 	21559.7 +/- 124.7 	6331.0 +/- 41.6 	20608.8 +/- 139.8 	0.0143589 	0.0161681 	2.2
ROS-TIL-EBC-00 	71457 	5570.04 +/- 37.4281 	8853.68 	146 	1.88126e+08 	5.53098e+07 	1.1 	21248.4 +/- 120.6 	6247.1 +/- 41.7 	20611.9 +/- 137.7 	0.0143257 	0.016067 	2.2
ROS-TGC-ECA-00 	51699 	5139.47 +/- 61.6723 	8853.68 	146 	1.36051e+08 	5.50703e+07 	1.2 	15366.7 +/- 173.8 	6220.0 +/- 88.0 	1847.8 +/- 20.4 	0.00628078 	0.00760131 	1.0
ROS-TIL-EBC-01 	70657 	5525.09 +/- 37.5299 	8853.68 	146 	1.86761e+08 	5.48417e+07 	1.1 	21094.2 +/- 121.9 	6194.2 +/- 41.6 	20284.4 +/- 139.6 	0.0140362 	0.0157361 	2.2
ROS-RPC-BA-01 	56752 	5739.34 +/- 73.9191 	8853.68 	146 	1.35753e+08 	5.38857e+07 	1.1 	15332.9 +/- 131.3 	6086.3 +/- 80.8 	5622.0 +/- 75.9 	0.00626472 	0.00664339 	1.0
ROS-LAR-EMECA-10 	58546 	5306.92 +/- 93.3654 	8853.68 	146 	2.48264e+08 	5.23791e+07 	1.1 	28040.7 +/- 330.2 	5916.1 +/- 94.8 	17800.7 +/- 439.8 	0.0138109 	0.0153962 	1.6
ROS-TGC-ECC-00 	47628 	4693.49 +/- 56.0784 	8853.68 	146 	1.28919e+08 	5.12883e+07 	1.2 	14561.1 +/- 179.7 	5792.9 +/- 89.4 	1721.8 +/- 19.3 	0.00624788 	0.00771137 	1.0
ROS-LAR-EMECC-10 	57063 	5136.76 +/- 42.8987 	8853.68 	146 	2.3747e+08 	5.07182e+07 	1.1 	26821.6 +/- 207.9 	5728.5 +/- 45.3 	16808.8 +/- 200.3 	0.0139795 	0.0155899 	1.6
ROS-LAR-EMBA-08 	64477 	5022.21 +/- 35.9211 	8853.68 	146 	2.31357e+08 	4.90984e+07 	1.1 	26131.1 +/- 172.1 	5545.5 +/- 40.3 	10749.4 +/- 84.4 	0.0152278 	0.0168145 	2.0
ROS-LAR-EMBA-07 	63166 	4904.49 +/- 35.2322 	8853.68 	146 	2.11533e+08 	4.8891e+07 	1.1 	23892.2 +/- 151.3 	5522.1 +/- 40.0 	13283.4 +/- 110.9 	0.0147045 	0.0165562 	2.3
ROS-LAR-EMBA-03 	64933 	4997.95 +/- 35.0215 	8853.68 	146 	2.30596e+08 	4.87635e+07 	1.1 	26045.2 +/- 166.3 	5507.7 +/- 39.6 	10477.6 +/- 74.8 	0.0152487 	0.0168039 	1.9
ROS-LAR-EMBA-02 	63558 	4902.1 +/- 34.9275 	8853.68 	146 	2.13271e+08 	4.87305e+07 	1.1 	24088.4 +/- 152.1 	5504.0 +/- 40.3 	13200.2 +/- 104.5 	0.0147477 	0.0165584 	2.3
ROS-LAR-EMBC-08 	64084 	4970.95 +/- 35.6605 	8853.68 	146 	2.29101e+08 	4.85307e+07 	1.1 	25876.3 +/- 162.7 	5481.4 +/- 39.5 	10611.3 +/- 81.1 	0.0152199 	0.0167828 	2.0
ROS-LAR-EMBC-07 	62872 	4872.61 +/- 35.2607 	8853.68 	146 	2.09886e+08 	4.83586e+07 	1.1 	23706.1 +/- 147.2 	5462.0 +/- 39.2 	12956.7 +/- 101.7 	0.0147178 	0.016498 	2.3
ROS-LAR-EMBC-13 	63287 	4946.6 +/- 36.089 	8853.68 	146 	2.28348e+08 	4.81969e+07 	1.1 	25791.3 +/- 173.4 	5443.7 +/- 39.7 	10605.6 +/- 83.4 	0.0150088 	0.0165171 	2.0
ROS-LAR-EMBA-13 	63939 	4930.03 +/- 34.2311 	8853.68 	146 	2.29034e+08 	4.81647e+07 	1.1 	25868.8 +/- 163.3 	5440.1 +/- 38.1 	10504.3 +/- 76.3 	0.0148923 	0.016433 	1.9
ROS-LAR-EMBC-12 	62007 	4854.39 +/- 35.926 	8853.68 	146 	2.09215e+08 	4.80892e+07 	1.1 	23630.2 +/- 155.1 	5431.5 +/- 39.8 	13063.2 +/- 111.2 	0.0144982 	0.0162219 	2.3
ROS-LAR-EMBA-12 	62651 	4828.68 +/- 33.9916 	8853.68 	146 	2.09481e+08 	4.80316e+07 	1.1 	23660.3 +/- 147.5 	5425.0 +/- 38.3 	13011.6 +/- 103.4 	0.0143782 	0.016154 	2.3
ROS-LAR-EMBA-17 	63045 	4825.06 +/- 34.0072 	8853.68 	146 	2.10415e+08 	4.79807e+07 	1.1 	23765.8 +/- 147.0 	5419.3 +/- 37.6 	13200.0 +/- 107.4 	0.0142974 	0.0160582 	2.3
ROS-LAR-EMBA-18 	64293 	4918.05 +/- 34.1599 	8853.68 	146 	2.26856e+08 	4.79329e+07 	1.1 	25622.8 +/- 161.3 	5413.9 +/- 37.3 	10535.6 +/- 82.6 	0.0148267 	0.0163216 	2.0
ROS-LAR-EMBC-03 	63644 	4885.73 +/- 34.1563 	8853.68 	146 	2.25194e+08 	4.74972e+07 	1.1 	25435.1 +/- 154.6 	5364.7 +/- 37.7 	10345.1 +/- 76.1 	0.0153244 	0.0168267 	1.9
ROS-LAR-EMBC-02 	62541 	4806.24 +/- 34.229 	8853.68 	146 	2.07244e+08 	4.74171e+07 	1.1 	23407.6 +/- 142.4 	5355.6 +/- 37.5 	12896.5 +/- 103.3 	0.0148197 	0.0165137 	2.3
ROS-LAR-EMBC-18 	63030 	4836.2 +/- 34.3024 	8853.68 	146 	2.22443e+08 	4.69931e+07 	1.1 	25124.4 +/- 158.9 	5307.8 +/- 37.3 	10236.3 +/- 75.6 	0.0149344 	0.0163906 	1.9
ROS-LAR-EMBC-17 	61812 	4746.51 +/- 34.1023 	8853.68 	146 	2.03618e+08 	4.68672e+07 	1.1 	22998.1 +/- 143.5 	5293.5 +/- 37.4 	12698.1 +/- 102.6 	0.0144246 	0.016087 	2.3
ROS-LAR-EMBA-05 	59634 	4642.45 +/- 34.5187 	8853.68 	146 	1.90623e+08 	4.61358e+07 	1.1 	21530.3 +/- 143.1 	5210.9 +/- 38.7 	16178.1 +/- 137.9 	0.0147065 	0.0165073 	2.8
ROS-LAR-EMBA-00 	60117 	4631.45 +/- 33.856 	8853.68 	146 	1.91408e+08 	4.59132e+07 	1.1 	21619.1 +/- 143.4 	5185.8 +/- 38.0 	15673.6 +/- 125.3 	0.0146953 	0.0164542 	2.7
ROS-LAR-EMBC-05 	59419 	4610.88 +/- 34.4783 	8853.68 	146 	1.89609e+08 	4.58143e+07 	1.1 	21415.8 +/- 143.2 	5174.6 +/- 38.5 	15960.7 +/- 136.7 	0.0146706 	0.0164642 	2.8
ROS-LAR-EMBC-10 	58576 	4578.33 +/- 34.6911 	8853.68 	146 	1.87738e+08 	4.54697e+07 	1.1 	21204.6 +/- 143.9 	5135.7 +/- 38.0 	15847.5 +/- 132.6 	0.0143533 	0.0161006 	2.8
ROS-LAR-EMBA-15 	59458 	4560.11 +/- 33.2321 	8853.68 	146 	1.87866e+08 	4.51057e+07 	1.1 	21218.9 +/- 139.0 	5094.6 +/- 36.1 	15762.1 +/- 130.4 	0.0143552 	0.0160377 	2.8
ROS-LAR-EMBA-10 	59154 	4545.08 +/- 32.5999 	8853.68 	146 	1.87235e+08 	4.51053e+07 	1.1 	21147.7 +/- 135.6 	5094.5 +/- 36.1 	15694.3 +/- 125.8 	0.0143115 	0.0160416 	2.8
ROS-LAR-EMBC-00 	59110 	4547.94 +/- 33.3444 	8853.68 	146 	1.87045e+08 	4.50303e+07 	1.1 	21126.2 +/- 137.7 	5086.0 +/- 36.8 	15517.2 +/- 128.1 	0.0147175 	0.0164589 	2.8
ROS-LAR-EMBC-15 	58370 	4475.01 +/- 33.0209 	8853.68 	146 	1.83208e+08 	4.43845e+07 	1.1 	20692.9 +/- 138.1 	5013.1 +/- 36.3 	15459.1 +/- 131.2 	0.0143668 	0.0160943 	2.8
ROS-LAR-EMECA-11 	48712 	4500.32 +/- 92.0264 	8853.68 	146 	2.59325e+08 	4.37006e+07 	1.1 	29290.1 +/- 336.5 	4935.9 +/- 93.1 	19291.8 +/- 470.4 	0.0135978 	0.0149138 	1.8
ROS-LAR-EMECC-11 	47089 	4403.16 +/- 42.3431 	8853.68 	146 	2.53528e+08 	4.2612e+07 	1.1 	28635.4 +/- 231.7 	4812.9 +/- 44.0 	18970.3 +/- 218.4 	0.0138612 	0.0151511 	1.8
ROS-LAR-EMBA-06 	54891 	4260.18 +/- 32.7167 	8853.68 	146 	1.74106e+08 	4.24156e+07 	1.1 	19664.9 +/- 139.6 	4790.7 +/- 36.7 	14587.4 +/- 131.0 	0.0145516 	0.0163638 	2.7
ROS-LAR-EMBA-11 	54628 	4221.62 +/- 31.9245 	8853.68 	146 	1.73585e+08 	4.20937e+07 	1.1 	19605.9 +/- 137.3 	4754.4 +/- 35.9 	14525.6 +/- 124.5 	0.0142932 	0.016097 	2.8
ROS-LAR-EMBA-01 	55110 	4227.95 +/- 31.6105 	8853.68 	146 	1.75048e+08 	4.20927e+07 	1.1 	19771.3 +/- 136.0 	4754.3 +/- 35.2 	14595.0 +/- 118.4 	0.0145994 	0.0164167 	2.8
ROS-LAR-EMBC-11 	53910 	4217.84 +/- 33.6257 	8853.68 	146 	1.72708e+08 	4.20405e+07 	1.1 	19506.9 +/- 142.1 	4748.4 +/- 37.9 	14538.7 +/- 134.5 	0.0143689 	0.0161763 	2.8
ROS-LAR-EMBC-06 	54553 	4220.27 +/- 32.6 	8853.68 	146 	1.71747e+08 	4.19745e+07 	1.1 	19398.4 +/- 132.4 	4740.9 +/- 35.9 	14477.3 +/- 124.3 	0.0145175 	0.0163085 	2.7
ROS-MDT-BA-00 	45282 	4426.71 +/- 62.4087 	8853.68 	146 	1.03837e+08 	4.17353e+07 	1.1 	11728.2 +/- 102.8 	4713.9 +/- 66.5 	2592.2 +/- 41.5 	0.00620286 	0.00660527 	1.7
ROS-LAR-EMBA-16 	54757 	4172.83 +/- 31.1524 	8853.68 	146 	1.72128e+08 	4.15319e+07 	1.1 	19441.4 +/- 129.9 	4690.9 +/- 33.9 	14515.9 +/- 129.8 	0.0141434 	0.0158994 	2.8
ROS-LAR-EMBC-01 	54096 	4128.96 +/- 30.877 	8853.68 	146 	1.68322e+08 	4.07284e+07 	1.1 	19011.5 +/- 127.1 	4600.2 +/- 33.5 	14054.8 +/- 120.9 	0.0147755 	0.0164617 	2.7
ROS-LAR-EMBC-16 	53527 	4098.71 +/- 31.228 	8853.68 	146 	1.66421e+08 	4.05121e+07 	1.1 	18796.8 +/- 128.3 	4575.7 +/- 34.2 	13874.5 +/- 118.4 	0.0142647 	0.0159249 	2.7
ROS-MDT-BA-03 	41875 	4269.13 +/- 64.7167 	8853.68 	146 	9.92075e+07 	4.01817e+07 	1.1 	11205.2 +/- 108.1 	4538.4 +/- 71.1 	2276.9 +/- 39.9 	0.00629147 	0.00668831 	1.8
ROS-RPC-BC-00 	39651 	4121.41 +/- 65.462 	8853.68 	146 	1e+08 	4.00076e+07 	1.1 	11294.8 +/- 126.4 	4518.8 +/- 73.4 	4510.0 +/- 73.7 	0.00602177 	0.00660234 	1.1
ROS-LAR-EMECA-02 	48929 	3874.17 +/- 31.3784 	8853.68 	146 	1.88912e+08 	3.86138e+07 	1.1 	21337.1 +/- 153.1 	4361.3 +/- 34.7 	13762.3 +/- 125.6 	0.0137386 	0.0154662 	2.5
ROS-LAR-EMBA-09 	49201 	3813.78 +/- 30.4748 	8853.68 	146 	1.24294e+08 	3.7927e+07 	1.1 	14038.6 +/- 97.4 	4283.8 +/- 34.0 	12640.6 +/- 114.2 	0.0139971 	0.015722 	3.2
ROS-LAR-EMBA-04 	49754 	3791.5 +/- 29.2073 	8853.68 	146 	1.25002e+08 	3.76924e+07 	1.1 	14118.7 +/- 96.5 	4257.3 +/- 33.4 	12616.0 +/- 105.2 	0.0140917 	0.0158228 	3.2
ROS-LAR-EMBA-19 	49339 	3784.17 +/- 29.9221 	8853.68 	146 	1.24037e+08 	3.76312e+07 	1.1 	14009.6 +/- 95.1 	4250.3 +/- 32.8 	12582.9 +/- 109.7 	0.0135749 	0.0152471 	3.2
ROS-LAR-EMBA-14 	48999 	3758.52 +/- 29.3455 	8853.68 	146 	1.23582e+08 	3.74086e+07 	1.1 	13958.3 +/- 94.7 	4225.2 +/- 32.8 	12460.5 +/- 107.2 	0.0136455 	0.0153399 	3.2
ROS-LAR-EMECA-07 	47652 	3752.24 +/- 31.2896 	8853.68 	146 	1.77815e+08 	3.73724e+07 	1.1 	20083.8 +/- 139.6 	4221.1 +/- 34.8 	13103.0 +/- 116.7 	0.0133172 	0.0149813 	2.5
ROS-LAR-EMBC-14 	48311 	3759.52 +/- 31.3879 	8853.68 	146 	1.23274e+08 	3.73709e+07 	1.1 	13923.4 +/- 100.6 	4220.9 +/- 35.6 	12490.6 +/- 114.8 	0.0137869 	0.0154791 	3.2
ROS-LAR-EMECA-04 	47988 	3794.1 +/- 30.8566 	8853.68 	146 	1.23379e+08 	3.73225e+07 	1.1 	13935.3 +/- 100.1 	4215.5 +/- 34.0 	7684.6 +/- 66.0 	0.0136668 	0.0151846 	1.7
ROS-LAR-EMBC-09 	49000 	3762.84 +/- 30.5098 	8853.68 	146 	1.23013e+08 	3.73211e+07 	1.1 	13894.0 +/- 93.9 	4215.3 +/- 33.6 	12287.4 +/- 103.4 	0.0140058 	0.01569 	3.1
ROS-LAR-EMECC-02 	47223 	3736.71 +/- 31.0331 	8853.68 	146 	1.81652e+08 	3.72663e+07 	1.1 	20517.2 +/- 144.8 	4209.1 +/- 34.3 	13481.7 +/- 124.0 	0.013974 	0.0157407 	2.5
ROS-LAR-EMECC-07 	46748 	3712.75 +/- 31.3559 	8853.68 	146 	1.76643e+08 	3.71081e+07 	1.1 	19951.3 +/- 143.4 	4191.3 +/- 34.8 	13360.8 +/- 121.0 	0.0135303 	0.0152742 	2.6
ROS-LAR-EMECC-04 	47329 	3731.96 +/- 30.218 	8853.68 	146 	1.21692e+08 	3.6894e+07 	1.1 	13744.7 +/- 98.3 	4167.1 +/- 33.2 	7722.9 +/- 65.2 	0.0138322 	0.015445 	1.7
ROS-LAR-EMBC-04 	48578 	3718.93 +/- 29.6004 	8853.68 	146 	1.21407e+08 	3.66585e+07 	1.1 	13712.6 +/- 90.8 	4140.5 +/- 32.4 	12267.1 +/- 103.9 	0.0141327 	0.0157346 	3.2
ROS-LAR-EMECA-03 	45775 	3617.55 +/- 30.1961 	8853.68 	146 	1.21799e+08 	3.61809e+07 	1.1 	13756.9 +/- 98.4 	4086.5 +/- 33.6 	12276.7 +/- 103.9 	0.013218 	0.0149317 	2.8
ROS-LAR-EMBC-19 	47950 	3663.54 +/- 29.697 	8853.68 	146 	1.19338e+08 	3.61467e+07 	1.1 	13478.9 +/- 93.1 	4082.7 +/- 32.4 	12009.1 +/- 103.1 	0.0137377 	0.0153094 	3.2
ROS-LAR-EMECC-03 	44311 	3499.23 +/- 29.852 	8853.68 	146 	1.18909e+08 	3.496e+07 	1.1 	13430.5 +/- 96.4 	3948.6 +/- 33.7 	12208.7 +/- 109.2 	0.0134848 	0.0152166 	2.9
ROS-LAR-EMECC-05 	43717 	3443.62 +/- 29.5276 	8853.68 	146 	1.33052e+08 	3.42085e+07 	1.1 	15027.9 +/- 112.0 	3863.8 +/- 33.4 	10968.8 +/- 107.6 	0.0139801 	0.0156858 	2.8
ROS-TRT-BC-00 	41646 	2906.32 +/- 34.7485 	8853.68 	146 	5.87585e+07 	3.41052e+07 	1.3 	6636.6 +/- 91.8 	3852.1 +/- 57.6 	9247.2 +/- 188.5 	0.0135355 	0.0179402 	4.0
ROS-LAR-EMECC-09 	44484 	3434.46 +/- 28.1678 	8853.68 	146 	1.92791e+08 	3.39792e+07 	1.1 	21775.2 +/- 166.1 	3837.9 +/- 32.5 	11613.9 +/- 103.5 	0.0163547 	0.0182756 	2.2
ROS-TRT-BA-00 	41099 	2868.4 +/- 34.8109 	8853.68 	146 	5.7033e+07 	3.36633e+07 	1.3 	6441.7 +/- 90.5 	3802.2 +/- 57.5 	8942.5 +/- 182.9 	0.013615 	0.0180473 	4.0
ROS-LAR-EMECA-09 	44229 	3405.55 +/- 27.5266 	8853.68 	146 	1.90396e+08 	3.35193e+07 	1.1 	21504.8 +/- 169.0 	3785.9 +/- 31.1 	11521.4 +/- 104.2 	0.0165897 	0.0184426 	2.2
ROS-LAR-EMECA-05 	43552 	3370.85 +/- 28.4525 	8853.68 	146 	1.30616e+08 	3.33743e+07 	1.1 	14752.7 +/- 108.4 	3769.5 +/- 31.4 	10504.8 +/- 102.8 	0.0140869 	0.015753 	2.7
ROS-MDT-BA-01 	35229 	3478.37 +/- 59.0408 	8853.68 	146 	8.07156e+07 	3.313e+07 	1.1 	9116.6 +/- 97.6 	3741.9 +/- 62.1 	2157.6 +/- 38.1 	0.00615896 	0.00662566 	1.9
ROS-LAR-EMECA-08 	42013 	3314.61 +/- 29.3114 	8853.68 	146 	1.1127e+08 	3.30639e+07 	1.1 	12567.7 +/- 93.0 	3734.5 +/- 32.7 	11775.5 +/- 112.4 	0.0122616 	0.0138148 	2.8
ROS-TRT-BA-01 	40328 	2810.14 +/- 33.9707 	8853.68 	146 	5.43056e+07 	3.29078e+07 	1.3 	6133.7 +/- 89.5 	3716.9 +/- 58.0 	8808.0 +/- 184.7 	0.0138082 	0.0182635 	4.1
ROS-TRT-BC-01 	40412 	2831.27 +/- 34.516 	8853.68 	146 	5.47491e+07 	3.28042e+07 	1.3 	6183.8 +/- 87.4 	3705.1 +/- 55.9 	8933.6 +/- 184.5 	0.0138134 	0.0180769 	4.0
ROS-MDT-BA-02 	33654 	3446.19 +/- 58.4556 	8853.68 	146 	8.13835e+07 	3.26456e+07 	1.1 	9192.1 +/- 98.7 	3687.2 +/- 62.8 	1970.7 +/- 37.0 	0.00629174 	0.00673183 	1.8
ROS-LAR-EMECC-08 	41180 	3258.35 +/- 28.7194 	8853.68 	146 	1.10154e+08 	3.24378e+07 	1.1 	12441.6 +/- 91.8 	3663.8 +/- 31.4 	11884.3 +/- 114.4 	0.0126174 	0.0141873 	2.9
ROS-LAR-EMECA-01 	40122 	3179.95 +/- 28.2542 	8853.68 	146 	1.22892e+08 	3.18043e+07 	1.1 	13880.4 +/- 107.0 	3592.2 +/- 31.6 	10822.5 +/- 100.7 	0.0131208 	0.0148218 	2.7
ROS-RPC-BC-01 	31169 	3264.55 +/- 57.1906 	8853.68 	146 	7.92146e+07 	3.16505e+07 	1.1 	8947.1 +/- 103.2 	3574.8 +/- 63.8 	3409.5 +/- 61.0 	0.00601085 	0.00658216 	1.1
ROS-LAR-EMECA-06 	39057 	3094.06 +/- 28.4155 	8853.68 	146 	1.21251e+08 	3.09972e+07 	1.1 	13695.0 +/- 105.3 	3501.1 +/- 31.6 	11262.9 +/- 110.0 	0.0123406 	0.0139639 	2.7
ROS-LAR-EMECC-01 	38602 	3055.7 +/- 27.8107 	8853.68 	146 	1.18387e+08 	3.04988e+07 	1.1 	13371.5 +/- 105.0 	3444.8 +/- 31.6 	10639.6 +/- 99.3 	0.0134784 	0.0151945 	2.8
ROS-LAR-EMECC-06 	38130 	3020.53 +/- 27.7197 	8853.68 	146 	1.18676e+08 	3.02644e+07 	1.1 	13404.1 +/- 103.1 	3418.3 +/- 30.4 	11375.6 +/- 113.4 	0.0126984 	0.0143706 	2.7
ROS-LAR-EMECC-00 	37255 	2910.79 +/- 26.4397 	8853.68 	146 	1.16436e+08 	2.83701e+07 	1.1 	13151.1 +/- 108.4 	3204.3 +/- 28.9 	10168.5 +/- 101.9 	0.0148158 	0.0163099 	2.7
ROS-LAR-EMECA-00 	36994 	2887.11 +/- 25.808 	8853.68 	146 	1.13543e+08 	2.79705e+07 	1.1 	12824.4 +/- 103.2 	3159.2 +/- 27.6 	9935.1 +/- 99.0 	0.0148293 	0.0162269 	2.7
ROS-MDT-ECA-01 	27622 	2792 +/- 47.5533 	8853.68 	146 	6.97663e+07 	2.78596e+07 	1.1 	7879.9 +/- 98.8 	3146.7 +/- 56.1 	2117.2 +/- 38.3 	0.00652777 	0.00735699 	2.3
ROS-MDT-ECA-03 	25664 	2531 +/- 42.1606 	8853.68 	146 	6.51322e+07 	2.53235e+07 	1.1 	7356.5 +/- 99.5 	2860.2 +/- 52.8 	2114.4 +/- 37.6 	0.00659074 	0.00744806 	2.2
ROS-MDT-BC-00 	24191 	2556.83 +/- 52.4092 	8853.68 	146 	6.23254e+07 	2.50496e+07 	1.1 	7039.5 +/- 104.7 	2829.3 +/- 57.4 	1833.0 +/- 36.9 	0.00602661 	0.00666881 	1.9
ROS-TRT-BA-02 	32193 	2189.57 +/- 32.3703 	8853.68 	146 	4.05097e+07 	2.45704e+07 	1.3 	4575.5 +/- 78.1 	2775.2 +/- 49.4 	5841.9 +/- 128.4 	0.0161182 	0.0204289 	3.5
ROS-MDT-BC-01 	24202 	2526.93 +/- 50.6379 	8853.68 	146 	5.92147e+07 	2.4405e+07 	1.1 	6688.1 +/- 84.0 	2756.5 +/- 53.3 	1744.2 +/- 33.9 	0.00597843 	0.00652152 	2.0
ROS-TRT-BC-02 	31849 	2154.2 +/- 32.1563 	8853.68 	146 	3.98945e+07 	2.42475e+07 	1.3 	4506.0 +/- 76.6 	2738.7 +/- 49.4 	5806.9 +/- 129.9 	0.0162146 	0.020614 	3.5
ROS-MDT-ECC-01 	24414 	2381.65 +/- 39.4334 	8853.68 	146 	6.30317e+07 	2.41937e+07 	1.1 	7119.3 +/- 107.7 	2732.6 +/- 51.1 	1762.6 +/- 33.7 	0.00640646 	0.00735053 	2.1
ROS-MDT-BC-03 	22773 	2385.63 +/- 48.0939 	8853.68 	146 	5.67584e+07 	2.30294e+07 	1.1 	6410.7 +/- 81.7 	2601.1 +/- 52.3 	1389.7 +/- 31.8 	0.00603217 	0.00657701 	1.9
ROS-MDT-ECC-03 	21565 	2158.51 +/- 38.1971 	8853.68 	146 	5.65277e+07 	2.21418e+07 	1.2 	6384.7 +/- 88.4 	2500.9 +/- 48.3 	1645.8 +/- 32.7 	0.00622141 	0.00720815 	2.2
ROS-TRT-ECA-05 	26020 	1714.34 +/- 30.3308 	8853.68 	146 	3.41937e+07 	1.99551e+07 	1.3 	3862.1 +/- 70.7 	2253.9 +/- 48.4 	6875.3 +/- 175.5 	0.0173795 	0.0228492 	5.1
ROS-MDT-BC-02 	19409 	2047.04 +/- 46.2954 	8853.68 	146 	4.89265e+07 	1.99408e+07 	1.1 	5526.1 +/- 72.6 	2252.3 +/- 50.1 	1374.4 +/- 34.5 	0.00601553 	0.00661863 	1.9
ROS-TRT-ECA-04 	25818 	1694.46 +/- 29.7534 	8853.68 	146 	3.40568e+07 	1.9883e+07 	1.3 	3846.6 +/- 74.3 	2245.7 +/- 49.4 	6728.9 +/- 173.7 	0.0177082 	0.0234693 	5.1
ROS-MDT-ECA-00 	18890 	1991.79 +/- 41.8598 	8853.68 	146 	4.73564e+07 	1.96705e+07 	1.1 	5348.8 +/- 77.2 	2221.7 +/- 48.0 	1293.1 +/- 27.4 	0.0062833 	0.00700866 	2.1
ROS-TRT-ECC-05 	26046 	1691.46 +/- 29.8141 	8853.68 	146 	3.45823e+07 	1.96149e+07 	1.3 	3906.0 +/- 72.1 	2215.5 +/- 46.0 	6932.6 +/- 181.0 	0.0177936 	0.0233057 	5.1
ROS-TRT-ECC-04 	25764 	1696.5 +/- 30.0229 	8853.68 	146 	3.30553e+07 	1.95629e+07 	1.3 	3733.5 +/- 66.3 	2209.6 +/- 47.3 	6859.9 +/- 180.8 	0.0176628 	0.0230046 	5.0
ROS-MDT-ECA-02 	18880 	1903.98 +/- 39.2282 	8853.68 	146 	4.77579e+07 	1.90912e+07 	1.1 	5394.1 +/- 88.1 	2156.3 +/- 47.1 	1324.4 +/- 28.5 	0.00646458 	0.00732129 	2.2
ROS-TRT-ECC-02 	25165 	1643.35 +/- 29.7268 	8853.68 	146 	3.39324e+07 	1.89379e+07 	1.3 	3832.6 +/- 75.4 	2139.0 +/- 46.2 	6071.5 +/- 154.0 	0.0178678 	0.0232569 	4.6
ROS-TRT-ECC-01 	25161 	1633.48 +/- 29.4872 	8853.68 	146 	3.35852e+07 	1.87525e+07 	1.3 	3793.4 +/- 73.4 	2118.0 +/- 45.0 	6230.2 +/- 156.5 	0.0180958 	0.0234638 	4.6
ROS-TRT-ECA-03 	24754 	1593.67 +/- 29.0754 	8853.68 	146 	3.24663e+07 	1.85207e+07 	1.3 	3667.0 +/- 76.4 	2091.9 +/- 47.4 	5682.0 +/- 144.6 	0.0181684 	0.023848 	4.6
ROS-TRT-ECC-03 	24790 	1616.3 +/- 30.0272 	8853.68 	146 	3.28062e+07 	1.84474e+07 	1.3 	3705.4 +/- 71.7 	2083.6 +/- 45.4 	5883.9 +/- 152.1 	0.0179248 	0.0231071 	4.6
ROS-MDT-ECC-00 	18147 	1796.54 +/- 36.1375 	8853.68 	146 	4.69846e+07 	1.84095e+07 	1.2 	5306.8 +/- 102.1 	2079.3 +/- 49.1 	1251.2 +/- 26.5 	0.00626318 	0.00724896 	2.1
ROS-TRT-ECA-01 	24766 	1594.9 +/- 29.0293 	8853.68 	146 	3.22911e+07 	1.83112e+07 	1.3 	3647.2 +/- 72.3 	2068.2 +/- 45.0 	5810.5 +/- 147.5 	0.0183322 	0.0237724 	4.6
ROS-TRT-ECA-02 	24603 	1586.78 +/- 29.1769 	8853.68 	146 	3.26249e+07 	1.819e+07 	1.3 	3684.9 +/- 75.6 	2054.5 +/- 45.3 	5708.5 +/- 146.1 	0.0183564 	0.0237673 	4.6
ROS-TRT-ECC-00 	24803 	1555.82 +/- 28.1387 	8853.68 	146 	3.25694e+07 	1.78439e+07 	1.3 	3678.6 +/- 73.6 	2015.4 +/- 43.5 	5984.2 +/- 157.4 	0.0188204 	0.02438 	4.7
ROS-TRT-ECA-00 	24404 	1543 +/- 28.8313 	8853.68 	146 	3.07091e+07 	1.75728e+07 	1.3 	3468.5 +/- 69.1 	1984.8 +/- 44.3 	5492.2 +/- 144.8 	0.0187179 	0.0240773 	4.5
ROS-MDT-ECC-02 	14864 	1513.66 +/- 32.3244 	8853.68 	146 	3.9238e+07 	1.54726e+07 	1.2 	4431.8 +/- 80.7 	1747.6 +/- 41.2 	1078.7 +/- 24.0 	0.00617529 	0.00712968 	2.1
ROS-LAR-FCALA-00 	3253 	1225.56 +/- 89.2884 	8853.68 	146 	6.675e+07 	1.48098e+07 	1.4 	7539.2 +/- 415.8 	1672.7 +/- 97.2 	11038.1 +/- 743.6 	0.00622447 	0.0084956 	1.9
ROS-CSC-ECA-00 	18592 	1635.92 +/- 29.4113 	8853.68 	146 	3.79925e+07 	1.47445e+07 	1.0 	4291.2 +/- 43.2 	1665.4 +/- 29.5 	549.8 +/- 11.3 	0.00698642 	0.00711212 	1.1
ROS-LAR-FCALC-00 	3393 	1185.16 +/- 34.3741 	8853.68 	146 	6.64402e+07 	1.46311e+07 	1.4 	7504.3 +/- 255.8 	1652.5 +/- 51.9 	10916.8 +/- 337.8 	0.00634167 	0.00884264 	1.9
ROS-CSC-ECC-00 	9217 	867.12 +/- 23.2366 	8853.68 	146 	1.86669e+07 	7.86658e+06 	1.0 	2108.4 +/- 32.2 	888.5 +/- 23.3 	344.1 +/- 11.2 	0.00623966 	0.00639358 	1.1
ROS-TDQ-MUCTPI-00 	166168 	11057.6 +/- 27.1403 	8853.68 	146 	9.79004e+07 	0 	0.0 	11057.6 +/- 27.1 	0.0 +/- 0.0 	0.0 +/- 0.0 	0 	0.000404513 	1.0

