ROS 	Events 	Requests 	Retrievals 	Retrievals/event 	Request rate (Hz)	Retrieval rate (Hz)	Retrieved data (Kb/s)	Time per ROS retrieval (ms) 	Time per event (ms) 	ROB/request
ROS-PIX-B-03 	22001 	82830 	29195 	1.3 	39492.8 	13920.0 	15434.0 	2.34827 	3.11612 	3.6
ROS-PIX-B-01 	21117 	75812 	27360 	1.3 	36146.7 	13045.1 	18206.1 	2.3359 	3.02649 	3.8
ROS-PIX-B-04 	19982 	72287 	25815 	1.3 	34466.0 	12308.4 	15828.7 	2.30126 	2.97302 	4.2
ROS-PIX-B-00 	19949 	68936 	25094 	1.3 	32868.3 	11964.7 	20380.8 	2.34676 	2.95201 	4.0
ROS-LAR-HECA-00 	18782 	133058 	24725 	1.3 	63441.2 	11788.7 	21609.7 	2.00683 	2.64184 	2.0
ROS-LAR-HECC-00 	18303 	133758 	24252 	1.3 	63775.0 	11563.2 	21051.8 	2.11807 	2.80651 	2.0
ROS-PIX-DISK-01 	19887 	78117 	23914 	1.2 	37245.7 	11402.0 	10948.5 	2.33522 	2.80809 	3.0
ROS-PIX-B-02 	19199 	66749 	23841 	1.2 	31825.5 	11367.2 	19495.1 	2.28729 	2.84032 	4.4
ROS-PIX-DISK-00 	18661 	72130 	22262 	1.2 	34391.1 	10614.4 	10467.6 	2.35471 	2.80909 	2.9
ROS-PIX-BL-01 	17134 	60903 	21870 	1.3 	29038.2 	10427.5 	12820.0 	2.32138 	2.96304 	4.6
ROS-LAR-EMECA-11 	9958 	44652 	20880 	2.1 	21289.8 	9955.5 	19234.6 	1.88597 	3.95451 	1.3
ROS-LAR-EMECC-11 	10299 	46167 	20359 	2.0 	22012.1 	9707.0 	19521.6 	1.96262 	3.87969 	1.3
ROS-PIX-BL-03 	16510 	55154 	20086 	1.2 	26297.1 	9576.9 	13394.5 	2.28641 	2.78164 	5.3
ROS-LAR-FCALA-00 	6862 	34312 	19621 	2.9 	16359.8 	9355.2 	28789.2 	1.47017 	4.20376 	1.4
ROS-LAR-EMECA-10 	12503 	42177 	19026 	1.5 	20109.7 	9071.5 	20420.8 	2.16117 	3.28868 	1.3
ROS-SCT-BA-00 	14910 	47180 	18794 	1.3 	22495.1 	8960.9 	13093.5 	1.66047 	2.09302 	4.6
ROS-SCT-BA-01 	14903 	46953 	18743 	1.3 	22386.9 	8936.5 	12986.3 	1.66486 	2.09384 	4.6
ROS-SCT-BC-00 	14827 	47236 	18706 	1.3 	22521.8 	8918.9 	13075.9 	1.65966 	2.09386 	4.6
ROS-SCT-BC-01 	14658 	45857 	18504 	1.3 	21864.3 	8822.6 	12942.8 	1.6585 	2.09366 	4.6
ROS-PIX-BL-00 	15162 	47415 	18209 	1.2 	22607.2 	8681.9 	12231.6 	2.35489 	2.82814 	5.5
ROS-TIL-LBC-01 	14434 	37253 	18193 	1.3 	17762.0 	8674.3 	51776.9 	7.52207 	9.48101 	2.1
ROS-TIL-LBA-01 	14290 	36784 	17915 	1.3 	17538.4 	8541.8 	51211.3 	6.40648 	8.03164 	2.1
ROS-TIL-LBC-00 	14681 	43616 	17871 	1.2 	20795.8 	8520.8 	55684.1 	6.88908 	8.386 	2.1
ROS-TIL-LBA-00 	14458 	42495 	17525 	1.2 	20261.4 	8355.8 	54913.8 	6.54555 	7.93407 	2.1
ROS-LAR-EMECC-10 	12372 	43024 	16832 	1.4 	20513.6 	8025.4 	19587.5 	2.3765 	3.2332 	1.3
ROS-LAR-FCALC-00 	6856 	37170 	16611 	2.4 	17722.4 	7920.0 	29650.4 	1.56403 	3.7894 	1.5
ROS-PIX-BL-02 	13334 	40853 	15554 	1.2 	19478.5 	7416.1 	8737.9 	2.38568 	2.78287 	4.6
ROS-SCT-ECA-00 	13285 	44277 	15450 	1.2 	21111.0 	7366.5 	12676.7 	1.68023 	1.95405 	5.3
ROS-TGC-ECA-00 	11721 	33454 	15148 	1.3 	15950.7 	7222.5 	10411.3 	1.55103 	2.00453 	1.0
ROS-SCT-ECA-01 	13008 	42170 	15102 	1.2 	20106.4 	7200.5 	12710.3 	1.68021 	1.95069 	5.7
ROS-SCT-ECC-01 	12831 	41786 	14797 	1.2 	19923.3 	7055.1 	12410.7 	1.69005 	1.949 	5.4
ROS-SCT-ECC-00 	12596 	40013 	14623 	1.2 	19078.0 	6972.2 	12396.6 	1.68605 	1.95737 	6.0
ROS-TGC-ECC-00 	10694 	31053 	14027 	1.3 	14805.9 	6688.0 	9581.7 	1.44873 	1.90026 	1.0
ROS-TIL-EBC-01 	11359 	27792 	13994 	1.2 	13251.1 	6672.3 	42896.8 	5.62055 	6.92438 	2.1
ROS-TIL-EBA-01 	11098 	26988 	13628 	1.2 	12867.7 	6497.7 	41842.2 	4.54501 	5.58113 	2.1
ROS-TIL-EBC-00 	11379 	31967 	13482 	1.2 	15241.7 	6428.1 	45213.9 	5.31074 	6.29224 	2.2
ROS-TIL-EBA-00 	11277 	31343 	13428 	1.2 	14944.2 	6402.4 	44045.8 	4.89104 	5.82396 	2.2
ROS-TRT-BC-00 	7846 	21218 	12423 	1.6 	10116.6 	5923.2 	21744.9 	2.35084 	3.72221 	5.0
ROS-TRT-BA-00 	7822 	21270 	12366 	1.6 	10141.4 	5896.0 	21322.2 	2.35721 	3.72657 	5.0
ROS-TRT-BC-01 	7789 	20190 	12255 	1.6 	9626.5 	5843.1 	21591.4 	2.35458 	3.70463 	5.1
ROS-TRT-BA-01 	7780 	20198 	12253 	1.6 	9630.3 	5842.2 	21105.8 	2.35138 	3.70327 	5.1
ROS-LAR-EMBC-15 	8366 	24209 	12198 	1.5 	11542.7 	5815.9 	11381.2 	2.82829 	4.12377 	2.2
ROS-LAR-EMBA-15 	8274 	24232 	12142 	1.5 	11553.7 	5789.2 	11962.1 	2.61556 	3.8383 	2.3
ROS-LAR-EMBC-10 	8337 	25095 	11863 	1.4 	11965.1 	5656.2 	11811.9 	3.3918 	4.82631 	2.3
ROS-LAR-EMBA-17 	8793 	23647 	11624 	1.3 	11274.7 	5542.3 	9926.4 	2.66433 	3.52214 	2.0
ROS-LAR-EMBA-10 	8182 	24537 	11590 	1.4 	11699.1 	5526.0 	11523.4 	3.04547 	4.31399 	2.2
ROS-PIX-B-05 	10629 	30087 	11581 	1.1 	14345.3 	5521.8 	4656.3 	2.50972 	2.73451 	2.9
ROS-LAR-EMBA-16 	7615 	22928 	11573 	1.5 	10931.9 	5517.9 	11130.6 	2.54705 	3.87091 	2.2
ROS-LAR-EMBC-17 	8816 	23542 	11561 	1.3 	11224.7 	5512.2 	9648.7 	2.92782 	3.83944 	2.0
ROS-LAR-EMBC-12 	8852 	24734 	11522 	1.3 	11793.0 	5493.6 	9636.0 	3.5147 	4.57483 	2.0
ROS-LAR-EMBC-07 	9081 	28203 	11444 	1.3 	13447.0 	5456.4 	10035.5 	4.30294 	5.42262 	2.0
ROS-LAR-EMBA-07 	9068 	27866 	11426 	1.3 	13286.3 	5447.8 	10221.2 	4.09233 	5.15648 	2.0
ROS-LAR-EMBC-05 	8499 	28018 	11391 	1.3 	13358.8 	5431.2 	11827.3 	4.18105 	5.60376 	2.3
ROS-LAR-EMBA-05 	8577 	27974 	11340 	1.3 	13337.8 	5406.8 	12127.7 	4.01777 	5.31206 	2.3
ROS-LAR-EMBA-12 	8746 	24484 	11327 	1.3 	11673.8 	5400.6 	9661.1 	3.12665 	4.04935 	2.0
ROS-LAR-EMBC-02 	9108 	28327 	11308 	1.2 	13506.1 	5391.6 	10119.7 	4.38614 	5.4456 	2.0
ROS-LAR-EMBC-16 	7551 	22167 	11288 	1.5 	10569.1 	5382.0 	9906.6 	2.7842 	4.16211 	2.2
ROS-LAR-EMBC-08 	9261 	30467 	11097 	1.2 	14526.5 	5291.0 	8145.0 	4.5461 	5.44736 	1.7
ROS-LAR-EMBA-02 	8863 	27499 	11072 	1.2 	13111.4 	5279.1 	9937.9 	4.16374 	5.20151 	2.0
ROS-LAR-EMBC-03 	9186 	30622 	10999 	1.2 	14600.4 	5244.3 	8077.4 	4.59826 	5.5058 	1.7
ROS-LAR-EMBC-00 	8477 	28524 	10995 	1.3 	13600.1 	5242.3 	11752.7 	4.31619 	5.59827 	2.3
ROS-LAR-EMBA-08 	9224 	30078 	10970 	1.2 	14341.0 	5230.4 	8094.8 	4.39058 	5.22167 	1.7
ROS-LAR-EMBC-11 	7595 	23799 	10958 	1.4 	11347.2 	5224.7 	11130.4 	3.41885 	4.93268 	2.2
ROS-LAR-EMBA-11 	7594 	23628 	10939 	1.4 	11265.7 	5215.6 	10886.7 	3.01114 	4.33749 	2.2
ROS-LAR-EMBA-00 	8396 	27947 	10849 	1.3 	13325.0 	5172.7 	11268.8 	4.16135 	5.37715 	2.3
ROS-LAR-EMBC-13 	9006 	28360 	10807 	1.2 	13521.9 	5152.7 	7915.2 	3.90061 	4.68065 	1.7
ROS-LAR-EMBA-18 	8895 	27756 	10786 	1.2 	13233.9 	5142.7 	7960.2 	3.06577 	3.71752 	1.8
ROS-LAR-EMBA-03 	8964 	29733 	10765 	1.2 	14176.5 	5132.7 	7601.4 	4.39365 	5.2764 	1.8
ROS-LAR-EMECA-07 	7026 	22690 	10679 	1.5 	10818.5 	5091.7 	8815.1 	1.77485 	2.69764 	2.1
ROS-LAR-EMBA-13 	8912 	28325 	10639 	1.2 	13505.2 	5072.6 	7779.4 	3.55079 	4.23887 	1.7
ROS-LAR-EMBC-18 	8910 	28136 	10467 	1.2 	13415.1 	4990.6 	6858.3 	3.4225 	4.02057 	1.6
ROS-LAR-EMBC-01 	7693 	26064 	10251 	1.3 	12427.2 	4887.6 	11172.4 	4.08094 	5.43789 	2.3
ROS-LAR-EMBC-06 	7782 	26517 	10227 	1.3 	12643.1 	4876.2 	11338.2 	4.20193 	5.52213 	2.2
ROS-LAR-EMBA-06 	7722 	25945 	10226 	1.3 	12370.4 	4875.7 	11223.9 	3.94596 	5.22551 	2.2
ROS-TRT-BA-02 	6845 	16230 	10091 	1.5 	7738.4 	4811.3 	14027.5 	2.52444 	3.72156 	4.1
ROS-LAR-EMBA-01 	7487 	25228 	10053 	1.3 	12028.6 	4793.2 	11079.5 	3.83209 	5.14545 	2.3
ROS-TRT-BC-02 	6792 	16081 	10050 	1.5 	7667.3 	4791.8 	14103.7 	2.53533 	3.75148 	4.2
ROS-LAR-EMECC-07 	6679 	21953 	9975 	1.5 	10467.1 	4756.0 	9380.3 	1.84763 	2.75941 	2.0
ROS-LAR-EMECA-02 	6993 	25066 	9608 	1.4 	11951.3 	4581.0 	9953.8 	2.15067 	2.95491 	2.1
ROS-LAR-EMECA-09 	5679 	26704 	9228 	1.6 	12732.3 	4399.9 	8031.6 	2.46413 	4.00405 	1.7
ROS-LAR-EMECC-02 	6867 	25221 	9165 	1.3 	12025.2 	4369.8 	9408.2 	2.24006 	2.98969 	2.1
ROS-TRT-ECC-05 	6193 	14525 	9148 	1.5 	6925.4 	4361.7 	19001.4 	2.57322 	3.80104 	5.7
ROS-LAR-EMECC-09 	5718 	26894 	9110 	1.6 	12822.9 	4343.6 	8328.0 	2.51471 	4.00648 	1.7
ROS-TRT-ECA-05 	6171 	14355 	9108 	1.5 	6844.4 	4342.6 	18387.7 	2.55724 	3.77433 	5.6
ROS-TRT-ECA-04 	6165 	14082 	9092 	1.5 	6714.2 	4335.0 	18267.9 	2.53404 	3.73714 	5.7
ROS-TRT-ECC-04 	6156 	14269 	9069 	1.5 	6803.4 	4324.0 	18530.1 	2.56503 	3.7788 	5.7
ROS-TRT-ECC-01 	5984 	14207 	8634 	1.4 	6773.8 	4116.6 	15915.6 	2.61607 	3.7746 	5.0
ROS-TRT-ECA-00 	5963 	14055 	8573 	1.4 	6701.3 	4087.6 	15594.2 	2.60418 	3.74403 	5.1
ROS-TRT-ECC-00 	5908 	13966 	8555 	1.4 	6658.9 	4079.0 	15887.2 	2.60396 	3.77063 	5.0
ROS-TRT-ECC-02 	5942 	13854 	8529 	1.4 	6605.5 	4066.6 	15857.3 	2.59725 	3.72803 	5.0
ROS-TRT-ECC-03 	5974 	13624 	8520 	1.4 	6495.8 	4062.3 	15643.7 	2.58946 	3.69304 	5.0
ROS-TRT-ECA-01 	5893 	13991 	8495 	1.4 	6670.8 	4050.4 	15407.3 	2.62701 	3.78694 	5.0
ROS-TRT-ECA-02 	5864 	13592 	8419 	1.4 	6480.6 	4014.1 	15062.5 	2.61736 	3.75777 	5.0
ROS-TRT-ECA-03 	5893 	13575 	8379 	1.4 	6472.5 	3995.1 	15234.3 	2.65036 	3.76843 	5.1
ROS-LAR-EMBC-04 	7065 	15799 	8227 	1.2 	7532.9 	3922.6 	9178.8 	4.28428 	4.98892 	2.7
ROS-LAR-EMBC-09 	7055 	15645 	8209 	1.2 	7459.4 	3914.0 	9020.6 	4.274 	4.9731 	2.7
ROS-LAR-EMBA-09 	6921 	15385 	8095 	1.2 	7335.5 	3859.6 	9304.9 	3.9663 	4.6391 	2.8
ROS-LAR-EMBC-14 	6836 	14887 	8002 	1.2 	7098.0 	3815.3 	9363.6 	3.55576 	4.16225 	2.8
ROS-LAR-EMBA-19 	6789 	14999 	7991 	1.2 	7151.4 	3810.1 	9355.7 	2.58142 	3.03847 	2.8
ROS-LAR-EMBA-04 	6812 	15202 	7974 	1.2 	7248.2 	3802.0 	9363.6 	3.93841 	4.61023 	2.8
ROS-LAR-EMBC-19 	6751 	14769 	7884 	1.2 	7041.8 	3759.0 	9186.1 	2.92486 	3.41573 	2.8
ROS-LAR-EMBA-14 	6724 	14788 	7844 	1.2 	7050.8 	3740.0 	9185.6 	2.97751 	3.47347 	2.8
ROS-LAR-EMECC-04 	6654 	15454 	7772 	1.2 	7368.4 	3705.6 	5289.6 	2.14354 	2.5037 	1.5
ROS-LAR-EMECA-04 	6668 	15249 	7762 	1.2 	7270.6 	3700.9 	5220.5 	2.08584 	2.42806 	1.5
ROS-LAR-EMECA-03 	6312 	14336 	7519 	1.2 	6835.3 	3585.0 	8277.2 	2.35425 	2.80444 	2.5
ROS-LAR-EMECC-03 	6288 	14430 	7444 	1.2 	6880.1 	3549.3 	8214.9 	2.42216 	2.86746 	2.5
ROS-LAR-EMECA-08 	6118 	13702 	7234 	1.2 	6533.0 	3449.1 	8276.0 	1.87742 	2.21988 	2.5
ROS-LAR-EMECA-05 	6026 	14271 	7066 	1.2 	6804.3 	3369.0 	7419.3 	2.15246 	2.52395 	2.5
ROS-LAR-EMECC-05 	5885 	14298 	6940 	1.2 	6817.2 	3308.9 	7589.5 	2.33044 	2.74822 	2.5
ROS-LAR-EMECC-08 	5699 	12925 	6745 	1.2 	6162.6 	3216.0 	7991.6 	1.95445 	2.31317 	2.5
ROS-MDT-ECA-01 	5882 	14985 	6740 	1.1 	7144.8 	3213.6 	1802.5 	1.46422 	1.67781 	2.2
ROS-LAR-EMECA-06 	5680 	13347 	6718 	1.2 	6363.8 	3203.1 	7673.0 	1.84832 	2.1861 	2.5
ROS-LAR-EMECA-00 	4926 	16870 	6682 	1.4 	8043.5 	3185.9 	7276.5 	2.37019 	3.21511 	2.2
ROS-LAR-EMECC-00 	5075 	17380 	6643 	1.3 	8286.7 	3167.3 	7274.6 	2.45373 	3.21185 	2.2
ROS-LAR-EMECA-01 	5433 	14565 	6405 	1.2 	6944.5 	3053.9 	7327.3 	2.24475 	2.64635 	2.4
ROS-LAR-EMECC-01 	5380 	14980 	6321 	1.2 	7142.4 	3013.8 	6866.8 	2.27977 	2.67852 	2.5
ROS-MDT-ECA-03 	5449 	13854 	6284 	1.2 	6605.5 	2996.2 	2101.4 	1.46388 	1.6882 	2.2
ROS-LAR-EMECC-06 	5189 	12698 	6124 	1.2 	6054.3 	2919.9 	7043.9 	1.93484 	2.28348 	2.5
ROS-MDT-ECC-03 	5131 	13177 	6010 	1.2 	6282.7 	2865.5 	1498.9 	1.34464 	1.57499 	2.2
ROS-MDT-ECC-01 	5204 	13303 	6002 	1.2 	6342.8 	2861.7 	1496.7 	1.34554 	1.55187 	2.2
ROS-MDT-ECA-00 	4381 	10958 	4991 	1.1 	5224.7 	2379.7 	1293.1 	1.43696 	1.63704 	2.3
ROS-MDT-ECA-02 	4129 	10158 	4671 	1.1 	4843.3 	2227.1 	1212.7 	1.4386 	1.62744 	2.2
ROS-MDT-ECC-00 	4044 	10043 	4601 	1.1 	4788.4 	2193.7 	1138.6 	1.34514 	1.53042 	2.1
ROS-RPC-BC-00 	3208 	10454 	4304 	1.3 	4984.4 	2052.1 	2156.2 	1.05074 	1.40973 	1.3
ROS-RPC-BA-00 	3133 	10067 	4174 	1.3 	4799.9 	1990.1 	2117.0 	1.01941 	1.35813 	1.3
ROS-MDT-ECC-02 	3566 	8714 	4074 	1.1 	4154.8 	1942.5 	986.5 	1.31159 	1.49844 	2.1
ROS-RPC-BA-01 	2798 	8974 	3768 	1.3 	4278.7 	1796.6 	1812.2 	1.01222 	1.36313 	1.3
ROS-RPC-BC-01 	2806 	9105 	3758 	1.3 	4341.2 	1791.8 	1826.6 	1.0155 	1.36004 	1.3
ROS-CSC-ECA-00 	3094 	3305 	3114 	1.0 	1575.8 	1484.7 	400.9 	0.948861 	0.954995 	1.1
ROS-MDT-BA-03 	2289 	6567 	2814 	1.2 	3131.1 	1341.7 	601.9 	1.04258 	1.2817 	1.8
ROS-MDT-BA-00 	2297 	6681 	2786 	1.2 	3185.5 	1328.3 	619.5 	1.03565 	1.25612 	1.8
ROS-MDT-BC-03 	2217 	6590 	2781 	1.3 	3142.1 	1326.0 	604.4 	1.06734 	1.33887 	1.8
ROS-MDT-BC-00 	2266 	6527 	2738 	1.2 	3112.0 	1305.5 	646.0 	1.0771 	1.30145 	1.8
ROS-MDT-BC-01 	2168 	6278 	2637 	1.2 	2993.3 	1257.3 	624.9 	1.05258 	1.28028 	1.9
ROS-MDT-BA-01 	2077 	5800 	2486 	1.2 	2765.4 	1185.3 	552.8 	1.08749 	1.30164 	1.8
ROS-MDT-BA-02 	1951 	5692 	2402 	1.2 	2713.9 	1145.3 	492.5 	1.05468 	1.29848 	1.8
ROS-MDT-BC-02 	1871 	5600 	2310 	1.2 	2670.0 	1101.4 	523.2 	1.04923 	1.29542 	1.8
ROS-CSC-ECC-00 	1498 	1569 	1508 	1.0 	748.1 	719.0 	226.2 	0.964202 	0.970639 	1.1

