ROS 	 Events 	 Requests 	 Retrievals 	 Caches 	 Retrievals/event 	 Request rate (Hz)	 Retrieval rate (Hz)	 Cache rate (Hz)	 Retrieved data (Kb/s)	 Cached data (kB) 	 Time per ROS retrieval (ms) 	 Time per event (ms) 	 ROBs/retrieval 
ROS-PIX-B-01 	 781 	 2256 	 978 	 921 	 1.3 	 41189.3 	 17856.0 	 16815.3 	 48402.1 	 37684.3 	 1.18737 	 1.48687 	 3.6 
ROS-PIX-B-00 	 764 	 2162 	 952 	 871 	 1.2 	 39473.1 	 17381.3 	 15902.4 	 47132.0 	 35626.7 	 1.18109 	 1.47173 	 3.6 
ROS-PIX-B-03 	 747 	 2051 	 874 	 889 	 1.2 	 37446.5 	 15957.2 	 16231.1 	 37955.8 	 29253.4 	 1.22339 	 1.43139 	 3.3 
ROS-PIX-B-02 	 739 	 2038 	 860 	 894 	 1.2 	 37209.1 	 15701.6 	 16322.4 	 39437.0 	 30756.7 	 1.20695 	 1.40458 	 3.3 
ROS-PIX-BL-01 	 692 	 1938 	 827 	 814 	 1.2 	 35383.4 	 15099.1 	 14861.7 	 37482.1 	 28943.9 	 1.20106 	 1.43537 	 3.9 
ROS-PIX-B-05 	 705 	 1881 	 820 	 778 	 1.2 	 34342.7 	 14971.3 	 14204.5 	 43435.9 	 32463.2 	 1.19044 	 1.38463 	 3.8 
ROS-PIX-B-04 	 695 	 1840 	 802 	 755 	 1.2 	 33594.1 	 14642.7 	 13784.5 	 44605.9 	 32843.2 	 1.20633 	 1.39205 	 3.9 
ROS-PIX-BL-03 	 676 	 1947 	 796 	 887 	 1.2 	 35547.7 	 14533.1 	 16194.6 	 39137.3 	 33622.9 	 1.22767 	 1.4456 	 3.9 
ROS-PIX-BL-02 	 673 	 1903 	 776 	 858 	 1.2 	 34744.4 	 14168.0 	 15665.1 	 38847.3 	 32357.5 	 1.18511 	 1.36649 	 4.0 
ROS-SCT-BC-01 	 634 	 1660 	 775 	 620 	 1.2 	 30307.7 	 14149.7 	 11319.8 	 73824.1 	 44303.9 	 1.58472 	 1.93716 	 3.3 
ROS-SCT-BC-00 	 649 	 1696 	 775 	 650 	 1.2 	 30965.0 	 14149.7 	 11867.5 	 74210.7 	 46377.6 	 1.64901 	 1.96915 	 3.3 
ROS-SCT-BA-01 	 644 	 1674 	 766 	 624 	 1.2 	 30563.3 	 13985.4 	 11392.8 	 75014.4 	 44556.1 	 1.59358 	 1.89548 	 3.4 
ROS-TIL-LBA-01 	 723 	 3235 	 763 	 1382 	 1.1 	 59063.6 	 13930.6 	 25232.1 	 45130.5 	 83629.9 	 0.89933 	 0.949086 	 2.3 
ROS-TIL-LBA-00 	 726 	 3167 	 759 	 1303 	 1.0 	 57822.0 	 13857.6 	 23789.7 	 44789.9 	 79312.2 	 0.875634 	 0.915435 	 2.4 
ROS-SCT-BA-00 	 627 	 1615 	 746 	 633 	 1.2 	 29486.1 	 13620.2 	 11557.1 	 74667.8 	 44437.9 	 1.65176 	 1.96525 	 3.4 
ROS-TIL-LBC-00 	 696 	 3095 	 728 	 1254 	 1.0 	 56507.5 	 13291.6 	 22895.1 	 43738.3 	 77517.7 	 0.900133 	 0.941519 	 2.4 
ROS-TIL-LBC-01 	 680 	 3061 	 713 	 1310 	 1.0 	 55886.7 	 13017.7 	 23917.6 	 42003.8 	 79013.3 	 0.877645 	 0.920237 	 2.4 
ROS-LAR-HECC-00 	 584 	 6428 	 708 	 4650 	 1.2 	 117360.3 	 12926.4 	 84898.2 	 32412.4 	 232154.2 	 0.915944 	 1.11042 	 2.5 
ROS-PIX-BL-00 	 629 	 1668 	 704 	 721 	 1.1 	 30453.8 	 12853.4 	 13163.8 	 36007.0 	 27580.3 	 1.2156 	 1.36054 	 4.0 
ROS-LAR-HECA-00 	 544 	 5828 	 638 	 4262 	 1.2 	 106405.7 	 11648.4 	 77814.2 	 29582.3 	 210816.1 	 0.884516 	 1.03735 	 2.6 
ROS-SCT-ECA-00 	 478 	 1416 	 551 	 683 	 1.2 	 25852.9 	 10060.0 	 12470.0 	 57012.6 	 51371.5 	 1.64113 	 1.89176 	 4.0 
ROS-PIX-DISK-00 	 477 	 1474 	 547 	 743 	 1.1 	 26911.8 	 9986.9 	 13565.5 	 22045.8 	 19775.1 	 1.26769 	 1.45372 	 3.8 
ROS-PIX-DISK-01 	 469 	 1500 	 543 	 790 	 1.2 	 27386.5 	 9913.9 	 14423.6 	 21136.8 	 19359.2 	 1.2734 	 1.47432 	 3.7 
ROS-SCT-ECC-00 	 473 	 1306 	 537 	 582 	 1.1 	 23844.5 	 9804.4 	 10626.0 	 55804.9 	 45854.9 	 1.74361 	 1.97953 	 4.5 
ROS-TIL-EBA-00 	 525 	 2177 	 526 	 875 	 1.0 	 39747.0 	 9603.5 	 15975.5 	 31587.9 	 53544.6 	 0.882327 	 0.884008 	 2.3 
ROS-SCT-ECC-01 	 459 	 1332 	 525 	 639 	 1.1 	 24319.2 	 9585.3 	 11666.7 	 57533.5 	 49035.0 	 1.7649 	 2.01868 	 4.2 
ROS-SCT-ECA-01 	 446 	 1321 	 519 	 643 	 1.2 	 24118.4 	 9475.7 	 11739.7 	 54763.9 	 48301.6 	 1.71816 	 1.99939 	 4.4 
ROS-TIL-EBC-00 	 517 	 2193 	 518 	 876 	 1.0 	 40039.1 	 9457.5 	 15993.7 	 31666.0 	 53987.9 	 0.901776 	 0.90352 	 2.4 
ROS-TIL-EBA-01 	 515 	 2196 	 515 	 939 	 1.0 	 40093.8 	 9402.7 	 17144.0 	 31493.2 	 58631.1 	 0.896763 	 0.896763 	 2.4 
ROS-TIL-EBC-01 	 500 	 2130 	 494 	 891 	 1.0 	 38888.8 	 9019.3 	 16267.6 	 29885.0 	 54575.3 	 0.849852 	 0.839654 	 2.4 
ROS-TRT-BC-00 	 398 	 1051 	 489 	 335 	 1.2 	 19188.8 	 8928.0 	 6116.3 	 34554.1 	 26040.7 	 14.3676 	 17.6527 	 3.1 
ROS-LAR-EMBC-08 	 488 	 2518 	 474 	 1450 	 1.0 	 45972.8 	 8654.1 	 26473.6 	 18348.0 	 48272.1 	 1.0789 	 1.04795 	 2.2 
ROS-LAR-EMECC-10 	 430 	 2627 	 474 	 1583 	 1.1 	 47962.9 	 8654.1 	 28901.9 	 21688.0 	 47023.4 	 1.2535 	 1.38177 	 2.6 
ROS-LAR-EMBA-13 	 503 	 2544 	 473 	 1488 	 0.9 	 46447.5 	 8635.9 	 27167.4 	 18176.4 	 51880.7 	 1.01648 	 0.955855 	 2.2 
ROS-TRT-BC-01 	 375 	 972 	 471 	 302 	 1.3 	 17746.5 	 8599.4 	 5513.8 	 33956.7 	 24523.7 	 7.24 	 9.09344 	 3.0 
ROS-LAR-EMBA-03 	 479 	 2488 	 469 	 1448 	 1.0 	 45425.1 	 8562.8 	 26437.1 	 18031.2 	 48756.3 	 1.01623 	 0.995019 	 2.2 
ROS-LAR-EMBC-02 	 471 	 2407 	 468 	 1263 	 1.0 	 43946.2 	 8544.6 	 23059.4 	 23100.0 	 53439.5 	 1.01027 	 1.00384 	 2.8 
ROS-LAR-EMBA-08 	 482 	 2559 	 468 	 1522 	 1.0 	 46721.4 	 8544.6 	 27788.2 	 17840.8 	 52287.8 	 1.01962 	 0.990008 	 2.2 
ROS-TRT-BA-00 	 386 	 956 	 467 	 278 	 1.2 	 17454.3 	 8526.3 	 5075.6 	 32811.4 	 22561.3 	 11.9938 	 14.5107 	 3.1 
ROS-LAR-EMBC-03 	 471 	 2618 	 463 	 1574 	 1.0 	 47798.6 	 8453.3 	 28737.6 	 18420.6 	 58108.7 	 1.11011 	 1.09126 	 2.3 
ROS-LAR-EMBA-07 	 475 	 2394 	 461 	 1299 	 1.0 	 43708.9 	 8416.8 	 23716.7 	 22486.6 	 52560.8 	 1.04 	 1.00935 	 2.8 
ROS-LAR-EMBC-07 	 479 	 2341 	 460 	 1211 	 1.0 	 42741.2 	 8398.5 	 22110.0 	 21713.6 	 45222.4 	 1.00815 	 0.968159 	 2.7 
ROS-LAR-EMBC-18 	 460 	 2519 	 459 	 1497 	 1.0 	 45991.1 	 8380.3 	 27331.7 	 17572.2 	 50647.0 	 1.10061 	 1.09822 	 2.2 
ROS-LAR-EMBA-18 	 452 	 2485 	 458 	 1514 	 1.0 	 45370.3 	 8362.0 	 27642.1 	 19490.4 	 56138.1 	 1.13097 	 1.14598 	 2.4 
ROS-LAR-EMBA-02 	 466 	 2336 	 458 	 1242 	 1.0 	 42649.9 	 8362.0 	 22676.0 	 22728.3 	 50320.6 	 1.03143 	 1.01372 	 2.8 
ROS-TIL-MET 	 457 	 914 	 457 	 457 	 1.0 	 16687.5 	 8343.8 	 8343.8 	 39632.8 	 39632.8 	 1.14051 	 1.14051 	 8.0 
ROS-LAR-MET 	 457 	 457 	 457 	 0 	 1.0 	 8343.8 	 8343.8 	 0.0 	 297115.9 	 0.0 	 2.34445 	 2.34445 	 68.0 
ROS-LAR-EMBA-12 	 486 	 2332 	 456 	 1244 	 0.9 	 42576.9 	 8325.5 	 22712.5 	 22504.2 	 49193.7 	 0.998112 	 0.9365 	 2.8 
ROS-TRT-BA-01 	 374 	 933 	 453 	 286 	 1.2 	 17034.4 	 8270.7 	 5221.7 	 31817.8 	 21779.3 	 7.24552 	 8.77599 	 3.1 
ROS-LAR-EMBA-17 	 444 	 2296 	 450 	 1264 	 1.0 	 41919.6 	 8216.0 	 23077.7 	 22793.6 	 55046.2 	 1.0528 	 1.06703 	 2.9 
ROS-LAR-EMBC-17 	 449 	 2258 	 445 	 1205 	 1.0 	 41225.8 	 8124.7 	 22000.5 	 22286.9 	 49429.8 	 1.04939 	 1.04004 	 2.9 
ROS-LAR-EMBC-00 	 440 	 2147 	 439 	 1226 	 1.0 	 39199.2 	 8015.1 	 22383.9 	 27367.3 	 61846.9 	 1.33025 	 1.32723 	 3.6 
ROS-LAR-EMBC-05 	 458 	 2158 	 439 	 1211 	 1.0 	 39400.1 	 8015.1 	 22110.0 	 27838.4 	 63723.3 	 1.37766 	 1.32051 	 3.6 
ROS-LAR-EMBC-13 	 457 	 2458 	 438 	 1493 	 1.0 	 44877.4 	 7996.9 	 27258.7 	 17526.9 	 52263.9 	 1.09613 	 1.05056 	 2.3 
ROS-LAR-EMBA-10 	 460 	 2135 	 437 	 1209 	 0.9 	 38980.1 	 7978.6 	 22073.5 	 27343.4 	 59618.4 	 1.22332 	 1.16216 	 3.5 
ROS-LAR-EMBA-05 	 455 	 2183 	 436 	 1271 	 1.0 	 39856.5 	 7960.3 	 23205.5 	 26778.9 	 61153.7 	 1.30154 	 1.24719 	 3.5 
ROS-LAR-EMBA-15 	 434 	 2167 	 436 	 1300 	 1.0 	 39564.4 	 7960.3 	 23735.0 	 29702.2 	 68831.2 	 1.25989 	 1.26569 	 3.9 
ROS-LAR-EMBC-12 	 457 	 2322 	 434 	 1280 	 0.9 	 42394.3 	 7923.8 	 23369.8 	 21242.3 	 52102.0 	 1.05606 	 1.00291 	 2.8 
ROS-LAR-EMBC-15 	 430 	 2068 	 429 	 1184 	 1.0 	 37756.9 	 7832.5 	 21617.1 	 26244.8 	 57566.9 	 1.29611 	 1.2931 	 3.5 
ROS-LAR-EMBA-00 	 442 	 2106 	 427 	 1216 	 1.0 	 38450.7 	 7796.0 	 22201.3 	 26786.2 	 61387.4 	 1.25562 	 1.21301 	 3.6 
ROS-LAR-EMECA-10 	 381 	 2276 	 422 	 1356 	 1.1 	 41554.5 	 7704.7 	 24757.4 	 19045.2 	 41396.1 	 1.23474 	 1.36761 	 2.5 
ROS-LAR-EMBC-01 	 418 	 2020 	 410 	 1140 	 1.0 	 36880.5 	 7485.6 	 20813.7 	 25274.0 	 57963.5 	 1.32142 	 1.29613 	 3.5 
ROS-LAR-EMBC-10 	 433 	 2077 	 410 	 1226 	 0.9 	 37921.2 	 7485.6 	 22383.9 	 26723.2 	 64817.0 	 1.23368 	 1.16815 	 3.7 
ROS-LAR-EMBA-11 	 445 	 2025 	 409 	 1166 	 0.9 	 36971.8 	 7467.4 	 21288.4 	 25699.5 	 56271.2 	 1.2917 	 1.1872 	 3.5 
ROS-LAR-EMBA-01 	 418 	 2004 	 408 	 1162 	 1.0 	 36588.4 	 7449.1 	 21215.4 	 25393.5 	 55010.9 	 1.29435 	 1.26338 	 3.5 
ROS-TGC-ECA-00 	 382 	 1194 	 406 	 625 	 1.1 	 21799.7 	 7412.6 	 11411.0 	 2843.3 	 4786.9 	 1.1981 	 1.27337 	 1.0 
ROS-LAR-EMBC-06 	 420 	 1923 	 401 	 1079 	 1.0 	 35109.5 	 7321.3 	 19700.0 	 24449.4 	 51991.0 	 1.41339 	 1.34945 	 3.5 
ROS-LAR-EMECC-02 	 375 	 2064 	 399 	 1093 	 1.1 	 37683.8 	 7284.8 	 19955.6 	 22014.6 	 51358.3 	 0.963842 	 1.02553 	 3.1 
ROS-LAR-EMBA-06 	 412 	 1905 	 397 	 1087 	 1.0 	 34780.9 	 7248.3 	 19846.1 	 24133.9 	 53669.5 	 1.31445 	 1.26659 	 3.4 
ROS-LAR-EMBA-16 	 391 	 1904 	 390 	 1142 	 1.0 	 34762.6 	 7120.5 	 20850.3 	 25632.0 	 61654.4 	 1.24902 	 1.24582 	 3.7 
ROS-LAR-EMBC-16 	 388 	 1819 	 386 	 1042 	 1.0 	 33210.7 	 7047.5 	 19024.5 	 22345.0 	 48349.5 	 1.28219 	 1.27558 	 3.3 
ROS-LAR-EMECA-11 	 349 	 2601 	 384 	 1849 	 1.1 	 47488.2 	 7010.9 	 33758.4 	 23814.6 	 56978.8 	 1.20174 	 1.32226 	 3.6 
ROS-TGC-ECC-00 	 358 	 1051 	 381 	 532 	 1.1 	 19188.8 	 6956.2 	 9713.1 	 2956.3 	 4537.7 	 1.01868 	 1.08413 	 1.0 
ROS-LAR-EMBC-09 	 392 	 1503 	 375 	 690 	 1.0 	 27441.3 	 6846.6 	 12597.8 	 21161.1 	 35041.8 	 1.12108 	 1.07246 	 3.1 
ROS-LAR-EMBC-04 	 373 	 1491 	 374 	 695 	 1.0 	 27222.2 	 6828.4 	 12689.1 	 22360.5 	 42799.5 	 1.18887 	 1.19206 	 3.3 
ROS-LAR-EMECC-11 	 358 	 2687 	 373 	 1926 	 1.0 	 49058.4 	 6810.1 	 35164.3 	 23748.5 	 58671.4 	 1.19496 	 1.24503 	 3.6 
ROS-LAR-EMECC-04 	 350 	 1439 	 367 	 684 	 1.0 	 26272.8 	 6700.6 	 12488.2 	 11912.3 	 20996.3 	 0.978567 	 1.0261 	 1.8 
ROS-LAR-EMBC-11 	 392 	 1901 	 367 	 1142 	 0.9 	 34707.8 	 6700.6 	 20850.3 	 23408.0 	 57318.7 	 1.32334 	 1.23894 	 3.6 
ROS-LAR-EMECC-07 	 360 	 2016 	 367 	 1107 	 1.0 	 36807.5 	 6700.6 	 20211.2 	 20569.5 	 52191.1 	 0.923545 	 0.941503 	 3.1 
ROS-LAR-EMBA-04 	 377 	 1443 	 365 	 697 	 1.0 	 26345.8 	 6664.1 	 12725.6 	 21780.7 	 39466.3 	 1.06994 	 1.03588 	 3.3 
ROS-LAR-EMBA-14 	 383 	 1420 	 358 	 674 	 0.9 	 25925.9 	 6536.2 	 12305.7 	 21691.9 	 38252.9 	 1.05092 	 0.982319 	 3.3 
ROS-LAR-EMECC-03 	 346 	 1388 	 355 	 631 	 1.0 	 25341.6 	 6481.5 	 11520.6 	 19026.3 	 34997.5 	 1.02664 	 1.05335 	 2.9 
ROS-TRT-BC-02 	 300 	 670 	 351 	 177 	 1.2 	 12232.6 	 6408.4 	 3231.6 	 21594.6 	 13049.8 	 7.26379 	 8.49863 	 2.7 
ROS-LAR-EMBA-09 	 362 	 1421 	 349 	 692 	 1.0 	 25944.2 	 6371.9 	 12634.3 	 20558.9 	 40945.3 	 1.06454 	 1.02631 	 3.2 
ROS-LAR-EMBA-19 	 357 	 1415 	 348 	 711 	 1.0 	 25834.6 	 6353.7 	 12981.2 	 21139.2 	 44513.8 	 1.1215 	 1.09323 	 3.4 
ROS-LAR-EMBC-14 	 361 	 1435 	 342 	 705 	 0.9 	 26199.8 	 6244.1 	 12871.7 	 20395.0 	 41746.4 	 1.15463 	 1.09386 	 3.3 
ROS-LAR-EMECC-08 	 321 	 1367 	 334 	 588 	 1.0 	 24958.2 	 6098.1 	 10735.5 	 17749.1 	 31775.0 	 1.04369 	 1.08596 	 2.9 
ROS-LAR-EMECA-07 	 317 	 1824 	 331 	 1050 	 1.0 	 33302.0 	 6043.3 	 19170.6 	 19203.2 	 49399.0 	 1.06144 	 1.10831 	 3.3 
ROS-LAR-EMBC-19 	 339 	 1349 	 331 	 646 	 1.0 	 24629.6 	 6043.3 	 11794.5 	 19859.7 	 37902.1 	 1.15122 	 1.12405 	 3.3 
ROS-LAR-EMECA-02 	 318 	 1780 	 328 	 976 	 1.0 	 32498.7 	 5988.5 	 17819.5 	 19041.7 	 44346.2 	 0.951488 	 0.981409 	 3.3 
ROS-LAR-EMECA-04 	 312 	 1256 	 324 	 608 	 1.0 	 22931.6 	 5915.5 	 11100.7 	 10417.6 	 18601.6 	 1.07583 	 1.11721 	 1.9 
ROS-TRT-BA-02 	 281 	 648 	 323 	 197 	 1.1 	 11831.0 	 5897.2 	 3596.8 	 20462.8 	 14433.5 	 6.79813 	 7.81422 	 2.8 
ROS-LAR-EMECC-06 	 302 	 1422 	 312 	 612 	 1.0 	 25962.4 	 5696.4 	 11173.7 	 15895.2 	 29297.0 	 1.12218 	 1.15934 	 2.9 
ROS-TDQ-MUCTPI-00 	 310 	 310 	 310 	 0 	 1.0 	 5659.9 	 5659.9 	 0.0 	 626.2 	 0.0 	 0.637368 	 0.637368 	 1.0 
ROS-LAR-EMECC-09 	 305 	 1950 	 306 	 1311 	 1.0 	 35602.5 	 5586.8 	 23935.8 	 17966.9 	 45513.9 	 1.40807 	 1.41269 	 3.4 
ROS-LAR-EMECC-05 	 318 	 1456 	 305 	 693 	 1.0 	 26583.2 	 5568.6 	 12652.6 	 16280.9 	 36696.9 	 1.21927 	 1.16942 	 3.0 
ROS-LAR-EMECC-01 	 299 	 1274 	 302 	 566 	 1.0 	 23260.3 	 5513.8 	 10333.8 	 15771.3 	 28988.5 	 1.2014 	 1.21345 	 2.9 
ROS-LAR-EMECA-08 	 283 	 1216 	 298 	 580 	 1.1 	 22201.3 	 5440.8 	 10589.5 	 16843.0 	 33931.2 	 1.26007 	 1.32686 	 3.1 
ROS-LAR-EMECA-05 	 300 	 1403 	 297 	 694 	 1.0 	 25615.5 	 5422.5 	 12670.8 	 15363.7 	 33978.0 	 1.26068 	 1.24807 	 2.9 
ROS-LAR-EMECA-03 	 296 	 1205 	 296 	 549 	 1.0 	 22000.5 	 5404.3 	 10023.5 	 16405.9 	 28639.4 	 1.11122 	 1.11122 	 3.0 
ROS-LAR-EMECA-09 	 282 	 1801 	 287 	 1199 	 1.0 	 32882.1 	 5240.0 	 21890.9 	 15970.2 	 41470.3 	 1.32657 	 1.3501 	 3.2 
ROS-LAR-EMECA-06 	 270 	 1306 	 285 	 631 	 1.1 	 23844.5 	 5203.4 	 11520.6 	 15160.7 	 31669.7 	 1.17151 	 1.23659 	 3.0 
ROS-LAR-EMECC-00 	 272 	 1276 	 270 	 736 	 1.0 	 23296.8 	 4929.6 	 13437.6 	 16803.6 	 37329.6 	 1.34467 	 1.33478 	 3.6 
ROS-LAR-EMECA-01 	 258 	 1132 	 257 	 505 	 1.0 	 20667.7 	 4692.2 	 9220.1 	 13840.7 	 27288.4 	 1.19564 	 1.191 	 3.0 
ROS-TRT-ECA-05 	 211 	 518 	 248 	 174 	 1.2 	 9457.5 	 4527.9 	 3176.8 	 22930.9 	 18067.8 	 6.24565 	 7.34086 	 4.0 
ROS-LAR-EMECA-00 	 247 	 1130 	 239 	 649 	 1.0 	 20631.2 	 4363.6 	 11849.2 	 14065.3 	 29517.9 	 1.27027 	 1.22913 	 3.4 
ROS-TRT-ECC-04 	 214 	 531 	 239 	 192 	 1.1 	 9694.8 	 4363.6 	 3505.5 	 22991.5 	 16858.9 	 4.6122 	 5.15101 	 4.1 
ROS-TRT-ECC-05 	 216 	 513 	 237 	 181 	 1.1 	 9366.2 	 4327.1 	 3304.6 	 24627.6 	 17876.0 	 7.97753 	 8.75312 	 4.4 
ROS-TRT-ECA-04 	 200 	 495 	 231 	 167 	 1.2 	 9037.5 	 4217.5 	 3049.0 	 19670.1 	 17811.3 	 4.31021 	 4.97829 	 3.7 
ROS-TRT-ECC-00 	 203 	 514 	 229 	 193 	 1.1 	 9384.4 	 4181.0 	 3523.7 	 21928.5 	 22126.0 	 12.2223 	 13.7877 	 3.9 
ROS-TRT-ECC-02 	 196 	 488 	 227 	 166 	 1.2 	 8909.7 	 4144.5 	 3030.8 	 20009.1 	 15884.2 	 7.74578 	 8.97088 	 3.7 
ROS-MDT-ECA-01 	 194 	 584 	 224 	 277 	 1.2 	 10662.5 	 4089.7 	 5057.4 	 6578.4 	 8893.6 	 1.35833 	 1.56839 	 2.0 
ROS-TRT-ECC-01 	 190 	 474 	 224 	 149 	 1.2 	 8654.1 	 4089.7 	 2720.4 	 20587.5 	 14547.3 	 11.336 	 13.3646 	 3.8 
ROS-TRT-ECC-03 	 194 	 487 	 223 	 169 	 1.1 	 8891.5 	 4071.5 	 3085.5 	 19541.1 	 14925.1 	 4.79371 	 5.5103 	 3.8 
ROS-MDT-ECA-03 	 194 	 543 	 219 	 252 	 1.1 	 9913.9 	 3998.4 	 4600.9 	 6350.5 	 7789.8 	 1.52688 	 1.72364 	 1.9 
ROS-TRT-ECA-03 	 185 	 464 	 216 	 152 	 1.2 	 8471.6 	 3943.7 	 2775.2 	 20719.8 	 17787.8 	 4.82517 	 5.63371 	 4.2 
ROS-TRT-ECA-00 	 188 	 433 	 210 	 141 	 1.1 	 7905.6 	 3834.1 	 2574.3 	 18617.3 	 14660.7 	 8.56016 	 9.56188 	 3.9 
ROS-TRT-ECA-01 	 193 	 453 	 209 	 146 	 1.1 	 8270.7 	 3815.9 	 2665.6 	 18060.5 	 15392.4 	 9.07363 	 9.82585 	 3.7 
ROS-TRT-ECA-02 	 189 	 422 	 205 	 121 	 1.1 	 7704.7 	 3742.8 	 2209.2 	 17492.5 	 10303.9 	 8.07296 	 8.75638 	 3.7 
ROS-MDT-ECC-01 	 175 	 491 	 198 	 228 	 1.1 	 8964.5 	 3615.0 	 4162.7 	 5903.7 	 8575.5 	 1.15033 	 1.30152 	 2.0 
ROS-RPC-BC-00 	 186 	 319 	 195 	 90 	 1.0 	 5824.2 	 3560.2 	 1643.2 	 3443.8 	 1635.2 	 0.913123 	 0.957306 	 1.0 
ROS-RPC-BA-00 	 184 	 298 	 192 	 82 	 1.0 	 5440.8 	 3505.5 	 1497.1 	 3358.1 	 1621.4 	 1.09512 	 1.14274 	 1.0 
ROS-CSC-ECA-00 	 177 	 438 	 186 	 186 	 1.1 	 7996.9 	 3395.9 	 3395.9 	 1863.6 	 1974.3 	 0.889124 	 0.934333 	 1.1 
ROS-MDT-ECC-03 	 159 	 438 	 178 	 205 	 1.1 	 7996.9 	 3249.9 	 3742.8 	 5431.2 	 7186.6 	 1.12717 	 1.26186 	 2.1 
ROS-MDT-BC-01 	 140 	 258 	 159 	 76 	 1.1 	 4710.5 	 2903.0 	 1387.6 	 2899.5 	 1432.9 	 0.98934 	 1.12361 	 1.9 
ROS-MDT-ECA-02 	 136 	 404 	 153 	 191 	 1.1 	 7376.1 	 2793.4 	 3487.2 	 3643.8 	 5485.4 	 1.30139 	 1.46407 	 2.1 
ROS-MDT-ECA-00 	 135 	 366 	 151 	 165 	 1.1 	 6682.3 	 2756.9 	 3012.5 	 3813.3 	 5141.5 	 1.35846 	 1.51947 	 2.1 
ROS-TDQ-CALPP-00 	 147 	 147 	 147 	 0 	 1.0 	 2683.9 	 2683.9 	 0.0 	 24921.9 	 0.0 	 1.24199 	 1.24199 	 12.0 
ROS-TDQ-CALPP-01 	 147 	 147 	 147 	 0 	 1.0 	 2683.9 	 2683.9 	 0.0 	 24896.1 	 0.0 	 1.24199 	 1.24199 	 12.0 
ROS-TDQ-CALPP-02 	 147 	 147 	 147 	 0 	 1.0 	 2683.9 	 2683.9 	 0.0 	 15920.7 	 0.0 	 1.24199 	 1.24199 	 8.0 
ROS-MDT-ECC-02 	 117 	 312 	 137 	 137 	 1.2 	 5696.4 	 2501.3 	 2501.3 	 3183.8 	 3458.5 	 1.05192 	 1.23174 	 2.0 
ROS-MDT-BA-00 	 123 	 199 	 131 	 50 	 1.1 	 3633.3 	 2391.8 	 912.9 	 2474.2 	 910.3 	 0.915756 	 0.975317 	 1.9 
ROS-RPC-BC-01 	 126 	 213 	 131 	 67 	 1.0 	 3888.9 	 2391.8 	 1223.3 	 2225.9 	 1197.8 	 0.892817 	 0.928246 	 1.0 
ROS-RPC-BA-01 	 125 	 192 	 127 	 48 	 1.0 	 3505.5 	 2318.7 	 876.4 	 2171.5 	 831.7 	 0.95926 	 0.974608 	 1.0 
ROS-MDT-BA-01 	 114 	 212 	 123 	 68 	 1.1 	 3870.6 	 2245.7 	 1241.5 	 2450.9 	 1655.1 	 0.953691 	 1.02898 	 2.0 
ROS-MDT-ECC-00 	 103 	 301 	 119 	 141 	 1.2 	 5495.6 	 2172.7 	 2574.3 	 3111.4 	 4320.6 	 1.03421 	 1.19486 	 2.2 
ROS-MDT-BC-02 	 105 	 184 	 115 	 57 	 1.1 	 3359.4 	 2099.6 	 1040.7 	 1913.2 	 1195.4 	 0.977496 	 1.07059 	 1.7 
ROS-MDT-BC-03 	 101 	 173 	 110 	 52 	 1.1 	 3158.6 	 2008.3 	 949.4 	 1604.7 	 757.7 	 0.880473 	 0.958931 	 1.9 
ROS-MDT-BC-00 	 99 	 192 	 109 	 60 	 1.1 	 3505.5 	 1990.1 	 1095.5 	 1992.9 	 1193.9 	 0.945633 	 1.04115 	 1.9 
ROS-MDT-BA-03 	 100 	 170 	 106 	 48 	 1.1 	 3103.8 	 1935.3 	 876.4 	 1518.5 	 854.5 	 0.959575 	 1.01715 	 1.8 
ROS-CSC-ECC-00 	 93 	 208 	 96 	 82 	 1.0 	 3797.6 	 1752.7 	 1497.1 	 982.9 	 850.2 	 0.804385 	 0.830333 	 1.1 
ROS-MDT-BA-02 	 87 	 144 	 94 	 40 	 1.1 	 2629.1 	 1716.2 	 730.3 	 1567.2 	 621.3 	 0.898638 	 0.970943 	 1.9 
ROS-LAR-FCALC-00 	 60 	 321 	 78 	 149 	 1.3 	 5860.7 	 1424.1 	 2720.4 	 3795.2 	 4469.3 	 0.719744 	 0.935667 	 2.6 
ROS-LAR-FCALA-00 	 52 	 308 	 70 	 134 	 1.3 	 5623.4 	 1278.0 	 2446.5 	 3433.4 	 4352.5 	 0.725143 	 0.976154 	 2.7 
