1
NUMTRACK I
0	 1
-3
-3
-1
2
BDTJetScore F
pt F
3
1.000000E+00
-4	29
1	0
0.0	0.2718
12500.0	0.2718
25500.0	0.2718
27000.0	0.289
29000.0	0.29
31000.0	0.2825
33000.0	0.2807
35000.0	0.2748
37000.0	0.275
39000.0	0.2707
41000.0	0.2662
43000.0	0.2713
45000.0	0.269
47000.0	0.2671
49000.0	0.2678
52000.0	0.2581
56000.0	0.2668
60000.0	0.268
64000.0	0.2668
68000.0	0.267
74000.0	0.2667
82000.0	0.2724
90000.0	0.2892
98000.0	0.2902
106000.0	0.2671
130000.0	0.2657
175000.0	0.2498
250000.0	0.2275
50150000.0	0.2275
-2	0.000000E+00
-2	1.000000E+00
-1
1.000000E+00
-4	29
1	0
0.0	0.394
12500.0	0.394
25500.0	0.394
27000.0	0.4108
29000.0	0.4075
31000.0	0.4044
33000.0	0.4036
35000.0	0.3984
37000.0	0.4012
39000.0	0.3992
41000.0	0.3977
43000.0	0.4007
45000.0	0.3966
47000.0	0.3948
49000.0	0.3917
52000.0	0.391
56000.0	0.3904
60000.0	0.4013
64000.0	0.3933
68000.0	0.3958
74000.0	0.4009
82000.0	0.4135
90000.0	0.4144
98000.0	0.417
106000.0	0.4246
130000.0	0.4312
175000.0	0.3962
250000.0	0.3849
50150000.0	0.3849
-2	0.000000E+00
-2	1.000000E+00
-1
1.000000E+00
-4	29
1	0
0.0	0.46
12500.0	0.46
25500.0	0.46
27000.0	0.4711
29000.0	0.4694
31000.0	0.4661
33000.0	0.4665
35000.0	0.4633
37000.0	0.4643
39000.0	0.4662
41000.0	0.4616
43000.0	0.463
45000.0	0.4607
47000.0	0.4584
49000.0	0.4583
52000.0	0.4585
56000.0	0.4581
60000.0	0.4647
64000.0	0.4622
68000.0	0.4698
74000.0	0.4693
82000.0	0.4736
90000.0	0.4737
98000.0	0.4837
106000.0	0.4792
130000.0	0.4772
175000.0	0.4689
250000.0	0.4585
50150000.0	0.4585
-2	0.000000E+00
-2	1.000000E+00
-1
3
1.000000E+00
-4	29
1	0
0.0	0.4307
12500.0	0.4307
25500.0	0.4307
27000.0	0.494
29000.0	0.5092
31000.0	0.5101
33000.0	0.5105
35000.0	0.5115
37000.0	0.5084
39000.0	0.5035
41000.0	0.5032
43000.0	0.5032
45000.0	0.4974
47000.0	0.4868
49000.0	0.4912
52000.0	0.4859
56000.0	0.4838
60000.0	0.4868
64000.0	0.4925
68000.0	0.4868
74000.0	0.5033
82000.0	0.4997
90000.0	0.5204
98000.0	0.4913
106000.0	0.5258
130000.0	0.4871
175000.0	0.453
250000.0	0.4284
50150000.0	0.4284
-2	0.000000E+00
-2	1.000000E+00
-1
1.000000E+00
-4	29
1	0
0.0	0.5143
12500.0	0.5143
25500.0	0.5143
27000.0	0.5746
29000.0	0.5863
31000.0	0.5911
33000.0	0.593
35000.0	0.5938
37000.0	0.5932
39000.0	0.5912
41000.0	0.5921
43000.0	0.592
45000.0	0.5914
47000.0	0.5835
49000.0	0.5903
52000.0	0.5889
56000.0	0.5881
60000.0	0.5897
64000.0	0.5987
68000.0	0.6043
74000.0	0.6099
82000.0	0.612
90000.0	0.6185
98000.0	0.6116
106000.0	0.6181
130000.0	0.6083
175000.0	0.5927
250000.0	0.5874
50150000.0	0.5874
-2	0.000000E+00
-2	1.000000E+00
-1
1.000000E+00
-4	29
1	0
0.0	0.5805
12500.0	0.5805
25500.0	0.5805
27000.0	0.6229
29000.0	0.6372
31000.0	0.643
33000.0	0.6446
35000.0	0.6465
37000.0	0.6457
39000.0	0.647
41000.0	0.6474
43000.0	0.6471
45000.0	0.6468
47000.0	0.643
49000.0	0.6472
52000.0	0.6462
56000.0	0.6491
60000.0	0.6482
64000.0	0.6579
68000.0	0.6618
74000.0	0.6652
82000.0	0.6691
90000.0	0.6738
98000.0	0.6714
106000.0	0.6756
130000.0	0.6681
175000.0	0.6579
250000.0	0.655
50150000.0	0.655
-2	0.000000E+00
-2	1.000000E+00
-1
