1
NUMTRACK I
0	1
-3
-3
-1
2
BDT F
ET F
3
1.000000E+00
-4	20
1	0
0.000000	0.548691
21656.333923	0.548691
22926.343918	0.548691
24593.296051	0.548691
26306.161880	0.548691
28070.671082	0.548691
30043.027878	0.548691
32125.659943	0.548691
34487.464905	0.548691
37277.324677	0.548691
40839.645386	0.548691
46339.218140	0.548691
60690.322876	0.548691
98979.080200	0.548691
149154.571533	0.548691
200771.240234	0.548691
255304.763794	0.548691
321777.038574	0.548691
426951.782227	0.548691
1000000.000000	0.548691
-2	0.000000E+00
-2	1.000000E+00
-1
1.000000E+00
-4	20
1	0
0.000000	0.548691
21656.333923	0.548691
22926.343918	0.548691
24593.296051	0.548691
26306.161880	0.548691
28070.671082	0.548691
30043.027878	0.548691
32125.659943	0.548691
34487.464905	0.548691
37277.324677	0.548691
40839.645386	0.548691
46339.218140	0.548691
60690.322876	0.548691
98979.080200	0.548691
149154.571533	0.548691
200771.240234	0.548691
255304.763794	0.548691
321777.038574	0.548691
426951.782227	0.548691
1000000.000000	0.548691
-2	0.000000E+00
-2	1.000000E+00
-1
1.000000E+00
-4	20
1	0
0.000000	0.548691
21656.333923	0.548691
22926.343918	0.548691
24593.296051	0.548691
26306.161880	0.548691
28070.671082	0.548691
30043.027878	0.548691
32125.659943	0.548691
34487.464905	0.548691
37277.324677	0.548691
40839.645386	0.548691
46339.218140	0.548691
60690.322876	0.548691
98979.080200	0.548691
149154.571533	0.548691
200771.240234	0.548691
255304.763794	0.548691
321777.038574	0.548691
426951.782227	0.548691
1000000.000000	0.548691
-2	0.000000E+00
-2	1.000000E+00
-1
3
1.000000E+00
-4	20
1	0
0.000000	0.637151
22682.210922	0.637151
24791.942596	0.637151
26799.808502	0.637151
28804.681778	0.637151
30424.184799	0.637151
32293.365479	0.637151
34302.516937	0.637151
36481.178284	0.637151
39073.657990	0.637151
42224.178314	0.637151
47190.910339	0.637151
61415.950775	0.637151
115868.278503	0.637151
178576.110840	0.637151
230849.807739	0.637151
284403.106689	0.637151
346304.779053	0.637151
443284.576416	0.637151
1000000.000000	0.637151
-2	0.000000E+00
-2	1.000000E+00
-1
1.000000E+00
-4	20
1	0
0.000000	0.637151
22682.210922	0.637151
24791.942596	0.637151
26799.808502	0.637151
28804.681778	0.637151
30424.184799	0.637151
32293.365479	0.637151
34302.516937	0.637151
36481.178284	0.637151
39073.657990	0.637151
42224.178314	0.637151
47190.910339	0.637151
61415.950775	0.637151
115868.278503	0.637151
178576.110840	0.637151
230849.807739	0.637151
284403.106689	0.637151
346304.779053	0.637151
443284.576416	0.637151
1000000.000000	0.637151
-2	0.000000E+00
-2	1.000000E+00
-1
1.000000E+00
-4	20
1	0
0.000000	0.637151
22682.210922	0.637151
24791.942596	0.637151
26799.808502	0.637151
28804.681778	0.637151
30424.184799	0.637151
32293.365479	0.637151
34302.516937	0.637151
36481.178284	0.637151
39073.657990	0.637151
42224.178314	0.637151
47190.910339	0.637151
61415.950775	0.637151
115868.278503	0.637151
178576.110840	0.637151
230849.807739	0.637151
284403.106689	0.637151
346304.779053	0.637151
443284.576416	0.637151
1000000.000000	0.637151
-2	0.000000E+00
-2	1.000000E+00
-1
