1
NUMTRACK I
0	1
-3
-3
-1
2
BDT F
ET F
3
1.000000E+00
-4	19
1	0
0.000000	0.690250
25000.000000	0.690250
27000.000000	0.690250
29000.000000	0.679222
31000.000000	0.677439
33000.000000	0.674285
35000.000000	0.671322
37000.000000	0.665392
39000.000000	0.669066
41000.000000	0.661218
43000.000000	0.664338
45000.000000	0.654447
47000.000000	0.658074
49000.000000	0.653036
50000.000000    0.647506
100000.000000   0.647506
500000.000000   0.647506
1000000.000000  0.647506
5000000.000000  0.647506
-2	0.000000E+00
-2	1.000000E+00
-1
1.000000E+00
-4	19
1	0
0.000000	0.690250
25000.000000	0.690250
27000.000000	0.690250
29000.000000	0.679222
31000.000000	0.677439
33000.000000	0.674285
35000.000000	0.671322
37000.000000	0.665392
39000.000000	0.669066
41000.000000	0.661218
43000.000000	0.664338
45000.000000	0.654447
47000.000000	0.658074
49000.000000	0.653036
50000.000000	0.647506
100000.000000	0.647506
500000.000000	0.647506
1000000.000000	0.647506
5000000.000000	0.647506
-2	0.000000E+00
-2	1.000000E+00
-1
1.000000E+00
-4	19
1	0
0.000000	0.690250
25000.000000	0.690250
27000.000000	0.690250
29000.000000	0.679222
31000.000000	0.677439
33000.000000	0.674285
35000.000000	0.671322
37000.000000	0.665392
39000.000000	0.669066
41000.000000	0.661218
43000.000000	0.664338
45000.000000	0.654447
47000.000000	0.658074
49000.000000	0.653036
50000.000000	0.647506
100000.000000   0.647506
500000.000000   0.647506
1000000.000000  0.647506
5000000.000000  0.647506
-2	0.000000E+00
-2	1.000000E+00
-1
3
1.000000E+00
-4	17
1	0
0.000000	0.629248
25000.000000	0.629248
27000.000000	0.629248
29000.000000	0.633397
31000.000000	0.630562
33000.000000	0.628931
35000.000000	0.635307
37000.000000	0.621260
39000.000000	0.635740
41000.000000	0.623164
43000.000000	0.625892
45000.000000	0.615624
50000.000000	0.615624
100000.000000	0.615624
500000.000000	0.615624
1000000.000000	0.615624
5000000.000000	0.615624
-2	0.000000E+00
-2	1.000000E+00
-1
1.000000E+00
-4	17
1	0
0.000000	0.629248
25000.000000	0.629248
27000.000000	0.629248
29000.000000	0.633397
31000.000000	0.630562
33000.000000	0.628931
35000.000000	0.635307
37000.000000	0.621260
39000.000000	0.635740
41000.000000	0.623164
43000.000000	0.625892
45000.000000	0.615624
50000.000000    0.615624
100000.000000   0.615624
500000.000000   0.615624
1000000.000000  0.615624
5000000.000000  0.615624
-2	0.000000E+00
-2	1.000000E+00
-1
1.000000E+00
-4	17
1	0
0.000000	0.629248
25000.000000	0.629248
27000.000000	0.629248
29000.000000	0.633397
31000.000000	0.630562
33000.000000	0.628931
35000.000000	0.635307
37000.000000	0.621260
39000.000000	0.635740
41000.000000	0.623164
43000.000000	0.625892
45000.000000	0.615624
50000.000000    0.615624
100000.000000   0.615624
500000.000000   0.615624
1000000.000000  0.615624
5000000.000000  0.615624
-2	0.000000E+00
-2	1.000000E+00
-1
