1
NUMTRACK I
0	1
-3
-3
-1
2
BDT F
ET F
3
1.000000E+00
-4	20
1	0
0.000000	0.460962
21656.333923	0.460962
22926.343918	0.475361
24593.296051	0.482205
26306.161880	0.489278
28070.671082	0.490478
30043.027878	0.495068
32125.659943	0.495966
34487.464905	0.500836
37277.324677	0.502799
40839.645386	0.505320
46339.218140	0.511377
60690.322876	0.523181
98979.080200	0.558646
149154.571533	0.571698
200771.240234	0.572958
255304.763794	0.574896
321777.038574	0.578565
426951.782227	0.579559
1000000.000000	0.579559
-2	0.000000E+00
-2	1.000000E+00
-1
1.000000E+00
-4	20
1	0
0.000000	0.481426
21656.333923	0.481426
22926.343918	0.493074
24593.296051	0.496705
26306.161880	0.500792
28070.671082	0.502677
30043.027878	0.505702
32125.659943	0.507152
34487.464905	0.510871
37277.324677	0.513498
40839.645386	0.517145
46339.218140	0.524921
60690.322876	0.538352
98979.080200	0.577657
149154.571533	0.588020
200771.240234	0.590350
255304.763794	0.592971
321777.038574	0.595311
426951.782227	0.595627
1000000.000000	0.595627
-2	0.000000E+00
-2	1.000000E+00
-1
1.000000E+00
-4	20
1	0
0.000000	0.495644
21656.333923	0.495644
22926.343918	0.503231
24593.296051	0.506629
26306.161880	0.510270
28070.671082	0.511804
30043.027878	0.515213
32125.659943	0.517773
34487.464905	0.521487
37277.324677	0.523384
40839.645386	0.529536
46339.218140	0.536197
60690.322876	0.550337
98979.080200	0.591893
149154.571533	0.600343
200771.240234	0.603642
255304.763794	0.605938
321777.038574	0.606170
426951.782227	0.607602
1000000.000000	0.607602
-2	0.000000E+00
-2	1.000000E+00
-1
3
1.000000E+00
-4	20
1	0
0.000000	0.466324
22682.210922	0.466324
24791.942596	0.479020
26799.808502	0.482824
28804.681778	0.484509
30424.184799	0.485687
32293.365479	0.491166
34302.516937	0.490368
36481.178284	0.490207
39073.657990	0.490703
42224.178314	0.494530
47190.910339	0.496902
61415.950775	0.498161
115868.278503	0.510038
178576.110840	0.499222
230849.807739	0.499147
284403.106689	0.485451
346304.779053	0.482073
443284.576416	0.469679
1000000.000000	0.469679
-2	0.000000E+00
-2	1.000000E+00
-1
1.000000E+00
-4	20
1	0
0.000000	0.476452
22682.210922	0.476452
24791.942596	0.487989
26799.808502	0.490991
28804.681778	0.492825
30424.184799	0.492600
32293.365479	0.498917
34302.516937	0.497358
36481.178284	0.498247
39073.657990	0.499069
42224.178314	0.502665
47190.910339	0.503869
61415.950775	0.505014
115868.278503	0.519243
178576.110840	0.509743
230849.807739	0.509525
284403.106689	0.501346
346304.779053	0.496038
443284.576416	0.483801
1000000.000000	0.483801
-2	0.000000E+00
-2	1.000000E+00
-1
1.000000E+00
-4	20
1	0
0.000000	0.485142
22682.210922	0.485142
24791.942596	0.495053
26799.808502	0.497982
28804.681778	0.497967
30424.184799	0.498625
32293.365479	0.504418
34302.516937	0.504108
36481.178284	0.504522
39073.657990	0.505752
42224.178314	0.508298
47190.910339	0.510756
61415.950775	0.511699
115868.278503	0.526592
178576.110840	0.519114
230849.807739	0.519139
284403.106689	0.512130
346304.779053	0.507713
443284.576416	0.497771
1000000.000000	0.497771
-2	0.000000E+00
-2	1.000000E+00
-1
