element 0
poly 0 1 2 3 4 5 6 7 8 9 10 11 12 13 14 15 16 17 18 19 20 21 22 23 24 25 26 27 28 29 30 31 32 33 34 35 36 37 38 39 40 41 42 43 44 45 46 47 48 49 50 51 52 53 54 55 56 57 58 59 60 61 62 63 64 65 66 67 68 69 70 71 72 73
exp
0 0.000000 0.031358 0.000050
1 0.000000 0.069197 0.000070
2 0.000000 0.098531 0.000071
3 0.000000 0.119610 -0.000015
4 0.000000 0.126056 -0.000058
5 0.000000 0.116199 0.000024
6 0.000000 0.113050 0.000046
7 0.000000 0.120206 -0.000025
8 0.000000 0.125030 -0.000075
9 0.000000 0.123649 -0.000068
10 0.000000 0.121469 -0.000048
11 0.000000 0.117715 -0.000013
12 0.000000 0.112700 0.000029
13 0.000000 0.115499 0.000008
14 0.000000 0.116570 0.000003
15 0.000000 0.112125 0.000038
16 0.000000 0.114551 0.000012
17 0.000000 0.117710 -0.000017
18 0.000000 0.117597 -0.000012
19 0.000000 0.114646 0.000011
20 0.000000 0.114066 0.000010
21 0.000000 0.116705 -0.000011
22 0.000000 0.115101 0.000006
23 0.000000 0.112496 0.000027
24 0.000000 0.114265 0.000014
25 0.000000 0.119390 -0.000024
26 0.000000 0.118993 -0.000019
27 0.000000 0.115095 0.000012
28 0.000000 0.116224 -0.000002
29 0.000000 0.113376 0.000018
30 0.000000 0.111503 0.000032
31 0.000000 0.116262 -0.000006
32 0.000000 0.116823 -0.000007
33 0.000000 0.116135 -0.000001
34 0.000000 0.118225 -0.000021
35 0.000000 0.116808 -0.000014
36 0.000000 0.118374 -0.000029
37 0.000000 0.120654 -0.000044
38 0.000000 0.115319 0.000006
39 0.000000 0.109339 0.000059
40 0.000000 0.113736 0.000021
41 0.000000 0.113700 0.000022
42 0.000000 0.110800 0.000047
43 0.000000 0.118561 -0.000018
44 0.000000 0.123676 -0.000056
45 0.000000 0.118548 -0.000011
46 0.000000 0.116540 0.000004
47 0.000000 0.117963 -0.000012
48 0.000000 0.116602 -0.000004
49 0.000000 0.113412 0.000021
50 0.000000 0.112126 0.000032
51 0.000000 0.112075 0.000034
52 0.000000 0.114629 0.000018
53 0.000000 0.118719 -0.000013
54 0.000000 0.121655 -0.000040
55 0.000000 0.116508 0.000001
56 0.000000 0.111621 0.000042
57 0.000000 0.115104 0.000012
58 0.000000 0.117822 -0.000013
59 0.000000 0.113709 0.000019
60 0.000000 0.115586 0.000001
61 0.000000 0.119007 -0.000031
62 0.000000 0.115107 0.000001
63 0.000000 0.113004 0.000022
64 0.000000 0.112016 0.000034
65 0.000000 0.117033 -0.000005
66 0.000000 0.122052 -0.000046
67 0.000000 0.117774 -0.000016
68 0.000000 0.116618 -0.000013
69 0.000000 0.117158 -0.000017
70 0.000000 0.109692 0.000041
71 0.000000 0.098259 0.000067
72 0.000000 0.079746 -0.000015
73 0.000000 0.041517 -0.000035
element 1
poly 0 1 2 3 4 5 6 7 8 9 10 11 12 13 14 15 16 17 18 19 20 21 22 23 24 25 26 27 28 29 30 31 32 33 34 35 36 37 38 39 40 41 42 43 44 45 46 47 48 49 50 51 52 53 54 55 56 57 58 59 60 61 62 63 64 65 66 67 68 69 70 71 72 73
exp
0 0.000000 0.041814 0.000002
1 0.000000 0.081527 0.000001
2 0.000000 0.112855 -0.000026
3 0.000000 0.122644 -0.000022
4 0.000000 0.118759 0.000024
5 0.000000 0.119846 0.000015
6 0.000000 0.122436 -0.000008
7 0.000000 0.121005 0.000003
8 0.000000 0.119329 0.000014
9 0.000000 0.118533 0.000019
10 0.000000 0.119475 0.000014
11 0.000000 0.119485 0.000015
12 0.000000 0.121501 -0.000003
13 0.000000 0.125258 -0.000037
14 0.000000 0.122924 -0.000019
15 0.000000 0.122448 -0.000016
16 0.000000 0.123417 -0.000028
17 0.000000 0.120908 -0.000008
18 0.000000 0.112892 0.000059
19 0.000000 0.111472 0.000073
20 0.000000 0.120836 -0.000005
21 0.000000 0.126162 -0.000053
22 0.000000 0.126277 -0.000054
23 0.000000 0.123808 -0.000030
24 0.000000 0.119571 0.000007
25 0.000000 0.120278 -0.000000
26 0.000000 0.122441 -0.000021
27 0.000000 0.120875 -0.000009
28 0.000000 0.116186 0.000031
29 0.000000 0.118112 0.000016
30 0.000000 0.121804 -0.000015
31 0.000000 0.119227 0.000009
32 0.000000 0.120744 -0.000002
33 0.000000 0.124507 -0.000033
34 0.000000 0.127025 -0.000058
35 0.000000 0.124354 -0.000040
36 0.000000 0.117898 0.000012
37 0.000000 0.124327 -0.000043
38 0.000000 0.126784 -0.000066
39 0.000000 0.113377 0.000050
40 0.000000 0.109693 0.000088
41 0.000000 0.116683 0.000029
42 0.000000 0.116523 0.000025
43 0.000000 0.113957 0.000044
44 0.000000 0.115051 0.000037
45 0.000000 0.115365 0.000039
46 0.000000 0.118472 0.000011
47 0.000000 0.117959 0.000012
48 0.000000 0.117022 0.000022
49 0.000000 0.116294 0.000030
50 0.000000 0.114041 0.000045
51 0.000000 0.115169 0.000032
52 0.000000 0.115200 0.000039
53 0.000000 0.116854 0.000031
54 0.000000 0.122574 -0.000021
55 0.000000 0.122374 -0.000019
56 0.000000 0.121075 -0.000006
57 0.000000 0.121797 -0.000014
58 0.000000 0.121896 -0.000020
59 0.000000 0.121827 -0.000018
60 0.000000 0.122189 -0.000015
61 0.000000 0.122186 -0.000008
62 0.000000 0.123602 -0.000020
63 0.000000 0.119214 0.000010
64 0.000000 0.121364 -0.000009
65 0.000000 0.129592 -0.000079
66 0.000000 0.123743 -0.000026
67 0.000000 0.118425 0.000019
68 0.000000 0.119979 -0.000001
69 0.000000 0.121189 -0.000019
70 0.000000 0.119332 -0.000020
71 0.000000 0.108925 -0.000022
72 0.000000 0.082045 -0.000042
73 0.000000 0.041968 -0.000043
element 2
poly 0 1 2 3 4 5 6 7 8 9 10 11 12 13 14 15 16 17 18 19 20 21 22 23 24 25 26 27 28 29 30 31 32 33 34 35 36 37 38 39 40 41 42 43 44 45 46 47 48 49 50 51 52 53 54 55 56 57 58 59 60 61 62 63 64 65 66 67 68 69 70 71 72 73
exp
0 0.000000 0.052301 -0.000037
1 0.000000 0.101230 -0.000009
2 0.000000 0.140179 -0.000019
3 0.000000 0.153965 -0.000018
4 0.000000 0.150582 0.000039
5 0.000000 0.146223 0.000077
6 0.000000 0.149510 0.000038
7 0.000000 0.150955 0.000011
8 0.000000 0.153132 -0.000017
9 0.000000 0.154014 -0.000029
10 0.000000 0.155048 -0.000042
11 0.000000 0.155276 -0.000042
12 0.000000 0.154793 -0.000032
13 0.000000 0.155286 -0.000033
14 0.000000 0.155171 -0.000031
15 0.000000 0.152293 -0.000003
16 0.000000 0.149664 0.000023
17 0.000000 0.145965 0.000050
18 0.000000 0.146945 0.000034
19 0.000000 0.148043 0.000021
20 0.000000 0.145065 0.000046
21 0.000000 0.148744 0.000016
22 0.000000 0.155266 -0.000037
23 0.000000 0.157241 -0.000050
24 0.000000 0.155103 -0.000026
25 0.000000 0.149258 0.000026
26 0.000000 0.152354 -0.000004
27 0.000000 0.156728 -0.000051
28 0.000000 0.152125 -0.000014
29 0.000000 0.148439 0.000024
30 0.000000 0.149585 0.000021
31 0.000000 0.149109 0.000026
32 0.000000 0.146875 0.000040
33 0.000000 0.149344 0.000014
34 0.000000 0.151759 -0.000009
35 0.000000 0.146746 0.000036
36 0.000000 0.148747 0.000023
37 0.000000 0.155117 -0.000025
38 0.000000 0.154037 -0.000015
39 0.000000 0.151602 -0.000000
40 0.000000 0.149405 0.000015
41 0.000000 0.150449 0.000008
42 0.000000 0.152042 -0.000008
43 0.000000 0.146633 0.000036
44 0.000000 0.148205 0.000025
45 0.000000 0.158049 -0.000054
46 0.000000 0.155491 -0.000035
47 0.000000 0.145893 0.000039
48 0.000000 0.144983 0.000047
49 0.000000 0.149636 0.000013
50 0.000000 0.154480 -0.000027
51 0.000000 0.156042 -0.000042
52 0.000000 0.151110 0.000003
53 0.000000 0.151023 0.000011
54 0.000000 0.157005 -0.000035
55 0.000000 0.155484 -0.000021
56 0.000000 0.154302 -0.000016
57 0.000000 0.157288 -0.000052
58 0.000000 0.149949 0.000003
59 0.000000 0.142428 0.000072
60 0.000000 0.150594 0.000011
61 0.000000 0.152912 -0.000009
62 0.000000 0.151061 0.000006
63 0.000000 0.156587 -0.000039
64 0.000000 0.155823 -0.000033
65 0.000000 0.151803 -0.000001
66 0.000000 0.153648 -0.000016
67 0.000000 0.153808 -0.000019
68 0.000000 0.150189 0.000006
69 0.000000 0.147434 0.000027
70 0.000000 0.150671 -0.000007
71 0.000000 0.142478 -0.000031
72 0.000000 0.105783 -0.000029
73 0.000000 0.058264 -0.000072
element 3
poly 0 1 2 3 4 5 6 7 8 9 10 11 12 13 14 15 16 17 18 19 20 21 22 23 24 25 26 27 28 29 30 31 32 33 34 35 36 37 38 39 40 41 42 43 44 45 46 47 48 49 50 51 52 53 54 55 56 57 58 59 60 61 62 63 64 65 66 67 68 69 70 71 72 73
exp
0 0.000000 0.024699 -0.000018
1 0.000000 0.054567 -0.000062
2 0.000000 0.070957 -0.000054
3 0.000000 0.074911 -0.000037
4 0.000000 0.075585 -0.000035
5 0.000000 0.077798 -0.000056
6 0.000000 0.075629 -0.000043
7 0.000000 0.071958 -0.000017
8 0.000000 0.071822 -0.000020
9 0.000000 0.072773 -0.000029
10 0.000000 0.070071 -0.000008
11 0.000000 0.070071 -0.000008
12 0.000000 0.072317 -0.000026
13 0.000000 0.074994 -0.000046
14 0.000000 0.073546 -0.000031
15 0.000000 0.069783 0.000003
16 0.000000 0.072635 -0.000023
17 0.000000 0.073849 -0.000036
18 0.000000 0.066106 0.000030
19 0.000000 0.064524 0.000042
20 0.000000 0.067789 0.000011
21 0.000000 0.065415 0.000037
22 0.000000 0.061920 0.000070
23 0.000000 0.064479 0.000045
24 0.000000 0.065174 0.000036
25 0.000000 0.066732 0.000021
26 0.000000 0.071202 -0.000017
27 0.000000 0.069768 -0.000003
28 0.000000 0.067522 0.000018
29 0.000000 0.072170 -0.000018
30 0.000000 0.073080 -0.000026
31 0.000000 0.069500 0.000001
32 0.000000 0.068645 0.000008
33 0.000000 0.067543 0.000017
34 0.000000 0.067904 0.000013
35 0.000000 0.071449 -0.000018
36 0.000000 0.072262 -0.000025
37 0.000000 0.069060 0.000005
38 0.000000 0.067668 0.000018
39 0.000000 0.070301 -0.000004
40 0.000000 0.072558 -0.000020
41 0.000000 0.075263 -0.000044
42 0.000000 0.076706 -0.000059
43 0.000000 0.070760 -0.000011
44 0.000000 0.065424 0.000029
45 0.000000 0.068738 0.000004
46 0.000000 0.071823 -0.000014
47 0.000000 0.072291 -0.000018
48 0.000000 0.073387 -0.000029
49 0.000000 0.070729 -0.000010
50 0.000000 0.066191 0.000024
51 0.000000 0.065597 0.000031
52 0.000000 0.070302 -0.000004
53 0.000000 0.070128 -0.000002
54 0.000000 0.069437 0.000004
55 0.000000 0.068669 0.000012
56 0.000000 0.061681 0.000071
57 0.000000 0.061592 0.000071
58 0.000000 0.066097 0.000031
59 0.000000 0.069818 -0.000002
60 0.000000 0.069476 0.000000
61 0.000000 0.063464 0.000052
62 0.000000 0.065616 0.000036
63 0.000000 0.070805 -0.000005
64 0.000000 0.066231 0.000032
65 0.000000 0.063897 0.000047
66 0.000000 0.068196 0.000010
67 0.000000 0.072171 -0.000024
68 0.000000 0.074949 -0.000044
69 0.000000 0.072945 -0.000021
70 0.000000 0.068294 0.000011
71 0.000000 0.061780 0.000017
72 0.000000 0.048715 -0.000016
73 0.000000 0.027879 -0.000046
element 4
poly 0 1 2 3 4 5 6 7 8 9 10 11 12 13 14 15 16 17 18 19 20 21 22 23 24 25 26 27 28 29 30 31 32 33 34 35 36 37 38 39 40 41 42 43 44 45 46 47 48 49 50 51 52 53 54 55 56 57 58 59 60 61 62 63 64 65 66 67 68 69 70 71 72 73
exp
0 0.000000 0.031211 0.000020
1 0.000000 0.065679 0.000037
2 0.000000 0.093300 0.000022
3 0.000000 0.102522 0.000017
4 0.000000 0.105336 0.000007
5 0.000000 0.110913 -0.000040
6 0.000000 0.107189 -0.000017
7 0.000000 0.106144 -0.000015
8 0.000000 0.111608 -0.000059
9 0.000000 0.108127 -0.000028
10 0.000000 0.101626 0.000023
11 0.000000 0.096841 0.000063
12 0.000000 0.097656 0.000057
13 0.000000 0.107668 -0.000028
14 0.000000 0.111366 -0.000055
15 0.000000 0.107693 -0.000021
16 0.000000 0.104053 0.000012
17 0.000000 0.099301 0.000055
18 0.000000 0.101753 0.000033
19 0.000000 0.108945 -0.000031
20 0.000000 0.106024 -0.000009
21 0.000000 0.099287 0.000046
22 0.000000 0.101635 0.000028
23 0.000000 0.103016 0.000020
24 0.000000 0.100183 0.000043
25 0.000000 0.101059 0.000036
26 0.000000 0.105041 -0.000001
27 0.000000 0.107662 -0.000028
28 0.000000 0.106942 -0.000021
29 0.000000 0.101431 0.000027
30 0.000000 0.100080 0.000038
31 0.000000 0.101479 0.000022
32 0.000000 0.106329 -0.000021
33 0.000000 0.108002 -0.000034
34 0.000000 0.104325 -0.000004
35 0.000000 0.104699 -0.000008
36 0.000000 0.104546 -0.000001
37 0.000000 0.105763 -0.000005
38 0.000000 0.107513 -0.000021
39 0.000000 0.106039 -0.000012
40 0.000000 0.104118 0.000001
41 0.000000 0.100743 0.000032
42 0.000000 0.098246 0.000056
43 0.000000 0.101121 0.000032
44 0.000000 0.107084 -0.000016
45 0.000000 0.108056 -0.000021
46 0.000000 0.103184 0.000020
47 0.000000 0.102052 0.000023
48 0.000000 0.098537 0.000046
49 0.000000 0.097913 0.000047
50 0.000000 0.103485 -0.000001
51 0.000000 0.104386 -0.000003
52 0.000000 0.101577 0.000027
53 0.000000 0.103726 0.000009
54 0.000000 0.107183 -0.000022
55 0.000000 0.105428 -0.000005
56 0.000000 0.106768 -0.000009
57 0.000000 0.107789 -0.000017
58 0.000000 0.101096 0.000036
59 0.000000 0.099255 0.000050
60 0.000000 0.100362 0.000036
61 0.000000 0.096659 0.000062
62 0.000000 0.096392 0.000068
63 0.000000 0.099756 0.000044
64 0.000000 0.099172 0.000052
65 0.000000 0.099998 0.000047
66 0.000000 0.104125 0.000009
67 0.000000 0.104842 -0.000004
68 0.000000 0.100849 0.000032
69 0.000000 0.098129 0.000061
70 0.000000 0.101911 0.000022
71 0.000000 0.093730 0.000020
72 0.000000 0.063514 0.000060
73 0.000000 0.031030 0.000027
element 5
poly 0 1 2 3 4 5 6 7 8 9 10 11 12 13 14 15 16 17 18 19 20 21 22 23 24 25 26 27 28 29 30 31 32 33 34 35 36 37 38 39 40 41 42 43 44 45 46 47 48 49 50 51 52 53 54 55 56 57 58 59 60 61 62 63 64 65 66 67 68 69 70 71 72 73
exp
0 0.000000 0.037348 -0.000034
1 0.000000 0.060971 0.000064
2 0.000000 0.085342 0.000063
3 0.000000 0.101350 -0.000001
4 0.000000 0.103901 -0.000010
5 0.000000 0.106314 -0.000035
6 0.000000 0.106110 -0.000039
7 0.000000 0.098029 0.000023
8 0.000000 0.089218 0.000090
9 0.000000 0.089811 0.000084
10 0.000000 0.095880 0.000033
11 0.000000 0.098034 0.000018
12 0.000000 0.099349 0.000011
13 0.000000 0.100384 0.000003
14 0.000000 0.099761 0.000006
15 0.000000 0.100518 -0.000002
16 0.000000 0.099871 0.000001
17 0.000000 0.095312 0.000040
18 0.000000 0.095663 0.000040
19 0.000000 0.096757 0.000028
20 0.000000 0.097559 0.000018
21 0.000000 0.099170 0.000007
22 0.000000 0.100006 0.000004
23 0.000000 0.098529 0.000017
24 0.000000 0.097260 0.000027
25 0.000000 0.099548 0.000008
26 0.000000 0.099377 0.000009
27 0.000000 0.095916 0.000043
28 0.000000 0.095040 0.000052
29 0.000000 0.094024 0.000052
30 0.000000 0.097457 0.000021
31 0.000000 0.102413 -0.000014
32 0.000000 0.097786 0.000026
33 0.000000 0.093857 0.000059
34 0.000000 0.099618 0.000010
35 0.000000 0.107045 -0.000055
36 0.000000 0.106126 -0.000044
37 0.000000 0.102164 -0.000005
38 0.000000 0.101327 -0.000004
39 0.000000 0.100454 -0.000007
40 0.000000 0.099652 0.000001
41 0.000000 0.101416 -0.000011
42 0.000000 0.105019 -0.000041
43 0.000000 0.105574 -0.000044
44 0.000000 0.097119 0.000030
45 0.000000 0.093190 0.000065
46 0.000000 0.099760 0.000010
47 0.000000 0.104488 -0.000030
48 0.000000 0.101264 -0.000006
49 0.000000 0.101801 -0.000009
50 0.000000 0.102923 -0.000015
51 0.000000 0.097854 0.000029
52 0.000000 0.098717 0.000020
53 0.000000 0.099378 0.000012
54 0.000000 0.096038 0.000039
55 0.000000 0.101880 -0.000007
56 0.000000 0.103187 -0.000014
57 0.000000 0.098971 0.000020
58 0.000000 0.100850 -0.000003
59 0.000000 0.099226 0.000007
60 0.000000 0.099484 0.000004
61 0.000000 0.101548 -0.000012
62 0.000000 0.101325 -0.000011
63 0.000000 0.100883 -0.000010
64 0.000000 0.101968 -0.000021
65 0.000000 0.102616 -0.000021
66 0.000000 0.103387 -0.000024
67 0.000000 0.101563 -0.000009
68 0.000000 0.100336 0.000004
69 0.000000 0.099525 0.000013
70 0.000000 0.098106 0.000017
71 0.000000 0.090750 0.000012
72 0.000000 0.066881 0.000005
73 0.000000 0.030637 0.000017
element 6
poly 0 1 2 3 4 5 6 7 8 9 10 11 12 13 14 15 16 17 18 19 20 21 22 23 24 25 26 27 28 29 30 31 32 33 34 35 36 37 38 39 40 41 42 43 44 45 46 47 48 49 50 51 52 53 54 55 56 57 58 59 60 61 62 63 64 65 66 67 68 69 70 71 72 73
exp
0 0.000000 0.019189 0.000008
1 0.000000 0.043290 -0.000014
2 0.000000 0.058607 -0.000020
3 0.000000 0.063414 -0.000026
4 0.000000 0.064113 -0.000025
5 0.000000 0.058018 0.000027
6 0.000000 0.051070 0.000078
7 0.000000 0.052811 0.000059
8 0.000000 0.053052 0.000054
9 0.000000 0.050999 0.000068
10 0.000000 0.057513 0.000014
11 0.000000 0.062562 -0.000031
12 0.000000 0.063566 -0.000041
13 0.000000 0.060816 -0.000016
14 0.000000 0.059753 -0.000005
15 0.000000 0.060669 -0.000014
16 0.000000 0.056955 0.000015
17 0.000000 0.056402 0.000021
18 0.000000 0.060475 -0.000011
19 0.000000 0.058996 0.000001
20 0.000000 0.058034 0.000007
21 0.000000 0.062723 -0.000031
22 0.000000 0.064856 -0.000048
23 0.000000 0.058590 0.000003
24 0.000000 0.052639 0.000050
25 0.000000 0.053106 0.000045
26 0.000000 0.057858 0.000005
27 0.000000 0.066021 -0.000059
28 0.000000 0.062107 -0.000023
29 0.000000 0.052752 0.000050
30 0.000000 0.053826 0.000037
31 0.000000 0.061244 -0.000018
32 0.000000 0.058230 0.000010
33 0.000000 0.051814 0.000061
34 0.000000 0.052502 0.000056
35 0.000000 0.057346 0.000016
36 0.000000 0.058524 0.000005
37 0.000000 0.058585 0.000005
38 0.000000 0.062502 -0.000030
39 0.000000 0.064170 -0.000045
40 0.000000 0.060001 -0.000002
41 0.000000 0.063214 -0.000027
42 0.000000 0.062334 -0.000023
43 0.000000 0.057588 0.000019
44 0.000000 0.058195 0.000012
45 0.000000 0.062985 -0.000030
46 0.000000 0.060799 -0.000015
47 0.000000 0.058665 0.000003
48 0.000000 0.054829 0.000039
49 0.000000 0.059134 0.000000
50 0.000000 0.065771 -0.000056
51 0.000000 0.059544 -0.000003
52 0.000000 0.049417 0.000078
53 0.000000 0.053375 0.000042
54 0.000000 0.058723 -0.000003
55 0.000000 0.060571 -0.000017
56 0.000000 0.063828 -0.000037
57 0.000000 0.063994 -0.000033
58 0.000000 0.061081 -0.000011
59 0.000000 0.054040 0.000046
60 0.000000 0.054722 0.000040
61 0.000000 0.058261 0.000005
62 0.000000 0.057371 0.000011
63 0.000000 0.056302 0.000021
64 0.000000 0.058974 -0.000002
65 0.000000 0.059551 -0.000004
66 0.000000 0.061673 -0.000019
67 0.000000 0.064472 -0.000046
68 0.000000 0.060967 -0.000019
69 0.000000 0.055296 0.000028
70 0.000000 0.057205 0.000010
71 0.000000 0.055762 -0.000014
72 0.000000 0.035144 0.000028
73 0.000000 0.006747 0.000080
element 7
poly 0 1 2 3 4 5 6 7 8 9 10 11 12 13 14 15 16 17 18 19 20 21 22 23 24 25 26 27 28 29 30 31 32 33 34 35 36 37 38 39 40 41 42 43 44 45 46 47 48 49 50 51 52 53 54 55 56 57 58 59 60 61 62 63 64 65 66 67 68 69 70 71 72 73
exp
0 0.000000 0.023553 0.000004
1 0.000000 0.052134 -0.000025
2 0.000000 0.063639 0.000017
3 0.000000 0.064078 0.000050
4 0.000000 0.065386 0.000039
5 0.000000 0.069387 0.000001
6 0.000000 0.070430 -0.000012
7 0.000000 0.069809 -0.000017
8 0.000000 0.067996 -0.000000
9 0.000000 0.065860 0.000025
10 0.000000 0.062576 0.000052
11 0.000000 0.065673 0.000024
12 0.000000 0.069738 -0.000009
13 0.000000 0.068729 -0.000000
14 0.000000 0.067094 0.000012
15 0.000000 0.070670 -0.000019
16 0.000000 0.072034 -0.000032
17 0.000000 0.076579 -0.000070
18 0.000000 0.077172 -0.000076
19 0.000000 0.070178 -0.000016
20 0.000000 0.070462 -0.000018
21 0.000000 0.073554 -0.000045
22 0.000000 0.064997 0.000028
23 0.000000 0.067267 0.000012
24 0.000000 0.071639 -0.000024
25 0.000000 0.068489 0.000001
26 0.000000 0.072132 -0.000032
27 0.000000 0.072735 -0.000038
28 0.000000 0.072499 -0.000037
29 0.000000 0.072783 -0.000042
30 0.000000 0.071432 -0.000032
31 0.000000 0.063695 0.000036
32 0.000000 0.058245 0.000085
33 0.000000 0.061954 0.000055
34 0.000000 0.069036 -0.000007
35 0.000000 0.069028 -0.000009
36 0.000000 0.067781 0.000004
37 0.000000 0.065380 0.000025
38 0.000000 0.068004 0.000002
39 0.000000 0.074642 -0.000054
40 0.000000 0.071945 -0.000030
41 0.000000 0.065693 0.000019
42 0.000000 0.070591 -0.000024
43 0.000000 0.074390 -0.000052
44 0.000000 0.064506 0.000035
45 0.000000 0.060148 0.000074
46 0.000000 0.063122 0.000045
47 0.000000 0.062939 0.000040
48 0.000000 0.064823 0.000025
49 0.000000 0.071165 -0.000027
50 0.000000 0.070169 -0.000016
51 0.000000 0.062959 0.000046
52 0.000000 0.065715 0.000025
53 0.000000 0.073963 -0.000049
54 0.000000 0.071576 -0.000030
55 0.000000 0.060224 0.000065
56 0.000000 0.058552 0.000080
57 0.000000 0.069259 -0.000008
58 0.000000 0.077087 -0.000075
59 0.000000 0.069257 -0.000008
60 0.000000 0.062630 0.000053
61 0.000000 0.059764 0.000078
62 0.000000 0.056109 0.000104
63 0.000000 0.059005 0.000075
64 0.000000 0.066354 0.000009
65 0.000000 0.070193 -0.000018
66 0.000000 0.067296 0.000012
67 0.000000 0.066638 0.000016
68 0.000000 0.067613 0.000004
69 0.000000 0.064361 0.000029
70 0.000000 0.059881 0.000062
71 0.000000 0.058785 0.000028
72 0.000000 0.046760 -0.000019
73 0.000000 0.019531 -0.000001
element 8
poly 0 1 2 3 4 5 6 7 8 9 10 11 12 13 14 15 16 17 18 19 20 21 22 23 24 25 26 27 28 29 30 31 32 33 34 35 36 37 38 39 40 41 42 43 44 45 46 47 48 49 50 51 52 53 54 55 56 57 58 59 60 61 62 63 64 65 66 67 68 69 70 71 72 73
exp
0 0.000000 0.053239 0.000007
1 0.000000 0.108165 0.000031
2 0.000000 0.156913 -0.000054
3 0.000000 0.171285 -0.000089
4 0.000000 0.164578 -0.000028
5 0.000000 0.156945 0.000025
6 0.000000 0.155558 0.000019
7 0.000000 0.153855 0.000019
8 0.000000 0.151726 0.000031
9 0.000000 0.156474 -0.000003
10 0.000000 0.159522 -0.000022
11 0.000000 0.156811 -0.000001
12 0.000000 0.153548 0.000026
13 0.000000 0.155738 0.000013
14 0.000000 0.160816 -0.000028
15 0.000000 0.164059 -0.000061
16 0.000000 0.160900 -0.000034
17 0.000000 0.158084 -0.000002
18 0.000000 0.157678 0.000003
19 0.000000 0.156630 0.000006
20 0.000000 0.159302 -0.000015
21 0.000000 0.157485 0.000003
22 0.000000 0.151600 0.000047
23 0.000000 0.145571 0.000093
24 0.000000 0.148998 0.000063
25 0.000000 0.161277 -0.000044
26 0.000000 0.165830 -0.000087
27 0.000000 0.156864 -0.000016
28 0.000000 0.156932 -0.000010
29 0.000000 0.165175 -0.000070
30 0.000000 0.163354 -0.000056
31 0.000000 0.149069 0.000062
32 0.000000 0.148916 0.000070
33 0.000000 0.157450 -0.000002
34 0.000000 0.160050 -0.000031
35 0.000000 0.154315 0.000018
36 0.000000 0.151395 0.000046
37 0.000000 0.152016 0.000045
38 0.000000 0.156701 0.000012
39 0.000000 0.155152 0.000021
40 0.000000 0.149967 0.000061
41 0.000000 0.153507 0.000030
42 0.000000 0.155775 0.000005
43 0.000000 0.151970 0.000033
44 0.000000 0.152291 0.000033
45 0.000000 0.156067 0.000005
46 0.000000 0.157077 -0.000001
47 0.000000 0.153974 0.000025
48 0.000000 0.153862 0.000028
49 0.000000 0.160522 -0.000028
50 0.000000 0.161992 -0.000041
51 0.000000 0.157399 -0.000001
52 0.000000 0.158866 -0.000014
53 0.000000 0.160488 -0.000036
54 0.000000 0.155939 -0.000003
55 0.000000 0.158402 -0.000020
56 0.000000 0.161304 -0.000041
57 0.000000 0.157096 -0.000004
58 0.000000 0.151719 0.000043
59 0.000000 0.151443 0.000049
60 0.000000 0.148494 0.000075
61 0.000000 0.150490 0.000055
62 0.000000 0.156103 0.000007
63 0.000000 0.153717 0.000026
64 0.000000 0.149263 0.000060
65 0.000000 0.152894 0.000027
66 0.000000 0.156598 -0.000003
67 0.000000 0.156488 0.000000
68 0.000000 0.156965 -0.000007
69 0.000000 0.154036 0.000017
70 0.000000 0.149892 0.000039
71 0.000000 0.137287 0.000034
72 0.000000 0.102015 -0.000006
73 0.000000 0.045372 -0.000007
element 9
poly 0 1 2 3 4 5 6 7 8 9 10 11 12 13 14 15 16 17 18 19 20 21 22 23 24 25 26 27 28 29 30 31 32 33 34 35 36 37 38 39 40 41 42 43 44 45 46 47 48 49 50 51 52 53 54 55 56 57 58 59 60 61 62 63 64 65 66 67 68 69 70 71 72 73
exp
0 0.000000 0.019634 0.000018
1 0.000000 0.039314 0.000049
2 0.000000 0.060588 -0.000001
3 0.000000 0.072117 -0.000065
4 0.000000 0.065950 -0.000017
5 0.000000 0.061261 0.000015
6 0.000000 0.061090 0.000015
7 0.000000 0.063701 -0.000008
8 0.000000 0.068085 -0.000051
9 0.000000 0.068975 -0.000059
10 0.000000 0.058625 0.000027
11 0.000000 0.057131 0.000036
12 0.000000 0.062324 -0.000005
13 0.000000 0.064817 -0.000024
14 0.000000 0.061906 0.000001
15 0.000000 0.059430 0.000019
16 0.000000 0.060142 0.000010
17 0.000000 0.061559 0.000000
18 0.000000 0.061525 0.000006
19 0.000000 0.060988 0.000007
20 0.000000 0.060134 0.000014
21 0.000000 0.058244 0.000031
22 0.000000 0.059507 0.000017
23 0.000000 0.063027 -0.000012
24 0.000000 0.063567 -0.000010
25 0.000000 0.066164 -0.000032
26 0.000000 0.070734 -0.000071
27 0.000000 0.070027 -0.000063
28 0.000000 0.067499 -0.000042
29 0.000000 0.062916 -0.000008
30 0.000000 0.057471 0.000031
31 0.000000 0.054041 0.000060
32 0.000000 0.060911 0.000011
33 0.000000 0.066572 -0.000033
34 0.000000 0.070919 -0.000073
35 0.000000 0.070379 -0.000072
36 0.000000 0.067075 -0.000046
37 0.000000 0.067561 -0.000049
38 0.000000 0.069477 -0.000061
39 0.000000 0.067128 -0.000040
40 0.000000 0.062828 -0.000004
41 0.000000 0.062454 -0.000001
42 0.000000 0.062427 -0.000001
43 0.000000 0.064358 -0.000020
44 0.000000 0.068381 -0.000055
45 0.000000 0.066734 -0.000043
46 0.000000 0.060138 0.000010
47 0.000000 0.058245 0.000032
48 0.000000 0.058079 0.000037
49 0.000000 0.058699 0.000027
50 0.000000 0.065477 -0.000033
51 0.000000 0.068889 -0.000057
52 0.000000 0.063002 -0.000000
53 0.000000 0.063390 -0.000008
54 0.000000 0.065406 -0.000037
55 0.000000 0.064571 -0.000030
56 0.000000 0.059551 0.000018
57 0.000000 0.057000 0.000044
58 0.000000 0.055768 0.000057
59 0.000000 0.054522 0.000066
60 0.000000 0.060049 0.000019
61 0.000000 0.065595 -0.000022
62 0.000000 0.061108 0.000016
63 0.000000 0.061030 0.000009
64 0.000000 0.061858 0.000002
65 0.000000 0.063040 -0.000007
66 0.000000 0.063304 -0.000010
67 0.000000 0.061780 0.000005
68 0.000000 0.057750 0.000039
69 0.000000 0.061806 0.000005
70 0.000000 0.060041 0.000015
71 0.000000 0.050164 0.000053
72 0.000000 0.032029 0.000073
73 0.000000 0.015745 0.000020
element 10
poly 0 1 2 3 4 5 6 7 8 9 10 11 12 13 14 15 16 17 18 19 20 21 22 23 24 25 26 27 28 29 30 31 32 33 34 35 36 37 38 39 40 41 42 43 44 45 46 47 48 49 50 51 52 53 54 55 56 57 58 59 60 61 62 63 64 65 66 67 68 69 70 71 72 73
exp
0 0.000000 0.023524 0.000009
1 0.000000 0.048375 0.000019
2 0.000000 0.065912 0.000018
3 0.000000 0.070393 0.000013
4 0.000000 0.074396 -0.000025
5 0.000000 0.074176 -0.000024
6 0.000000 0.069313 0.000017
7 0.000000 0.069844 0.000010
8 0.000000 0.072711 -0.000016
9 0.000000 0.074472 -0.000032
10 0.000000 0.070421 0.000002
11 0.000000 0.061827 0.000074
12 0.000000 0.062257 0.000069
13 0.000000 0.064776 0.000046
14 0.000000 0.067577 0.000021
15 0.000000 0.067610 0.000019
16 0.000000 0.070089 0.000003
17 0.000000 0.072471 -0.000016
18 0.000000 0.070986 -0.000010
19 0.000000 0.069465 -0.000001
20 0.000000 0.066975 0.000025
21 0.000000 0.064100 0.000053
22 0.000000 0.064927 0.000046
23 0.000000 0.070123 0.000006
24 0.000000 0.072929 -0.000016
25 0.000000 0.069556 0.000009
26 0.000000 0.068227 0.000017
27 0.000000 0.070400 -0.000000
28 0.000000 0.066639 0.000034
29 0.000000 0.064310 0.000051
30 0.000000 0.065242 0.000045
31 0.000000 0.067196 0.000032
32 0.000000 0.071223 -0.000001
33 0.000000 0.069068 0.000014
34 0.000000 0.067306 0.000029
35 0.000000 0.076523 -0.000047
36 0.000000 0.074379 -0.000028
37 0.000000 0.068001 0.000018
38 0.000000 0.066560 0.000026
39 0.000000 0.061620 0.000071
40 0.000000 0.063751 0.000052
41 0.000000 0.076983 -0.000059
42 0.000000 0.082047 -0.000099
43 0.000000 0.076885 -0.000056
44 0.000000 0.070909 -0.000003
45 0.000000 0.067339 0.000028
46 0.000000 0.066806 0.000031
47 0.000000 0.065574 0.000041
48 0.000000 0.068054 0.000019
49 0.000000 0.076101 -0.000051
50 0.000000 0.078483 -0.000068
51 0.000000 0.072702 -0.000019
52 0.000000 0.062992 0.000064
53 0.000000 0.066957 0.000037
54 0.000000 0.066554 0.000034
55 0.000000 0.058097 0.000098
56 0.000000 0.059166 0.000093
57 0.000000 0.068788 0.000017
58 0.000000 0.072113 -0.000015
59 0.000000 0.073220 -0.000027
60 0.000000 0.068525 0.000018
61 0.000000 0.065753 0.000041
62 0.000000 0.071667 -0.000010
63 0.000000 0.071552 -0.000002
64 0.000000 0.064803 0.000055
65 0.000000 0.067246 0.000028
66 0.000000 0.075319 -0.000045
67 0.000000 0.077772 -0.000068
68 0.000000 0.069178 0.000008
69 0.000000 0.065328 0.000044
70 0.000000 0.070447 -0.000002
71 0.000000 0.067972 -0.000029
72 0.000000 0.044599 0.000014
73 0.000000 0.017354 0.000024
element 11
poly 0 1 2 3 4 5 6 7 8 9 10 11 12 13 14 15 16 17 18 19 20 21 22 23 24 25 26 27 28 29 30 31 32 33 34 35 36 37 38 39 40 41 42 43 44 45 46 47 48 49 50 51 52 53 54 55 56 57 58 59 60 61 62 63 64 65 66 67 68 69 70 71 72 73
exp
0 0.000000 0.017834 0.000040
1 0.000000 0.043129 0.000066
2 0.000000 0.062911 0.000069
3 0.000000 0.079401 -0.000016
4 0.000000 0.084754 -0.000064
5 0.000000 0.073768 0.000017
6 0.000000 0.069527 0.000051
7 0.000000 0.077000 -0.000013
8 0.000000 0.082748 -0.000072
9 0.000000 0.081693 -0.000070
10 0.000000 0.080024 -0.000054
11 0.000000 0.074924 -0.000005
12 0.000000 0.070458 0.000031
13 0.000000 0.073695 0.000004
14 0.000000 0.075372 -0.000008
15 0.000000 0.069975 0.000037
16 0.000000 0.072274 0.000016
17 0.000000 0.076605 -0.000023
18 0.000000 0.075984 -0.000015
19 0.000000 0.072620 0.000013
20 0.000000 0.071548 0.000022
21 0.000000 0.075319 -0.000013
22 0.000000 0.073925 -0.000001
23 0.000000 0.070117 0.000032
24 0.000000 0.072154 0.000017
25 0.000000 0.077436 -0.000024
26 0.000000 0.076476 -0.000013
27 0.000000 0.073046 0.000010
28 0.000000 0.075562 -0.000018
29 0.000000 0.071547 0.000018
30 0.000000 0.069376 0.000039
31 0.000000 0.073779 0.000004
32 0.000000 0.074985 -0.000004
33 0.000000 0.073571 0.000006
34 0.000000 0.077003 -0.000028
35 0.000000 0.074770 -0.000013
36 0.000000 0.076647 -0.000027
37 0.000000 0.079127 -0.000043
38 0.000000 0.073399 0.000007
39 0.000000 0.066982 0.000061
40 0.000000 0.072345 0.000017
41 0.000000 0.072292 0.000015
42 0.000000 0.068592 0.000046
43 0.000000 0.076621 -0.000022
44 0.000000 0.082769 -0.000071
45 0.000000 0.075640 -0.000007
46 0.000000 0.074036 0.000005
47 0.000000 0.075322 -0.000006
48 0.000000 0.075195 -0.000008
49 0.000000 0.071842 0.000015
50 0.000000 0.071084 0.000022
51 0.000000 0.069032 0.000047
52 0.000000 0.071649 0.000030
53 0.000000 0.076187 -0.000009
54 0.000000 0.080451 -0.000051
55 0.000000 0.074842 -0.000006
56 0.000000 0.067893 0.000059
57 0.000000 0.072730 0.000019
58 0.000000 0.075842 -0.000012
59 0.000000 0.071142 0.000029
60 0.000000 0.072688 0.000016
61 0.000000 0.077585 -0.000031
62 0.000000 0.073768 -0.000001
63 0.000000 0.070762 0.000028
64 0.000000 0.069829 0.000036
65 0.000000 0.075033 -0.000006
66 0.000000 0.080721 -0.000053
67 0.000000 0.075236 -0.000007
68 0.000000 0.074231 -0.000002
69 0.000000 0.076134 -0.000021
70 0.000000 0.069922 0.000034
71 0.000000 0.061437 0.000072
72 0.000000 0.053676 -0.000023
73 0.000000 0.027612 -0.000047
element 12
poly 0 1 2 3 4 5 6 7 8 9 10 11 12 13 14 15 16 17 18 19 20 21 22 23 24 25 26 27 28 29 30 31 32 33 34 35 36 37 38 39 40 41 42 43 44 45 46 47 48 49 50 51 52 53 54 55 56 57 58 59 60 61 62 63 64 65 66 67 68 69 70 71 72 73
exp
0 0.000000 0.021030 -0.000000
1 0.000000 0.044374 0.000005
2 0.000000 0.061583 -0.000008
3 0.000000 0.065486 -0.000017
4 0.000000 0.060504 0.000014
5 0.000000 0.060312 0.000009
6 0.000000 0.061673 -0.000004
7 0.000000 0.060973 -0.000000
8 0.000000 0.059866 0.000005
9 0.000000 0.059602 0.000007
10 0.000000 0.059942 0.000007
11 0.000000 0.060232 0.000004
12 0.000000 0.060756 -0.000002
13 0.000000 0.063144 -0.000023
14 0.000000 0.061365 -0.000007
15 0.000000 0.060957 -0.000005
16 0.000000 0.061917 -0.000015
17 0.000000 0.060956 -0.000006
18 0.000000 0.056817 0.000028
19 0.000000 0.055535 0.000038
20 0.000000 0.060795 -0.000002
21 0.000000 0.063068 -0.000021
22 0.000000 0.062793 -0.000020
23 0.000000 0.061876 -0.000013
24 0.000000 0.059795 0.000003
25 0.000000 0.060062 -0.000000
26 0.000000 0.061732 -0.000013
27 0.000000 0.060593 -0.000003
28 0.000000 0.058055 0.000019
29 0.000000 0.058800 0.000014
30 0.000000 0.061643 -0.000011
31 0.000000 0.059695 0.000004
32 0.000000 0.060258 0.000002
33 0.000000 0.062120 -0.000013
34 0.000000 0.063731 -0.000029
35 0.000000 0.062188 -0.000018
36 0.000000 0.058046 0.000015
37 0.000000 0.061572 -0.000015
38 0.000000 0.064719 -0.000043
39 0.000000 0.056577 0.000027
40 0.000000 0.054833 0.000045
41 0.000000 0.059377 0.000007
42 0.000000 0.059293 0.000006
43 0.000000 0.057077 0.000023
44 0.000000 0.058122 0.000014
45 0.000000 0.058341 0.000015
46 0.000000 0.059877 0.000003
47 0.000000 0.059392 0.000005
48 0.000000 0.058698 0.000011
49 0.000000 0.058821 0.000012
50 0.000000 0.057286 0.000024
51 0.000000 0.058006 0.000016
52 0.000000 0.058243 0.000015
53 0.000000 0.058949 0.000012
54 0.000000 0.061678 -0.000011
55 0.000000 0.061526 -0.000011
56 0.000000 0.060369 -0.000001
57 0.000000 0.061285 -0.000009
58 0.000000 0.060527 -0.000004
59 0.000000 0.060670 -0.000003
60 0.000000 0.060603 0.000001
61 0.000000 0.061468 -0.000004
62 0.000000 0.062048 -0.000010
63 0.000000 0.059572 0.000008
64 0.000000 0.059468 0.000007
65 0.000000 0.065498 -0.000043
66 0.000000 0.061706 -0.000009
67 0.000000 0.058963 0.000013
68 0.000000 0.059932 -0.000000
69 0.000000 0.060931 -0.000011
70 0.000000 0.060235 -0.000008
71 0.000000 0.056135 -0.000009
72 0.000000 0.041030 -0.000018
73 0.000000 0.017363 -0.000022
element 13
poly 0 1 2 3 4 5 6 7 8 9 10 11 12 13 14 15 16 17 18 19 20 21 22 23 24 25 26 27 28 29 30 31 32 33 34 35 36 37 38 39 40 41 42 43 44 45 46 47 48 49 50 51 52 53 54 55 56 57 58 59 60 61 62 63 64 65 66 67 68 69 70 71 72 73
exp
0 0.000000 0.014132 -0.000010
1 0.000000 0.026942 0.000006
2 0.000000 0.037649 -0.000002
3 0.000000 0.039987 -0.000004
4 0.000000 0.037001 0.000016
5 0.000000 0.033986 0.000033
6 0.000000 0.036423 0.000010
7 0.000000 0.036679 0.000005
8 0.000000 0.037826 -0.000006
9 0.000000 0.038462 -0.000014
10 0.000000 0.038565 -0.000014
11 0.000000 0.038259 -0.000008
12 0.000000 0.038539 -0.000013
13 0.000000 0.038226 -0.000008
14 0.000000 0.038510 -0.000009
15 0.000000 0.037049 0.000001
16 0.000000 0.035879 0.000013
17 0.000000 0.034325 0.000025
18 0.000000 0.035053 0.000015
19 0.000000 0.036642 -0.000000
20 0.000000 0.034554 0.000018
21 0.000000 0.035408 0.000015
22 0.000000 0.039310 -0.000017
23 0.000000 0.039782 -0.000023
24 0.000000 0.038772 -0.000013
25 0.000000 0.035652 0.000012
26 0.000000 0.036813 0.000003
27 0.000000 0.039506 -0.000019
28 0.000000 0.037193 -0.000002
29 0.000000 0.035300 0.000014
30 0.000000 0.036156 0.000009
31 0.000000 0.036064 0.000011
32 0.000000 0.035288 0.000014
33 0.000000 0.036115 0.000006
34 0.000000 0.037762 -0.000006
35 0.000000 0.034684 0.000021
36 0.000000 0.034996 0.000019
37 0.000000 0.039359 -0.000018
38 0.000000 0.038657 -0.000013
39 0.000000 0.037022 0.000000
40 0.000000 0.035609 0.000014
41 0.000000 0.035971 0.000010
42 0.000000 0.037990 -0.000009
43 0.000000 0.035011 0.000017
44 0.000000 0.034690 0.000021
45 0.000000 0.040404 -0.000026
46 0.000000 0.039323 -0.000017
47 0.000000 0.034453 0.000018
48 0.000000 0.034433 0.000017
49 0.000000 0.036939 -0.000001
50 0.000000 0.038641 -0.000013
51 0.000000 0.039784 -0.000024
52 0.000000 0.037157 -0.000002
53 0.000000 0.036029 0.000011
54 0.000000 0.039465 -0.000016
55 0.000000 0.039091 -0.000015
56 0.000000 0.037376 0.000001
57 0.000000 0.038953 -0.000012
58 0.000000 0.036858 0.000001
59 0.000000 0.031803 0.000044
60 0.000000 0.036613 0.000005
61 0.000000 0.038990 -0.000017
62 0.000000 0.036675 0.000002
63 0.000000 0.039421 -0.000019
64 0.000000 0.039441 -0.000019
65 0.000000 0.036784 0.000001
66 0.000000 0.038358 -0.000012
67 0.000000 0.038670 -0.000015
68 0.000000 0.036538 0.000004
69 0.000000 0.035018 0.000016
70 0.000000 0.036681 0.000001
71 0.000000 0.035994 -0.000015
72 0.000000 0.025175 -0.000008
73 0.000000 0.013089 -0.000032
element 14
poly 0 1 2 3 4 5 6 7 8 9 10 11 12 13 14 15 16 17 18 19 20 21 22 23 24 25 26 27 28 29 30 31 32 33 34 35 36 37 38 39 40 41 42 43 44 45 46 47 48 49 50 51 52 53 54 55 56 57 58 59 60 61 62 63 64 65 66 67 68 69 70 71 72 73
exp
0 0.000000 0.009349 -0.000011
1 0.000000 0.021529 -0.000034
2 0.000000 0.026465 -0.000023
3 0.000000 0.026435 -0.000014
4 0.000000 0.025292 -0.000007
5 0.000000 0.026692 -0.000024
6 0.000000 0.025716 -0.000020
7 0.000000 0.023659 -0.000003
8 0.000000 0.023608 -0.000005
9 0.000000 0.024772 -0.000015
10 0.000000 0.023165 -0.000002
11 0.000000 0.023078 -0.000001
12 0.000000 0.024505 -0.000013
13 0.000000 0.025673 -0.000022
14 0.000000 0.025095 -0.000016
15 0.000000 0.022732 0.000005
16 0.000000 0.023873 -0.000004
17 0.000000 0.025601 -0.000021
18 0.000000 0.021134 0.000017
19 0.000000 0.020179 0.000025
20 0.000000 0.022727 -0.000000
21 0.000000 0.021959 0.000008
22 0.000000 0.019278 0.000034
23 0.000000 0.020853 0.000021
24 0.000000 0.021475 0.000014
25 0.000000 0.021972 0.000008
26 0.000000 0.024440 -0.000014
27 0.000000 0.023789 -0.000007
28 0.000000 0.021727 0.000012
29 0.000000 0.024205 -0.000007
30 0.000000 0.025183 -0.000016
31 0.000000 0.022838 0.000001
32 0.000000 0.022466 0.000006
33 0.000000 0.022257 0.000007
34 0.000000 0.022487 0.000003
35 0.000000 0.024242 -0.000011
36 0.000000 0.024371 -0.000010
37 0.000000 0.022748 0.000004
38 0.000000 0.021936 0.000010
39 0.000000 0.023430 -0.000002
40 0.000000 0.024462 -0.000009
41 0.000000 0.025663 -0.000020
42 0.000000 0.026541 -0.000029
43 0.000000 0.023832 -0.000007
44 0.000000 0.020524 0.000019
45 0.000000 0.022482 0.000004
46 0.000000 0.024631 -0.000011
47 0.000000 0.024277 -0.000009
48 0.000000 0.025122 -0.000017
49 0.000000 0.023238 0.000000
50 0.000000 0.021398 0.000013
51 0.000000 0.020812 0.000018
52 0.000000 0.023601 -0.000002
53 0.000000 0.023789 -0.000004
54 0.000000 0.022613 0.000004
55 0.000000 0.023345 -0.000001
56 0.000000 0.019210 0.000034
57 0.000000 0.019166 0.000034
58 0.000000 0.022107 0.000008
59 0.000000 0.023475 -0.000003
60 0.000000 0.023659 -0.000005
61 0.000000 0.020231 0.000024
62 0.000000 0.020755 0.000021
63 0.000000 0.024219 -0.000006
64 0.000000 0.021834 0.000012
65 0.000000 0.020095 0.000024
66 0.000000 0.023011 -0.000001
67 0.000000 0.024530 -0.000013
68 0.000000 0.025852 -0.000023
69 0.000000 0.024705 -0.000011
70 0.000000 0.022422 0.000005
71 0.000000 0.020219 0.000006
72 0.000000 0.015690 -0.000007
73 0.000000 0.008675 -0.000025
element 15
poly 0 1 2 3 4 5 6 7 8 9 10 11 12 13 14 15 16 17 18 19 20 21 22 23 24 25 26 27 28 29 30 31 32 33 34 35 36 37 38 39 40 41 42 43 44 45 46 47 48 49 50 51 52 53 54 55 56 57 58 59 60 61 62 63 64 65 66 67 68 69 70 71 72 73
exp
0 0.000000 0.013174 0.000027
1 0.000000 0.033412 0.000035
2 0.000000 0.045831 0.000031
3 0.000000 0.047516 0.000012
4 0.000000 0.042574 0.000018
5 0.000000 0.046862 -0.000047
6 0.000000 0.040413 -0.000018
7 0.000000 0.034348 0.000009
8 0.000000 0.040527 -0.000075
9 0.000000 0.032661 -0.000029
10 0.000000 0.018988 0.000062
11 0.000000 0.014156 0.000074
12 0.000000 0.013536 0.000052
13 0.000000 0.023858 -0.000064
14 0.000000 0.022774 -0.000077
15 0.000000 0.010529 0.000008
16 0.000000 0.005180 0.000028
17 0.000000 -0.002693 0.000065
18 0.000000 -0.002059 0.000041
19 0.000000 0.008098 -0.000053
20 0.000000 0.006033 -0.000039
21 0.000000 -0.005673 0.000062
22 0.000000 0.000531 0.000013
23 0.000000 0.002111 0.000006
24 0.000000 0.000103 0.000028
25 0.000000 0.000974 0.000015
26 0.000000 0.005941 -0.000027
27 0.000000 0.003525 -0.000003
28 0.000000 0.005142 -0.000017
29 0.000000 -0.001483 0.000033
30 0.000000 -0.003911 0.000052
31 0.000000 -0.000335 0.000022
32 0.000000 0.003680 -0.000009
33 0.000000 0.006405 -0.000036
34 0.000000 0.001656 -0.000001
35 0.000000 0.002757 -0.000009
36 0.000000 0.001520 0.000009
37 0.000000 0.001778 0.000010
38 0.000000 0.008346 -0.000050
39 0.000000 0.004522 -0.000024
40 0.000000 -0.001264 0.000030
41 0.000000 -0.001578 0.000041
42 0.000000 -0.004381 0.000058
43 0.000000 0.000608 0.000017
44 0.000000 0.004941 -0.000013
45 0.000000 0.008062 -0.000043
46 0.000000 0.001100 0.000010
47 0.000000 -0.000338 0.000023
48 0.000000 -0.003864 0.000048
49 0.000000 -0.005797 0.000061
50 0.000000 0.003686 -0.000012
51 0.000000 0.004392 -0.000013
52 0.000000 -0.000106 0.000020
53 0.000000 0.002638 -0.000003
54 0.000000 0.005289 -0.000019
55 0.000000 0.000607 0.000020
56 0.000000 0.003312 -0.000005
57 0.000000 0.007782 -0.000039
58 0.000000 -0.001541 0.000036
59 0.000000 -0.003364 0.000050
60 0.000000 -0.000085 0.000018
61 0.000000 -0.003454 0.000043
62 0.000000 -0.004126 0.000054
63 0.000000 0.001288 0.000013
64 0.000000 0.000485 0.000018
65 0.000000 -0.000655 0.000025
66 0.000000 0.005366 -0.000027
67 0.000000 0.005040 -0.000027
68 0.000000 -0.003196 0.000044
69 0.000000 -0.006413 0.000079
70 0.000000 0.001585 0.000015
71 0.000000 0.000192 -0.000002
72 0.000000 -0.022042 0.000062
73 0.000000 -0.035689 0.000001
element 16
poly 0 1 2 3 4 5 6 7 8 9 10 11 12 13 14 15 16 17 18 19 20 21 22 23 24 25 26 27 28 29 30 31 32 33 34 35 36 37 38 39 40 41 42 43 44 45 46 47 48 49 50 51 52 53 54 55 56 57 58 59 60 61 62 63 64 65 66 67 68 69 70 71 72 73
exp
0 0.000000 0.005672 -0.000013
1 0.000000 0.015142 0.000020
2 0.000000 0.022487 0.000025
3 0.000000 0.026552 -0.000009
4 0.000000 0.023432 -0.000005
5 0.000000 0.022086 -0.000010
6 0.000000 0.021995 -0.000016
7 0.000000 0.018177 0.000004
8 0.000000 0.013264 0.000026
9 0.000000 0.012371 0.000019
10 0.000000 0.013587 -0.000003
11 0.000000 0.011741 0.000001
12 0.000000 0.010730 -0.000001
13 0.000000 0.009121 -0.000000
14 0.000000 0.007558 -0.000002
15 0.000000 0.005993 -0.000002
16 0.000000 0.004711 -0.000003
17 0.000000 0.000869 0.000017
18 0.000000 0.000322 0.000008
19 0.000000 0.000443 -0.000001
20 0.000000 0.000201 -0.000002
21 0.000000 0.000898 -0.000006
22 0.000000 0.001642 -0.000007
23 0.000000 0.000782 0.000007
24 0.000000 0.000434 0.000012
25 0.000000 0.001936 -0.000001
26 0.000000 0.002072 -0.000004
27 0.000000 0.000808 0.000006
28 0.000000 0.000056 0.000011
29 0.000000 -0.000563 0.000013
30 0.000000 0.000216 0.000005
31 0.000000 0.003277 -0.000020
32 0.000000 0.001280 -0.000001
33 0.000000 -0.001200 0.000021
34 0.000000 0.000303 0.000008
35 0.000000 0.003701 -0.000022
36 0.000000 0.002887 -0.000014
37 0.000000 0.001496 -0.000002
38 0.000000 0.001022 0.000002
39 0.000000 0.000834 0.000004
40 0.000000 0.000369 0.000008
41 0.000000 0.001344 -0.000001
42 0.000000 0.001959 -0.000007
43 0.000000 0.003175 -0.000017
44 0.000000 0.000500 0.000005
45 0.000000 -0.001283 0.000021
46 0.000000 0.001242 0.000002
47 0.000000 0.003030 -0.000014
48 0.000000 0.000719 0.000005
49 0.000000 0.001177 0.000001
50 0.000000 0.002482 -0.000010
51 0.000000 0.000483 0.000005
52 0.000000 0.000923 0.000002
53 0.000000 0.001174 -0.000000
54 0.000000 -0.000655 0.000015
55 0.000000 0.001285 -0.000001
56 0.000000 0.003236 -0.000017
57 0.000000 0.000554 0.000005
58 0.000000 0.001779 -0.000006
59 0.000000 0.000395 0.000006
60 0.000000 0.000426 0.000007
61 0.000000 0.001327 -0.000001
62 0.000000 0.001618 -0.000005
63 0.000000 0.000715 0.000002
64 0.000000 0.001816 -0.000007
65 0.000000 0.001183 0.000001
66 0.000000 0.002049 -0.000007
67 0.000000 0.001216 -0.000001
68 0.000000 0.001009 0.000002
69 0.000000 0.000856 0.000005
70 0.000000 0.003249 -0.000000
71 0.000000 0.004229 0.000000
72 0.000000 -0.003344 0.000005
73 0.000000 -0.017398 0.000010
element 17
poly 0 1 2 3 4 5 6 7 8 9 10 11 12 13 14 15 16 17 18 19 20 21 22 23 24 25 26 27 28 29 30 31 32 33 34 35 36 37 38 39 40 41 42 43 44 45 46 47 48 49 50 51 52 53 54 55 56 57 58 59 60 61 62 63 64 65 66 67 68 69 70 71 72 73
exp
0 0.000000 0.004159 0.000005
1 0.000000 0.021099 -0.000002
2 0.000000 0.030365 0.000002
3 0.000000 0.030851 0.000002
4 0.000000 0.029531 -0.000013
5 0.000000 0.025766 -0.000001
6 0.000000 0.021988 0.000020
7 0.000000 0.021209 0.000012
8 0.000000 0.019677 0.000004
9 0.000000 0.016306 0.000015
10 0.000000 0.016274 -0.000003
11 0.000000 0.015776 -0.000015
12 0.000000 0.013832 -0.000011
13 0.000000 0.010613 0.000002
14 0.000000 0.008888 0.000001
15 0.000000 0.008021 -0.000006
16 0.000000 0.004332 0.000008
17 0.000000 0.001737 0.000012
18 0.000000 0.002431 -0.000010
19 0.000000 0.000716 -0.000002
20 0.000000 -0.000619 0.000009
21 0.000000 0.001781 -0.000010
22 0.000000 0.002981 -0.000016
23 0.000000 0.001266 0.000004
24 0.000000 -0.000325 0.000019
25 0.000000 0.000131 0.000013
26 0.000000 0.000605 0.000007
27 0.000000 0.004458 -0.000025
28 0.000000 0.003094 -0.000013
29 0.000000 -0.001151 0.000020
30 0.000000 -0.000881 0.000016
31 0.000000 0.003298 -0.000017
32 0.000000 0.002176 -0.000006
33 0.000000 -0.000230 0.000014
34 0.000000 0.000049 0.000013
35 0.000000 0.002016 -0.000001
36 0.000000 0.001284 0.000004
37 0.000000 0.001444 0.000001
38 0.000000 0.002216 -0.000005
39 0.000000 0.002501 -0.000006
40 0.000000 0.000748 0.000006
41 0.000000 0.003509 -0.000018
42 0.000000 0.002502 -0.000007
43 0.000000 0.000742 0.000009
44 0.000000 0.000571 0.000008
45 0.000000 0.002970 -0.000012
46 0.000000 0.001936 -0.000005
47 0.000000 0.001820 -0.000006
48 0.000000 -0.000819 0.000019
49 0.000000 0.000917 0.000005
50 0.000000 0.004254 -0.000023
51 0.000000 0.002090 -0.000006
52 0.000000 -0.001610 0.000024
53 0.000000 -0.000027 0.000012
54 0.000000 0.001960 -0.000005
55 0.000000 0.001455 -0.000003
56 0.000000 0.002544 -0.000010
57 0.000000 0.003288 -0.000015
58 0.000000 0.003232 -0.000014
59 0.000000 0.000134 0.000013
60 0.000000 0.000026 0.000014
61 0.000000 0.001359 -0.000001
62 0.000000 0.001071 -0.000001
63 0.000000 0.000512 0.000006
64 0.000000 0.001542 -0.000001
65 0.000000 0.001319 0.000002
66 0.000000 0.001977 -0.000004
67 0.000000 0.002938 -0.000014
68 0.000000 0.001706 -0.000004
69 0.000000 -0.000465 0.000016
70 0.000000 0.003844 0.000000
71 0.000000 0.007179 -0.000017
72 0.000000 -0.004143 0.000006
73 0.000000 -0.023262 0.000029
element 18
poly 0 1 2 3 4 5 6 7 8 9 10 11 12 13 14 15 16 17 18 19 20 21 22 23 24 25 26 27 28 29 30 31 32 33 34 35 36 37 38 39 40 41 42 43 44 45 46 47 48 49 50 51 52 53 54 55 56 57 58 59 60 61 62 63 64 65 66 67 68 69 70 71 72 73
exp
0 0.000000 0.006784 -0.000005
1 0.000000 0.028953 -0.000019
2 0.000000 0.038551 0.000002
3 0.000000 0.037224 0.000017
4 0.000000 0.033793 0.000012
5 0.000000 0.032427 -0.000005
6 0.000000 0.030853 -0.000005
7 0.000000 0.028317 -0.000000
8 0.000000 0.025297 -0.000002
9 0.000000 0.023108 -0.000003
10 0.000000 0.018753 0.000015
11 0.000000 0.017838 0.000005
12 0.000000 0.017108 -0.000007
13 0.000000 0.014487 -0.000007
14 0.000000 0.010610 0.000004
15 0.000000 0.009183 0.000000
16 0.000000 0.005758 0.000008
17 0.000000 0.006118 -0.000019
18 0.000000 0.004199 -0.000021
19 0.000000 0.000166 0.000004
20 0.000000 0.000359 0.000002
21 0.000000 0.002316 -0.000012
22 0.000000 -0.000649 0.000016
23 0.000000 0.001355 0.000007
24 0.000000 0.004130 -0.000011
25 0.000000 0.001998 0.000005
26 0.000000 0.002898 -0.000009
27 0.000000 0.002463 -0.000007
28 0.000000 0.001956 -0.000003
29 0.000000 0.001891 -0.000004
30 0.000000 0.002803 -0.000011
31 0.000000 0.000324 0.000014
32 0.000000 -0.000911 0.000024
33 0.000000 0.000423 0.000010
34 0.000000 0.002736 -0.000010
35 0.000000 0.002094 -0.000002
36 0.000000 0.002038 -0.000002
37 0.000000 0.000951 0.000005
38 0.000000 0.001232 0.000004
39 0.000000 0.004358 -0.000021
40 0.000000 0.002986 -0.000010
41 0.000000 -0.000388 0.000018
42 0.000000 0.001594 -0.000000
43 0.000000 0.004808 -0.000028
44 0.000000 0.001400 0.000003
45 0.000000 -0.000309 0.000022
46 0.000000 0.000921 0.000010
47 0.000000 0.000652 0.000010
48 0.000000 0.001203 0.000003
49 0.000000 0.002966 -0.000011
50 0.000000 0.003057 -0.000011
51 0.000000 -0.000223 0.000019
52 0.000000 0.000572 0.000013
53 0.000000 0.004085 -0.000018
54 0.000000 0.004571 -0.000023
55 0.000000 -0.000984 0.000027
56 0.000000 -0.001932 0.000033
57 0.000000 0.002568 -0.000008
58 0.000000 0.005676 -0.000034
59 0.000000 0.002691 -0.000006
60 0.000000 0.000760 0.000012
61 0.000000 0.000784 0.000013
62 0.000000 -0.001263 0.000030
63 0.000000 -0.000358 0.000018
64 0.000000 0.002228 -0.000008
65 0.000000 0.003804 -0.000018
66 0.000000 0.001865 0.000002
67 0.000000 0.001376 0.000003
68 0.000000 0.002181 -0.000007
69 0.000000 0.001066 0.000004
70 0.000000 0.002580 0.000020
71 0.000000 0.005610 0.000008
72 0.000000 -0.002380 -0.000018
73 0.000000 -0.024091 -0.000006
element 19
poly 0 1 2 3 4 5 6 7 8 9 10 11 12 13 14 15 16 17 18 19 20 21 22 23 24 25 26 27 28 29 30 31 32 33 34 35 36 37 38 39 40 41 42 43 44 45 46 47 48 49 50 51 52 53 54 55 56 57 58 59 60 61 62 63 64 65 66 67 68 69 70 71 72 73
exp
0 0.000000 0.005816 0.000007
1 0.000000 0.026253 0.000021
2 0.000000 0.043465 -0.000013
3 0.000000 0.045516 -0.000026
4 0.000000 0.038735 -0.000004
5 0.000000 0.033921 0.000008
6 0.000000 0.032458 0.000003
7 0.000000 0.030093 0.000000
8 0.000000 0.025115 0.000015
9 0.000000 0.024951 0.000000
10 0.000000 0.023907 -0.000011
11 0.000000 0.020299 -0.000003
12 0.000000 0.016133 0.000010
13 0.000000 0.014243 0.000006
14 0.000000 0.013637 -0.000010
15 0.000000 0.011577 -0.000015
16 0.000000 0.007652 -0.000004
17 0.000000 0.004136 0.000005
18 0.000000 0.002783 -0.000004
19 0.000000 0.000321 0.000007
20 0.000000 0.001219 -0.000001
21 0.000000 0.001763 -0.000005
22 0.000000 0.001276 0.000001
23 0.000000 -0.001426 0.000032
24 0.000000 0.000095 0.000024
25 0.000000 0.004874 -0.000020
26 0.000000 0.006163 -0.000038
27 0.000000 -0.000438 0.000015
28 0.000000 -0.000195 0.000015
29 0.000000 0.004381 -0.000020
30 0.000000 0.005546 -0.000031
31 0.000000 -0.001383 0.000028
32 0.000000 -0.001049 0.000026
33 0.000000 0.002793 -0.000006
34 0.000000 0.003755 -0.000015
35 0.000000 0.001632 0.000001
36 0.000000 0.000760 0.000010
37 0.000000 0.000633 0.000014
38 0.000000 0.003593 -0.000012
39 0.000000 0.002568 -0.000004
40 0.000000 -0.000063 0.000019
41 0.000000 0.001754 0.000003
42 0.000000 0.003068 -0.000011
43 0.000000 0.001049 0.000004
44 0.000000 0.000612 0.000010
45 0.000000 0.002131 -0.000002
46 0.000000 0.002876 -0.000007
47 0.000000 0.000928 0.000011
48 0.000000 0.000536 0.000013
49 0.000000 0.003838 -0.000017
50 0.000000 0.003749 -0.000015
51 0.000000 0.000940 0.000012
52 0.000000 0.002032 0.000002
53 0.000000 0.003324 -0.000012
54 0.000000 0.000532 0.000010
55 0.000000 0.001782 0.000001
56 0.000000 0.003506 -0.000013
57 0.000000 0.002070 -0.000000
58 0.000000 0.000749 0.000010
59 0.000000 0.001634 0.000003
60 0.000000 -0.000013 0.000018
61 0.000000 0.000296 0.000017
62 0.000000 0.003277 -0.000009
63 0.000000 0.002156 -0.000001
64 0.000000 0.000164 0.000014
65 0.000000 0.001446 0.000001
66 0.000000 0.002652 -0.000009
67 0.000000 0.001986 -0.000001
68 0.000000 0.002739 -0.000008
69 0.000000 0.002214 -0.000001
70 0.000000 0.004504 0.000005
71 0.000000 0.004935 0.000015
72 0.000000 -0.004768 -0.000001
73 0.000000 -0.026514 -0.000003
element 20
poly 0 1 2 3 4 5 6 7 8 9 10 11 12 13 14 15 16 17 18 19 20 21 22 23 24 25 26 27 28 29 30 31 32 33 34 35 36 37 38 39 40 41 42 43 44 45 46 47 48 49 50 51 52 53 54 55 56 57 58 59 60 61 62 63 64 65 66 67 68 69 70 71 72 73
exp
0 0.000000 0.005677 0.000005
1 0.000000 0.025176 0.000016
2 0.000000 0.039229 0.000003
3 0.000000 0.042965 -0.000026
4 0.000000 0.035395 0.000000
5 0.000000 0.031075 0.000008
6 0.000000 0.029336 0.000010
7 0.000000 0.028763 -0.000001
8 0.000000 0.027228 -0.000015
9 0.000000 0.026034 -0.000026
10 0.000000 0.018930 0.000012
11 0.000000 0.015948 0.000017
12 0.000000 0.016131 -0.000002
13 0.000000 0.015021 -0.000009
14 0.000000 0.011599 -0.000001
15 0.000000 0.007912 0.000008
16 0.000000 0.005775 0.000004
17 0.000000 0.003827 0.000001
18 0.000000 0.001981 -0.000001
19 0.000000 0.000792 -0.000001
20 0.000000 0.000327 0.000001
21 0.000000 -0.000298 0.000010
22 0.000000 0.000606 0.000007
23 0.000000 0.002509 -0.000004
24 0.000000 0.003175 -0.000005
25 0.000000 0.003033 -0.000003
26 0.000000 0.004529 -0.000020
27 0.000000 0.003319 -0.000011
28 0.000000 0.003110 -0.000010
29 0.000000 0.001848 0.000001
30 0.000000 0.000328 0.000013
31 0.000000 -0.001423 0.000026
32 0.000000 0.001762 -0.000002
33 0.000000 0.003343 -0.000014
34 0.000000 0.004152 -0.000019
35 0.000000 0.003730 -0.000016
36 0.000000 0.001815 -0.000000
37 0.000000 0.001899 -0.000001
38 0.000000 0.003525 -0.000015
39 0.000000 0.002875 -0.000008
40 0.000000 0.001261 0.000008
41 0.000000 0.001711 0.000002
42 0.000000 0.001417 0.000004
43 0.000000 0.001276 0.000005
44 0.000000 0.003646 -0.000017
45 0.000000 0.003901 -0.000021
46 0.000000 0.000443 0.000010
47 0.000000 0.000383 0.000013
48 0.000000 0.000929 0.000008
49 0.000000 0.001151 0.000006
50 0.000000 0.002470 -0.000004
51 0.000000 0.004276 -0.000019
52 0.000000 0.001980 0.000001
53 0.000000 0.001952 0.000001
54 0.000000 0.002373 -0.000006
55 0.000000 0.002869 -0.000013
56 0.000000 0.000923 0.000005
57 0.000000 0.000682 0.000010
58 0.000000 0.000683 0.000011
59 0.000000 0.000326 0.000013
60 0.000000 0.001005 0.000010
61 0.000000 0.004037 -0.000014
62 0.000000 0.001912 0.000002
63 0.000000 0.001869 -0.000001
64 0.000000 0.000997 0.000007
65 0.000000 0.002131 -0.000002
66 0.000000 0.002410 -0.000005
67 0.000000 0.002377 -0.000004
68 0.000000 0.000084 0.000015
69 0.000000 0.002815 -0.000009
70 0.000000 0.005582 -0.000005
71 0.000000 0.005075 0.000014
72 0.000000 -0.006811 0.000021
73 0.000000 -0.025274 0.000003
element 21
poly 0 1 2 3 4 5 6 7 8 9 10 11 12 13 14 15 16 17 18 19 20 21 22 23 24 25 26 27 28 29 30 31 32 33 34 35 36 37 38 39 40 41 42 43 44 45 46 47 48 49 50 51 52 53 54 55 56 57 58 59 60 61 62 63 64 65 66 67 68 69 70 71 72 73
exp
0 0.000000 0.007534 -0.000002
1 0.000000 0.031303 0.000003
2 0.000000 0.044996 0.000006
3 0.000000 0.044590 0.000008
4 0.000000 0.041631 -0.000007
5 0.000000 0.038846 -0.000009
6 0.000000 0.035126 0.000008
7 0.000000 0.031978 0.000012
8 0.000000 0.030683 -0.000010
9 0.000000 0.029078 -0.000019
10 0.000000 0.025045 -0.000006
11 0.000000 0.018507 0.000026
12 0.000000 0.016831 0.000018
13 0.000000 0.015297 0.000005
14 0.000000 0.013170 -0.000002
15 0.000000 0.010025 0.000002
16 0.000000 0.007547 0.000001
17 0.000000 0.005609 -0.000008
18 0.000000 0.002236 -0.000002
19 0.000000 0.001065 -0.000004
20 0.000000 0.000267 0.000001
21 0.000000 -0.000792 0.000015
22 0.000000 -0.000490 0.000019
23 0.000000 0.003093 -0.000003
24 0.000000 0.005143 -0.000015
25 0.000000 0.003020 0.000003
26 0.000000 0.001457 0.000009
27 0.000000 0.002294 -0.000000
28 0.000000 0.001506 0.000006
29 0.000000 0.000824 0.000009
30 0.000000 0.000580 0.000010
31 0.000000 0.001851 0.000002
32 0.000000 0.003561 -0.000010
33 0.000000 0.002176 0.000003
34 0.000000 0.000749 0.000015
35 0.000000 0.004739 -0.000019
36 0.000000 0.004023 -0.000014
37 0.000000 0.000860 0.000011
38 0.000000 0.001548 0.000001
39 0.000000 -0.000318 0.000016
40 0.000000 -0.000837 0.000022
41 0.000000 0.003261 -0.000009
42 0.000000 0.006079 -0.000034
43 0.000000 0.004245 -0.000018
44 0.000000 0.001672 0.000006
45 0.000000 0.000902 0.000013
46 0.000000 0.001263 0.000009
47 0.000000 0.001297 0.000007
48 0.000000 0.000762 0.000011
49 0.000000 0.003840 -0.000015
50 0.000000 0.004392 -0.000022
51 0.000000 0.002784 -0.000008
52 0.000000 -0.000751 0.000025
53 0.000000 0.002463 -0.000001
54 0.000000 0.002357 -0.000003
55 0.000000 -0.001302 0.000029
56 0.000000 -0.000500 0.000024
57 0.000000 0.003101 -0.000006
58 0.000000 0.003416 -0.000011
59 0.000000 0.003547 -0.000015
60 0.000000 0.001560 0.000002
61 0.000000 0.000090 0.000017
62 0.000000 0.002958 -0.000006
63 0.000000 0.004097 -0.000013
64 0.000000 0.000539 0.000017
65 0.000000 0.000282 0.000016
66 0.000000 0.003423 -0.000015
67 0.000000 0.004846 -0.000028
68 0.000000 0.001371 0.000005
69 0.000000 0.000037 0.000023
70 0.000000 0.006665 -0.000002
71 0.000000 0.009939 -0.000016
72 0.000000 -0.005465 0.000004
73 0.000000 -0.031157 0.000017
element 22
poly 0 1 2 3 4 5 6 7 8 9 10 11 12 13 14 15 16 17 18 19 20 21 22 23 24 25 26 27 28 29 30 31 32 33 34 35 36 37 38 39 40 41 42 43 44 45 46 47 48 49 50 51 52 53 54 55 56 57 58 59 60 61 62 63 64 65 66 67 68 69 70 71 72 73
exp
0 0.000000 0.006823 0.000007
1 0.000000 0.030723 0.000016
2 0.000000 0.045966 0.000014
3 0.000000 0.050708 -0.000017
4 0.000000 0.047493 -0.000027
5 0.000000 0.039098 0.000011
6 0.000000 0.035474 0.000020
7 0.000000 0.035978 -0.000007
8 0.000000 0.033662 -0.000019
9 0.000000 0.029808 -0.000010
10 0.000000 0.026609 -0.000009
11 0.000000 0.022730 -0.000001
12 0.000000 0.017985 0.000016
13 0.000000 0.016714 0.000004
14 0.000000 0.015607 -0.000009
15 0.000000 0.010026 0.000010
16 0.000000 0.007444 0.000002
17 0.000000 0.005610 -0.000010
18 0.000000 0.002457 -0.000004
19 0.000000 0.000282 0.000003
20 0.000000 -0.000689 0.000008
21 0.000000 0.001260 -0.000006
22 0.000000 0.001677 -0.000003
23 0.000000 0.000833 0.000013
24 0.000000 0.002278 0.000008
25 0.000000 0.004642 -0.000008
26 0.000000 0.004261 -0.000009
27 0.000000 0.002168 0.000003
28 0.000000 0.002901 -0.000007
29 0.000000 0.001004 0.000007
30 0.000000 0.000121 0.000015
31 0.000000 0.002359 -0.000002
32 0.000000 0.003146 -0.000009
33 0.000000 0.001580 0.000005
34 0.000000 0.003197 -0.000009
35 0.000000 0.001516 0.000006
36 0.000000 0.002481 -0.000003
37 0.000000 0.004393 -0.000019
38 0.000000 0.002597 -0.000001
39 0.000000 -0.000139 0.000025
40 0.000000 0.002959 -0.000004
41 0.000000 0.002725 -0.000006
42 0.000000 -0.000367 0.000021
43 0.000000 0.002418 0.000002
44 0.000000 0.005991 -0.000027
45 0.000000 0.003116 -0.000003
46 0.000000 0.002337 0.000003
47 0.000000 0.002509 0.000000
48 0.000000 0.002780 -0.000004
49 0.000000 0.001576 0.000005
50 0.000000 0.001823 0.000003
51 0.000000 0.000385 0.000017
52 0.000000 0.001699 0.000008
53 0.000000 0.003018 -0.000004
54 0.000000 0.004989 -0.000022
55 0.000000 0.002524 0.000001
56 0.000000 -0.000152 0.000024
57 0.000000 0.002317 0.000000
58 0.000000 0.003690 -0.000013
59 0.000000 0.001301 0.000007
60 0.000000 0.001138 0.000008
61 0.000000 0.002995 -0.000008
62 0.000000 0.001611 0.000002
63 0.000000 0.001004 0.000006
64 0.000000 0.000407 0.000012
65 0.000000 0.002266 -0.000003
66 0.000000 0.005000 -0.000025
67 0.000000 0.002219 0.000001
68 0.000000 0.001465 0.000005
69 0.000000 0.003178 -0.000009
70 0.000000 0.004871 0.000008
71 0.000000 0.004627 0.000029
72 0.000000 -0.004308 -0.000009
73 0.000000 -0.027702 -0.000025
element 23
poly 0 1 2 3 4 5 6 7 8 9 10 11 12 13 14 15 16 17 18 19 20 21 22 23 24 25 26 27 28 29 30 31 32 33 34 35 36 37 38 39 40 41 42 43 44 45 46 47 48 49 50 51 52 53 54 55 56 57 58 59 60 61 62 63 64 65 66 67 68 69 70 71 72 73
exp
0 0.000000 0.007840 -0.000001
1 0.000000 0.032666 0.000004
2 0.000000 0.048948 -0.000005
3 0.000000 0.050565 -0.000015
4 0.000000 0.042288 0.000012
5 0.000000 0.039315 0.000007
6 0.000000 0.038842 -0.000004
7 0.000000 0.036516 -0.000006
8 0.000000 0.031338 0.000005
9 0.000000 0.029024 0.000001
10 0.000000 0.025917 0.000003
11 0.000000 0.022986 0.000005
12 0.000000 0.020264 0.000002
13 0.000000 0.019126 -0.000015
14 0.000000 0.014745 -0.000005
15 0.000000 0.011033 0.000002
16 0.000000 0.009281 -0.000009
17 0.000000 0.005709 -0.000006
18 0.000000 0.000163 0.000017
19 0.000000 -0.002321 0.000026
20 0.000000 0.001267 -0.000005
21 0.000000 0.002607 -0.000012
22 0.000000 0.003074 -0.000011
23 0.000000 0.003331 -0.000007
24 0.000000 0.002196 0.000007
25 0.000000 0.001849 0.000012
26 0.000000 0.004136 -0.000014
27 0.000000 0.002622 -0.000006
28 0.000000 0.000408 0.000014
29 0.000000 0.000882 0.000010
30 0.000000 0.003518 -0.000012
31 0.000000 0.001731 0.000006
32 0.000000 0.002004 0.000003
33 0.000000 0.002862 -0.000002
34 0.000000 0.004828 -0.000019
35 0.000000 0.002961 -0.000007
36 0.000000 -0.000104 0.000018
37 0.000000 0.002998 -0.000009
38 0.000000 0.005872 -0.000035
39 0.000000 -0.000413 0.000018
40 0.000000 -0.000963 0.000027
41 0.000000 0.002511 -0.000001
42 0.000000 0.002795 -0.000004
43 0.000000 0.000602 0.000014
44 0.000000 0.000738 0.000014
45 0.000000 0.001617 0.000008
46 0.000000 0.002980 -0.000005
47 0.000000 0.002585 -0.000004
48 0.000000 0.001753 0.000004
49 0.000000 0.001951 0.000004
50 0.000000 0.000797 0.000013
51 0.000000 0.001636 0.000004
52 0.000000 0.001340 0.000007
53 0.000000 0.001881 0.000005
54 0.000000 0.003509 -0.000008
55 0.000000 0.003437 -0.000008
56 0.000000 0.002054 0.000003
57 0.000000 0.003164 -0.000007
58 0.000000 0.002274 0.000000
59 0.000000 0.003044 -0.000005
60 0.000000 0.001913 0.000006
61 0.000000 0.003836 -0.000008
62 0.000000 0.003336 -0.000005
63 0.000000 0.001459 0.000007
64 0.000000 0.000755 0.000012
65 0.000000 0.006385 -0.000033
66 0.000000 0.003314 -0.000005
67 0.000000 0.001220 0.000011
68 0.000000 0.001260 0.000006
69 0.000000 0.002786 -0.000009
70 0.000000 0.005826 -0.000002
71 0.000000 0.008229 -0.000001
72 0.000000 -0.004400 -0.000010
73 0.000000 -0.029581 -0.000016
element 24
poly 0 1 2 3 4 5 6 7 8 9 10 11 12 13 14 15 16 17 18 19 20 21 22 23 24 25 26 27 28 29 30 31 32 33 34 35 36 37 38 39 40 41 42 43 44 45 46 47 48 49 50 51 52 53 54 55 56 57 58 59 60 61 62 63 64 65 66 67 68 69 70 71 72 73
exp
0 0.000000 0.008304 -0.000002
1 0.000000 0.032736 0.000015
2 0.000000 0.051203 -0.000008
3 0.000000 0.052042 -0.000008
4 0.000000 0.045749 0.000004
5 0.000000 0.039760 0.000022
6 0.000000 0.040225 -0.000000
7 0.000000 0.036921 0.000004
8 0.000000 0.033948 -0.000008
9 0.000000 0.030833 -0.000008
10 0.000000 0.027549 -0.000006
11 0.000000 0.023958 -0.000000
12 0.000000 0.021487 -0.000005
13 0.000000 0.018771 -0.000008
14 0.000000 0.015905 -0.000011
15 0.000000 0.011826 0.000001
16 0.000000 0.008183 0.000008
17 0.000000 0.004010 0.000013
18 0.000000 0.001709 0.000007
19 0.000000 0.000803 -0.000000
20 0.000000 -0.000990 0.000010
21 0.000000 -0.000533 0.000012
22 0.000000 0.003404 -0.000015
23 0.000000 0.004899 -0.000021
24 0.000000 0.004431 -0.000007
25 0.000000 0.001725 0.000018
26 0.000000 0.002577 0.000005
27 0.000000 0.003908 -0.000012
28 0.000000 0.002089 -0.000003
29 0.000000 0.000947 0.000007
30 0.000000 0.002507 0.000001
31 0.000000 0.002371 0.000003
32 0.000000 0.000800 0.000015
33 0.000000 0.001891 0.000003
34 0.000000 0.003660 -0.000011
35 0.000000 0.001490 0.000009
36 0.000000 0.001109 0.000014
37 0.000000 0.004050 -0.000011
38 0.000000 0.003896 -0.000011
39 0.000000 0.002477 -0.000001
40 0.000000 0.001164 0.000011
41 0.000000 0.002304 -0.000000
42 0.000000 0.003403 -0.000011
43 0.000000 0.000444 0.000015
44 0.000000 0.000418 0.000016
45 0.000000 0.005539 -0.000025
46 0.000000 0.004256 -0.000013
47 0.000000 -0.000269 0.000021
48 0.000000 -0.000090 0.000016
49 0.000000 0.002348 -0.000004
50 0.000000 0.003976 -0.000016
51 0.000000 0.003961 -0.000015
52 0.000000 0.001890 0.000004
53 0.000000 0.001289 0.000012
54 0.000000 0.004693 -0.000017
55 0.000000 0.003561 -0.000008
56 0.000000 0.002408 0.000003
57 0.000000 0.003880 -0.000011
58 0.000000 0.002033 0.000003
59 0.000000 -0.001244 0.000031
60 0.000000 0.002950 -0.000006
61 0.000000 0.003719 -0.000012
62 0.000000 0.001513 0.000009
63 0.000000 0.003784 -0.000011
64 0.000000 0.003765 -0.000011
65 0.000000 0.002001 0.000002
66 0.000000 0.003387 -0.000010
67 0.000000 0.003694 -0.000011
68 0.000000 0.001513 0.000006
69 0.000000 0.000640 0.000012
70 0.000000 0.006291 -0.000000
71 0.000000 0.009484 -0.000007
72 0.000000 -0.005592 0.000001
73 0.000000 -0.030391 -0.000018
element 25
poly 0 1 2 3 4 5 6 7 8 9 10 11 12 13 14 15 16 17 18 19 20 21 22 23 24 25 26 27 28 29 30 31 32 33 34 35 36 37 38 39 40 41 42 43 44 45 46 47 48 49 50 51 52 53 54 55 56 57 58 59 60 61 62 63 64 65 66 67 68 69 70 71 72 73
exp
0 0.000000 0.072043 -0.000007
1 0.000000 0.600456 -0.000120
2 0.000000 0.870381 -0.000050
3 0.000000 0.813512 -0.000004
4 0.000000 0.661465 0.000021
5 0.000000 0.563399 -0.000063
6 0.000000 0.517608 -0.000026
7 0.000000 0.460302 0.000039
8 0.000000 0.386082 0.000020
9 0.000000 0.349745 -0.000039
10 0.000000 0.300656 0.000017
11 0.000000 0.260317 0.000032
12 0.000000 0.228061 0.000004
13 0.000000 0.195618 -0.000046
14 0.000000 0.152850 -0.000024
15 0.000000 0.106091 0.000052
16 0.000000 0.068818 -0.000005
17 0.000000 0.030064 -0.000072
18 0.000000 -0.027058 0.000092
19 0.000000 -0.039880 0.000078
20 0.000000 -0.022458 -0.000008
21 0.000000 -0.006087 0.000001
22 0.000000 0.001867 0.000095
23 0.000000 0.028976 0.000018
24 0.000000 0.044902 0.000003
25 0.000000 0.046336 0.000045
26 0.000000 0.039079 -0.000011
27 0.000000 0.027159 0.000005
28 0.000000 0.017361 0.000062
29 0.000000 0.032199 -0.000043
30 0.000000 0.041471 -0.000049
31 0.000000 0.031959 0.000066
32 0.000000 0.028249 0.000032
33 0.000000 0.023353 0.000024
34 0.000000 0.023371 0.000053
35 0.000000 0.035775 -0.000027
36 0.000000 0.033805 -0.000020
37 0.000000 0.025556 0.000033
38 0.000000 0.022825 0.000049
39 0.000000 0.030083 0.000001
40 0.000000 0.031514 -0.000001
41 0.000000 0.033780 -0.000037
42 0.000000 0.038043 -0.000099
43 0.000000 0.027060 0.000021
44 0.000000 0.015318 0.000152
45 0.000000 0.026368 0.000056
46 0.000000 0.039460 -0.000047
47 0.000000 0.037119 -0.000011
48 0.000000 0.039377 -0.000058
49 0.000000 0.031527 -0.000007
50 0.000000 0.021260 0.000084
51 0.000000 0.018474 0.000099
52 0.000000 0.030460 -0.000022
53 0.000000 0.030340 -0.000028
54 0.000000 0.025701 0.000010
55 0.000000 0.035431 -0.000059
56 0.000000 0.024157 0.000103
57 0.000000 0.029107 0.000114
58 0.000000 0.037061 0.000027
59 0.000000 0.032718 -0.000023
60 0.000000 0.029975 -0.000074
61 0.000000 0.012736 0.000083
62 0.000000 0.018674 0.000079
63 0.000000 0.039914 -0.000057
64 0.000000 0.030476 0.000024
65 0.000000 0.019209 0.000109
66 0.000000 0.027489 0.000014
67 0.000000 0.032894 -0.000028
68 0.000000 0.038529 -0.000033
69 0.000000 0.045589 -0.000046
70 0.000000 0.115682 0.000043
71 0.000000 0.192647 0.000066
72 0.000000 -0.044018 0.000010
73 0.000000 -0.555433 -0.000028
element 26
poly 0 1 2 3 4 5 6 7 8 9 10 11 12 13 14 15 16 17 18 19 20 21 22 23 24 25 26 27 28 29 30 31 32 33 34 35 36 37 38 39 40 41 42 43 44 45 46 47 48 49 50 51 52 53 54 55 56 57 58 59 60 61 62 63 64 65 66 67 68 69 70 71 72 73
exp
0 0.000000 0.008870 0.000026
1 0.000000 0.640505 0.000052
2 0.000000 0.977443 0.000027
3 0.000000 0.894301 0.000030
4 0.000000 0.683504 0.000056
5 0.000000 0.560738 -0.000113
6 0.000000 0.500767 0.000008
7 0.000000 0.438956 0.000078
8 0.000000 0.373242 -0.000112
9 0.000000 0.326942 -0.000056
10 0.000000 0.270171 0.000078
11 0.000000 0.224616 0.000130
12 0.000000 0.181050 0.000163
13 0.000000 0.163546 -0.000052
14 0.000000 0.135167 -0.000115
15 0.000000 0.092331 0.000035
16 0.000000 0.048297 0.000073
17 0.000000 -0.013056 0.000181
18 0.000000 -0.053238 0.000163
19 0.000000 -0.044925 -0.000026
20 0.000000 -0.036613 0.000002
21 0.000000 -0.036513 0.000182
22 0.000000 -0.004180 0.000070
23 0.000000 0.026303 0.000061
24 0.000000 0.040761 0.000120
25 0.000000 0.044300 0.000118
26 0.000000 0.035657 0.000014
27 0.000000 0.025098 0.000030
28 0.000000 0.026132 -0.000013
29 0.000000 0.015375 0.000107
30 0.000000 0.017907 0.000138
31 0.000000 0.022858 0.000116
32 0.000000 0.029365 0.000029
33 0.000000 0.029584 -0.000017
34 0.000000 0.015211 0.000081
35 0.000000 0.021247 0.000073
36 0.000000 0.025557 0.000086
37 0.000000 0.028218 0.000065
38 0.000000 0.032854 -0.000013
39 0.000000 0.026247 0.000049
40 0.000000 0.024178 0.000081
41 0.000000 0.025466 0.000086
42 0.000000 0.018590 0.000159
43 0.000000 0.022180 0.000116
44 0.000000 0.030815 0.000015
45 0.000000 0.039282 -0.000045
46 0.000000 0.028944 0.000084
47 0.000000 0.028258 0.000070
48 0.000000 0.017021 0.000115
49 0.000000 0.008802 0.000169
50 0.000000 0.026200 0.000020
51 0.000000 0.030160 0.000018
52 0.000000 0.021159 0.000106
53 0.000000 0.026215 0.000082
54 0.000000 0.033755 0.000005
55 0.000000 0.023939 0.000095
56 0.000000 0.028876 0.000073
57 0.000000 0.042708 -0.000019
58 0.000000 0.027146 0.000111
59 0.000000 0.023094 0.000116
60 0.000000 0.024689 0.000055
61 0.000000 0.013196 0.000143
62 0.000000 0.017228 0.000142
63 0.000000 0.033537 0.000038
64 0.000000 0.027055 0.000080
65 0.000000 0.019755 0.000085
66 0.000000 0.027066 -0.000006
67 0.000000 0.026626 0.000023
68 0.000000 0.020884 0.000103
69 0.000000 0.025257 0.000146
70 0.000000 0.159499 0.000025
71 0.000000 0.298112 -0.000032
72 0.000000 0.001444 0.000146
73 0.000000 -0.631849 0.000211
element 27
poly 0 1 2 3 4 5 6 7 8 9 10 11 12 13 14 15 16 17 18 19 20 21 22 23 24 25 26 27 28 29 30 31 32 33 34 35 36 37 38 39 40 41 42 43 44 45 46 47 48 49 50 51 52 53 54 55 56 57 58 59 60 61 62 63 64 65 66 67 68 69 70 71 72 73
exp
0 0.000000 0.053197 -0.000012
1 0.000000 0.217925 0.000025
2 0.000000 0.317295 0.000032
3 0.000000 0.324834 -0.000008
4 0.000000 0.291323 -0.000002
5 0.000000 0.266393 -0.000009
6 0.000000 0.254400 -0.000019
7 0.000000 0.234022 0.000003
8 0.000000 0.203383 0.000032
9 0.000000 0.184812 0.000028
10 0.000000 0.169716 -0.000004
11 0.000000 0.150902 0.000002
12 0.000000 0.132620 -0.000001
13 0.000000 0.113481 -0.000000
14 0.000000 0.093472 -0.000000
15 0.000000 0.074322 0.000001
16 0.000000 0.054950 -0.000005
17 0.000000 0.031342 0.000019
18 0.000000 0.014474 0.000008
19 0.000000 0.006147 0.000000
20 0.000000 0.003329 0.000003
21 0.000000 0.005833 -0.000000
22 0.000000 0.010968 -0.000008
23 0.000000 0.016625 0.000005
24 0.000000 0.020315 0.000014
25 0.000000 0.022223 -0.000001
26 0.000000 0.018576 -0.000005
27 0.000000 0.015127 0.000010
28 0.000000 0.013581 0.000013
29 0.000000 0.012380 0.000015
30 0.000000 0.013065 0.000006
31 0.000000 0.016844 -0.000027
32 0.000000 0.014689 -0.000002
33 0.000000 0.011951 0.000029
34 0.000000 0.014181 0.000009
35 0.000000 0.018030 -0.000026
36 0.000000 0.017625 -0.000021
37 0.000000 0.016268 -0.000004
38 0.000000 0.015137 0.000006
39 0.000000 0.014188 0.000008
40 0.000000 0.013904 0.000008
41 0.000000 0.014984 -0.000001
42 0.000000 0.015524 -0.000010
43 0.000000 0.017443 -0.000025
44 0.000000 0.014413 0.000012
45 0.000000 0.012518 0.000033
46 0.000000 0.015592 -0.000002
47 0.000000 0.017556 -0.000022
48 0.000000 0.015083 0.000005
49 0.000000 0.015951 -0.000002
50 0.000000 0.016657 -0.000013
51 0.000000 0.014221 0.000008
52 0.000000 0.015166 0.000003
53 0.000000 0.015445 -0.000002
54 0.000000 0.012684 0.000019
55 0.000000 0.014835 -0.000002
56 0.000000 0.017296 -0.000021
57 0.000000 0.014195 0.000008
58 0.000000 0.015269 -0.000004
59 0.000000 0.013611 0.000007
60 0.000000 0.014252 0.000001
61 0.000000 0.015284 -0.000003
62 0.000000 0.015802 -0.000003
63 0.000000 0.014236 0.000006
64 0.000000 0.014876 -0.000004
65 0.000000 0.015237 -0.000003
66 0.000000 0.016622 -0.000014
67 0.000000 0.014881 -0.000001
68 0.000000 0.015305 -0.000000
69 0.000000 0.016798 0.000008
70 0.000000 0.042189 0.000007
71 0.000000 0.054749 0.000003
72 0.000000 -0.036338 0.000001
73 0.000000 -0.206338 0.000009
element 28
poly 0 1 2 3 4 5 6 7 8 9 10 11 12 13 14 15 16 17 18 19 20 21 22 23 24 25 26 27 28 29 30 31 32 33 34 35 36 37 38 39 40 41 42 43 44 45 46 47 48 49 50 51 52 53 54 55 56 57 58 59 60 61 62 63 64 65 66 67 68 69 70 71 72 73
exp
0 0.000000 0.011460 0.000007
1 0.000000 0.053303 -0.000002
2 0.000000 0.077524 -0.000000
3 0.000000 0.078447 0.000001
4 0.000000 0.072368 -0.000012
5 0.000000 0.064900 -0.000001
6 0.000000 0.058975 0.000022
7 0.000000 0.055693 0.000012
8 0.000000 0.050294 0.000004
9 0.000000 0.044098 0.000017
10 0.000000 0.041010 -0.000001
11 0.000000 0.037376 -0.000012
12 0.000000 0.032956 -0.000012
13 0.000000 0.027403 -0.000001
14 0.000000 0.022803 -0.000000
15 0.000000 0.018683 -0.000004
16 0.000000 0.012031 0.000010
17 0.000000 0.006423 0.000013
18 0.000000 0.004707 -0.000012
19 0.000000 0.001658 -0.000004
20 0.000000 -0.000081 0.000008
21 0.000000 0.002449 -0.000008
22 0.000000 0.004451 -0.000018
23 0.000000 0.003782 0.000005
24 0.000000 0.002972 0.000019
25 0.000000 0.003023 0.000017
26 0.000000 0.002891 0.000008
27 0.000000 0.007072 -0.000032
28 0.000000 0.005743 -0.000020
29 0.000000 0.000532 0.000024
30 0.000000 0.000836 0.000020
31 0.000000 0.005317 -0.000016
32 0.000000 0.004251 -0.000006
33 0.000000 0.001511 0.000017
34 0.000000 0.002181 0.000014
35 0.000000 0.004752 -0.000003
36 0.000000 0.004036 0.000002
37 0.000000 0.003353 0.000004
38 0.000000 0.004209 -0.000004
39 0.000000 0.005175 -0.000014
40 0.000000 0.003073 0.000004
41 0.000000 0.005498 -0.000014
42 0.000000 0.004923 -0.000007
43 0.000000 0.003097 0.000009
44 0.000000 0.002786 0.000009
45 0.000000 0.005478 -0.000017
46 0.000000 0.004040 -0.000004
47 0.000000 0.003618 -0.000000
48 0.000000 0.001596 0.000016
49 0.000000 0.003418 0.000002
50 0.000000 0.006926 -0.000026
51 0.000000 0.004559 -0.000006
52 0.000000 0.000102 0.000032
53 0.000000 0.001882 0.000016
54 0.000000 0.004290 -0.000007
55 0.000000 0.003469 -0.000001
56 0.000000 0.004578 -0.000009
57 0.000000 0.005623 -0.000018
58 0.000000 0.005667 -0.000014
59 0.000000 0.002441 0.000015
60 0.000000 0.002531 0.000010
61 0.000000 0.003533 -0.000004
62 0.000000 0.002691 0.000004
63 0.000000 0.002469 0.000008
64 0.000000 0.003911 -0.000004
65 0.000000 0.003824 -0.000001
66 0.000000 0.004262 -0.000004
67 0.000000 0.004942 -0.000014
68 0.000000 0.003968 -0.000006
69 0.000000 0.001855 0.000017
70 0.000000 0.009667 0.000003
71 0.000000 0.015229 -0.000019
72 0.000000 -0.009261 0.000003
73 0.000000 -0.053382 0.000031
element 29
poly 0 1 2 3 4 5 6 7 8 9 10 11 12 13 14 15 16 17 18 19 20 21 22 23 24 25 26 27 28 29 30 31 32 33 34 35 36 37 38 39 40 41 42 43 44 45 46 47 48 49 50 51 52 53 54 55 56 57 58 59 60 61 62 63 64 65 66 67 68 69 70 71 72 73
exp
0 0.000000 0.156441 -0.000028
1 0.000000 0.496003 -0.000003
2 0.000000 0.502034 0.000018
3 0.000000 0.336979 0.000032
4 0.000000 0.146931 0.000012
5 0.000000 0.070935 0.000003
6 0.000000 0.022598 -0.000017
7 0.000000 -0.011908 0.000012
8 0.000000 -0.039741 -0.000026
9 0.000000 -0.057669 0.000015
10 0.000000 -0.060090 0.000026
11 0.000000 -0.055969 0.000017
12 0.000000 -0.051839 -0.000044
13 0.000000 -0.061203 0.000043
14 0.000000 -0.053829 -0.000016
15 0.000000 -0.051133 -0.000006
16 0.000000 -0.051949 -0.000022
17 0.000000 -0.051177 -0.000021
18 0.000000 -0.044140 -0.000080
19 0.000000 -0.058762 0.000072
20 0.000000 -0.044598 -0.000059
21 0.000000 -0.049745 -0.000023
22 0.000000 -0.061475 0.000078
23 0.000000 -0.043077 -0.000066
24 0.000000 -0.054801 0.000028
25 0.000000 -0.050433 -0.000013
26 0.000000 -0.052983 -0.000007
27 0.000000 -0.048658 -0.000031
28 0.000000 -0.054964 0.000003
29 0.000000 -0.051019 -0.000036
30 0.000000 -0.055054 0.000006
31 0.000000 -0.050302 0.000009
32 0.000000 -0.057469 0.000072
33 0.000000 -0.049964 -0.000017
34 0.000000 -0.055007 0.000001
35 0.000000 -0.051706 -0.000003
36 0.000000 -0.052162 -0.000003
37 0.000000 -0.053375 0.000020
38 0.000000 -0.051435 -0.000003
39 0.000000 -0.047026 -0.000045
40 0.000000 -0.051086 -0.000024
41 0.000000 -0.059949 0.000063
42 0.000000 -0.046877 -0.000063
43 0.000000 -0.049075 -0.000028
44 0.000000 -0.054339 0.000036
45 0.000000 -0.051638 0.000022
46 0.000000 -0.053658 0.000013
47 0.000000 -0.057373 0.000027
48 0.000000 -0.055456 0.000020
49 0.000000 -0.048130 -0.000032
50 0.000000 -0.054221 0.000025
51 0.000000 -0.053323 0.000016
52 0.000000 -0.054338 0.000013
53 0.000000 -0.044635 -0.000058
54 0.000000 -0.053081 0.000017
55 0.000000 -0.054930 0.000031
56 0.000000 -0.057984 0.000063
57 0.000000 -0.047013 -0.000045
58 0.000000 -0.048503 -0.000038
59 0.000000 -0.056346 0.000029
60 0.000000 -0.050348 -0.000009
61 0.000000 -0.056538 0.000066
62 0.000000 -0.055791 0.000035
63 0.000000 -0.060137 0.000051
64 0.000000 -0.052029 -0.000014
65 0.000000 -0.053348 0.000003
66 0.000000 -0.051983 0.000002
67 0.000000 -0.053715 0.000005
68 0.000000 -0.053769 -0.000010
69 0.000000 -0.055970 0.000018
70 0.000000 -0.058554 0.000050
71 0.000000 -0.061517 -0.000015
72 0.000000 -0.203092 0.000003
73 0.000000 -0.544299 -0.000014
element 30
poly 0 1 2 3 4 5 6 7 8 9 10 11 12 13 14 15 16 17 18 19 20 21 22 23 24 25 26 27 28 29 30 31 32 33 34 35 36 37 38 39 40 41 42 43 44 45 46 47 48 49 50 51 52 53 54 55 56 57 58 59 60 61 62 63 64 65 66 67 68 69 70 71 72 73
exp
0 0.000000 0.094886 0.000049
1 0.000000 0.239411 0.000038
2 0.000000 0.314876 -0.000073
3 0.000000 0.275646 -0.000070
4 0.000000 0.177133 -0.000017
5 0.000000 0.087410 0.000025
6 0.000000 0.033871 -0.000004
7 0.000000 -0.001971 0.000017
8 0.000000 -0.020843 0.000028
9 0.000000 -0.027006 -0.000006
10 0.000000 -0.030058 -0.000031
11 0.000000 -0.037800 0.000003
12 0.000000 -0.040594 0.000021
13 0.000000 -0.037345 0.000004
14 0.000000 -0.030908 -0.000038
15 0.000000 -0.027056 -0.000074
16 0.000000 -0.035790 -0.000005
17 0.000000 -0.032082 -0.000021
18 0.000000 -0.035125 0.000007
19 0.000000 -0.035746 0.000006
20 0.000000 -0.034091 -0.000013
21 0.000000 -0.035394 -0.000001
22 0.000000 -0.044642 0.000071
23 0.000000 -0.050149 0.000108
24 0.000000 -0.047964 0.000085
25 0.000000 -0.027911 -0.000094
26 0.000000 -0.031517 -0.000069
27 0.000000 -0.039873 -0.000008
28 0.000000 -0.039744 0.000024
29 0.000000 -0.021142 -0.000104
30 0.000000 -0.029761 -0.000037
31 0.000000 -0.044380 0.000072
32 0.000000 -0.042687 0.000060
33 0.000000 -0.030217 -0.000045
34 0.000000 -0.034705 -0.000008
35 0.000000 -0.038771 0.000023
36 0.000000 -0.043810 0.000071
37 0.000000 -0.039781 0.000036
38 0.000000 -0.030617 -0.000045
39 0.000000 -0.038949 0.000032
40 0.000000 -0.044579 0.000074
41 0.000000 -0.036843 -0.000009
42 0.000000 -0.038232 -0.000008
43 0.000000 -0.043440 0.000039
44 0.000000 -0.040988 0.000031
45 0.000000 -0.036245 -0.000004
46 0.000000 -0.034561 -0.000003
47 0.000000 -0.039034 0.000042
48 0.000000 -0.038019 0.000028
49 0.000000 -0.028461 -0.000068
50 0.000000 -0.032871 -0.000028
51 0.000000 -0.040770 0.000050
52 0.000000 -0.031745 -0.000032
53 0.000000 -0.036102 -0.000011
54 0.000000 -0.039490 0.000003
55 0.000000 -0.037143 -0.000008
56 0.000000 -0.030939 -0.000047
57 0.000000 -0.038132 0.000025
58 0.000000 -0.039729 0.000036
59 0.000000 -0.039148 0.000028
60 0.000000 -0.045804 0.000083
61 0.000000 -0.042658 0.000063
62 0.000000 -0.033901 -0.000010
63 0.000000 -0.040037 0.000036
64 0.000000 -0.044563 0.000067
65 0.000000 -0.037369 -0.000006
66 0.000000 -0.038134 -0.000001
67 0.000000 -0.034888 -0.000025
68 0.000000 -0.035863 -0.000007
69 0.000000 -0.037019 0.000010
70 0.000000 -0.042279 0.000045
71 0.000000 -0.057913 0.000039
72 0.000000 -0.137109 -0.000015
73 0.000000 -0.276551 -0.000023
element 31
poly 0 1 2 3 4 5 6 7 8 9 10 11 12 13 14 15 16 17 18 19 20 21 22 23 24 25 26 27 28 29 30 31 32 33 34 35 36 37 38 39 40 41 42 43 44 45 46 47 48 49 50 51 52 53 54 55 56 57 58 59 60 61 62 63 64 65 66 67 68 69 70 71 72
exp 73
0 0.000000 -0.132289 -0.000032
1 0.000000 1.500774 0.000116
2 0.000000 1.040858 -0.000105
3 0.000000 0.387827 0.000283
4 0.000000 -0.164294 0.001459
5 0.000000 0.035730 0.000986
6 0.000000 0.056135 0.000799
7 0.000000 0.001306 0.001090
8 0.000000 -0.093784 0.001151
9 0.000000 -0.116177 0.001359
10 0.000000 -0.115125 0.001282
11 0.000000 -0.099171 0.001236
12 0.000000 -0.108827 0.001273
13 0.000000 -0.112523 0.001283
14 0.000000 -0.096326 0.001257
15 0.000000 -0.099156 0.001233
16 0.000000 -0.113041 0.001290
17 0.000000 -0.104831 0.001272
18 0.000000 -0.098662 0.001254
19 0.000000 -0.107855 0.001276
20 0.000000 -0.102934 0.001256
21 0.000000 -0.104952 0.001302
22 0.000000 -0.099243 0.001255
23 0.000000 -0.101463 0.001205
24 0.000000 -0.117050 0.001346
25 0.000000 -0.093855 0.001218
26 0.000000 -0.103050 0.001306
27 0.000000 -0.095053 0.001199
28 0.000000 -0.115603 0.001375
29 0.000000 -0.092350 0.001174
30 0.000000 -0.110698 0.001373
31 0.000000 -0.111452 0.001288
32 0.000000 -0.102656 0.001257
33 0.000000 -0.095704 0.001236
34 0.000000 -0.100070 0.001233
35 0.000000 -0.106306 0.001256
36 0.000000 -0.106140 0.001299
37 0.000000 -0.103417 0.001232
38 0.000000 -0.090432 0.001223
39 0.000000 -0.108090 0.001296
40 0.000000 -0.105104 0.001294
41 0.000000 -0.100213 0.001234
42 0.000000 -0.103455 0.001279
43 0.000000 -0.107223 0.001300
44 0.000000 -0.105303 0.001248
45 0.000000 -0.102155 0.001270
46 0.000000 -0.107827 0.001306
47 0.000000 -0.100933 0.001243
48 0.000000 -0.095040 0.001223
49 0.000000 -0.112947 0.001365
50 0.000000 -0.094412 0.001166
51 0.000000 -0.112494 0.001334
52 0.000000 -0.096055 0.001251
53 0.000000 -0.102063 0.001255
54 0.000000 -0.105423 0.001277
55 0.000000 -0.106850 0.001266
56 0.000000 -0.107874 0.001286
57 0.000000 -0.101710 0.001286
58 0.000000 -0.094526 0.001192
59 0.000000 -0.116237 0.001388
60 0.000000 -0.096263 0.001196
61 0.000000 -0.100976 0.001287
62 0.000000 -0.101280 0.001233
63 0.000000 -0.113492 0.001359
64 0.000000 -0.100277 0.001189
65 0.000000 -0.112862 0.001391
66 0.000000 -0.091743 0.001150
67 0.000000 -0.111454 0.001355
68 0.000000 -0.103349 0.001253
69 0.000000 -0.106696 0.001269
70 0.000000 -0.098605 0.001255
71 0.000000 0.064446 0.000843
72 0.000000 0.056650 0.000571
73 131.629235 0.019431 0.513923
element 32
poly 0 1 2 3 4 5 6 7 8 9 10 11 12 13 14 15 16 17 18 19 20 21 22 23 24 25 26 27 28 29 30 31 32 33 34 35 36 37 38 39 40 41 42 43 44 45 46 47 48 49 50 51 52 53 54 55 56 57 58 59 60 61 62 63 64 65 66 67 68 69 70 71 72 73
exp
0 0.000000 0.368519 0.000021
1 0.000000 0.994204 -0.000003
2 0.000000 0.990298 -0.000005
3 0.000000 0.653933 0.000043
4 0.000000 0.245784 -0.000050
5 0.000000 0.009390 0.000002
6 0.000000 -0.081618 0.000054
7 0.000000 -0.098638 -0.000025
8 0.000000 -0.115776 0.000034
9 0.000000 -0.110851 -0.000074
10 0.000000 -0.127982 0.000076
11 0.000000 -0.109247 0.000030
12 0.000000 -0.104652 0.000035
13 0.000000 -0.093413 0.000007
14 0.000000 -0.090952 -0.000002
15 0.000000 -0.087239 0.000034
16 0.000000 -0.086376 -0.000020
17 0.000000 -0.090653 0.000013
18 0.000000 -0.089597 0.000004
19 0.000000 -0.089919 0.000022
20 0.000000 -0.089045 0.000021
21 0.000000 -0.091988 0.000050
22 0.000000 -0.088210 0.000027
23 0.000000 -0.081595 -0.000014
24 0.000000 -0.083439 -0.000019
25 0.000000 -0.093049 0.000045
26 0.000000 -0.094354 0.000014
27 0.000000 -0.091156 -0.000009
28 0.000000 -0.094448 0.000045
29 0.000000 -0.092166 0.000034
30 0.000000 -0.091516 -0.000002
31 0.000000 -0.093615 0.000035
32 0.000000 -0.081052 -0.000055
33 0.000000 -0.092012 0.000071
34 0.000000 -0.088822 0.000023
35 0.000000 -0.077122 -0.000077
36 0.000000 -0.092320 0.000027
37 0.000000 -0.093953 0.000043
38 0.000000 -0.089847 0.000001
39 0.000000 -0.097549 0.000052
40 0.000000 -0.096384 0.000047
41 0.000000 -0.076437 -0.000090
42 0.000000 -0.083263 -0.000015
43 0.000000 -0.084680 -0.000010
44 0.000000 -0.092920 0.000040
45 0.000000 -0.091254 0.000045
46 0.000000 -0.087275 -0.000010
47 0.000000 -0.097079 0.000073
48 0.000000 -0.083166 -0.000050
49 0.000000 -0.092978 0.000025
50 0.000000 -0.081893 -0.000088
51 0.000000 -0.096941 0.000062
52 0.000000 -0.091348 0.000043
53 0.000000 -0.085834 -0.000004
54 0.000000 -0.090069 0.000017
55 0.000000 -0.100896 0.000110
56 0.000000 -0.087661 0.000002
57 0.000000 -0.083699 -0.000009
58 0.000000 -0.089662 0.000002
59 0.000000 -0.087270 -0.000017
60 0.000000 -0.092570 0.000032
61 0.000000 -0.092682 0.000053
62 0.000000 -0.081895 -0.000047
63 0.000000 -0.087209 0.000018
64 0.000000 -0.091529 0.000039
65 0.000000 -0.094398 0.000023
66 0.000000 -0.088021 -0.000043
67 0.000000 -0.089278 -0.000015
68 0.000000 -0.091890 0.000040
69 0.000000 -0.087717 0.000039
70 0.000000 -0.083453 -0.000005
71 0.000000 -0.112962 -0.000016
72 0.000000 -0.465918 0.000080
73 0.000000 -1.117928 0.000733
