element 0
poly 0 1 2 3 4 5 6 7 8 9 10 11 12 13 14 15 16 17 18 19 20 21 22 23 24 25 26 27 28 29 30 31 32 33 34 35 36 37 38 39 40 41 42 43 44 45 46 47 48 49 50 51 52 53 54 55 56 57 58 59 60 61 62 63 64 65 66 67 68 69 70 71 72 73
exp
0 0.000000 0.036751 -0.000034
1 0.000000 0.059193 -0.000069
2 0.000000 0.065780 -0.000048
3 0.000000 0.059733 0.000030
4 0.000000 0.053732 0.000091
5 0.000000 0.055882 0.000082
6 0.000000 0.060733 0.000047
7 0.000000 0.071451 -0.000040
8 0.000000 0.078215 -0.000103
9 0.000000 0.075579 -0.000081
10 0.000000 0.078062 -0.000103
11 0.000000 0.081893 -0.000131
12 0.000000 0.081596 -0.000128
13 0.000000 0.077774 -0.000101
14 0.000000 0.075708 -0.000091
15 0.000000 0.075694 -0.000090
16 0.000000 0.074714 -0.000081
17 0.000000 0.078866 -0.000118
18 0.000000 0.078214 -0.000117
19 0.000000 0.068803 -0.000035
20 0.000000 0.057194 0.000069
21 0.000000 0.057183 0.000072
22 0.000000 0.066343 -0.000009
23 0.000000 0.067355 -0.000018
24 0.000000 0.058743 0.000056
25 0.000000 0.059645 0.000052
26 0.000000 0.066084 0.000000
27 0.000000 0.069131 -0.000022
28 0.000000 0.068703 -0.000026
29 0.000000 0.067263 -0.000016
30 0.000000 0.073045 -0.000064
31 0.000000 0.079439 -0.000116
32 0.000000 0.081964 -0.000139
33 0.000000 0.076619 -0.000092
34 0.000000 0.063339 0.000024
35 0.000000 0.055570 0.000095
36 0.000000 0.057382 0.000076
37 0.000000 0.060495 0.000045
38 0.000000 0.066518 -0.000009
39 0.000000 0.068857 -0.000029
40 0.000000 0.072661 -0.000062
41 0.000000 0.073239 -0.000067
42 0.000000 0.065121 -0.000000
43 0.000000 0.063502 0.000019
44 0.000000 0.059461 0.000052
45 0.000000 0.053643 0.000097
46 0.000000 0.052510 0.000107
47 0.000000 0.061940 0.000030
48 0.000000 0.070177 -0.000040
49 0.000000 0.072794 -0.000065
50 0.000000 0.069972 -0.000046
51 0.000000 0.057903 0.000056
52 0.000000 0.060009 0.000036
53 0.000000 0.067898 -0.000027
54 0.000000 0.068377 -0.000030
55 0.000000 0.070436 -0.000050
56 0.000000 0.063259 0.000012
57 0.000000 0.058185 0.000061
58 0.000000 0.053793 0.000100
59 0.000000 0.053494 0.000099
60 0.000000 0.058458 0.000053
61 0.000000 0.061030 0.000031
62 0.000000 0.064375 0.000005
63 0.000000 0.068719 -0.000026
64 0.000000 0.071195 -0.000051
65 0.000000 0.066363 -0.000015
66 0.000000 0.061873 0.000024
67 0.000000 0.067144 -0.000017
68 0.000000 0.067301 -0.000019
69 0.000000 0.064451 0.000001
70 0.000000 0.051671 0.000080
71 0.000000 0.037452 0.000115
72 0.000000 0.019023 0.000113
73 0.000000 0.008059 0.000048
element 1
poly 0 1 2 3 4 5 6 7 8 9 10 11 12 13 14 15 16 17 18 19 20 21 22 23 24 25 26 27 28 29 30 31 32 33 34 35 36 37 38 39 40 41 42 43 44 45 46 47 48 49 50 51 52 53 54 55 56 57 58 59 60 61 62 63 64 65 66 67 68 69 70 71 72 73
exp
0 0.000000 0.020124 0.000097
1 0.000000 0.039255 0.000085
2 0.000000 0.055392 0.000028
3 0.000000 0.062032 -0.000000
4 0.000000 0.064096 -0.000013
5 0.000000 0.065675 -0.000022
6 0.000000 0.065048 -0.000015
7 0.000000 0.063580 -0.000001
8 0.000000 0.069649 -0.000053
9 0.000000 0.067706 -0.000033
10 0.000000 0.068215 -0.000037
11 0.000000 0.065502 -0.000018
12 0.000000 0.055519 0.000056
13 0.000000 0.051131 0.000086
14 0.000000 0.054809 0.000056
15 0.000000 0.066838 -0.000039
16 0.000000 0.071455 -0.000071
17 0.000000 0.066416 -0.000022
18 0.000000 0.069427 -0.000041
19 0.000000 0.077737 -0.000114
20 0.000000 0.075580 -0.000101
21 0.000000 0.070886 -0.000067
22 0.000000 0.070787 -0.000069
23 0.000000 0.070481 -0.000063
24 0.000000 0.068260 -0.000037
25 0.000000 0.065966 -0.000014
26 0.000000 0.066414 -0.000025
27 0.000000 0.075319 -0.000099
28 0.000000 0.078811 -0.000125
29 0.000000 0.071772 -0.000060
30 0.000000 0.066595 -0.000013
31 0.000000 0.069269 -0.000040
32 0.000000 0.073783 -0.000086
33 0.000000 0.078997 -0.000128
34 0.000000 0.076871 -0.000111
35 0.000000 0.071144 -0.000063
36 0.000000 0.065594 -0.000021
37 0.000000 0.066307 -0.000023
38 0.000000 0.067675 -0.000034
39 0.000000 0.074093 -0.000084
40 0.000000 0.078685 -0.000121
41 0.000000 0.075151 -0.000091
42 0.000000 0.071949 -0.000067
43 0.000000 0.067572 -0.000034
44 0.000000 0.059506 0.000034
45 0.000000 0.058557 0.000046
46 0.000000 0.061818 0.000012
47 0.000000 0.060690 0.000015
48 0.000000 0.054885 0.000064
49 0.000000 0.052648 0.000086
50 0.000000 0.052977 0.000077
51 0.000000 0.059045 0.000025
52 0.000000 0.060235 0.000015
53 0.000000 0.062425 0.000001
54 0.000000 0.066490 -0.000027
55 0.000000 0.065040 -0.000013
56 0.000000 0.063994 -0.000006
57 0.000000 0.061090 0.000028
58 0.000000 0.065942 -0.000004
59 0.000000 0.074552 -0.000071
60 0.000000 0.071559 -0.000048
61 0.000000 0.066505 -0.000011
62 0.000000 0.065403 -0.000014
63 0.000000 0.062030 0.000006
64 0.000000 0.052733 0.000077
65 0.000000 0.043819 0.000149
66 0.000000 0.050629 0.000095
67 0.000000 0.059896 0.000030
68 0.000000 0.064969 -0.000006
69 0.000000 0.069030 -0.000045
70 0.000000 0.061212 -0.000017
71 0.000000 0.049180 -0.000010
72 0.000000 0.035188 -0.000042
73 0.000000 0.019409 -0.000052
element 2
poly 0 1 2 3 4 5 6 7 8 9 10 11 12 13 14 15 16 17 18 19 20 21 22 23 24 25 26 27 28 29 30 31 32 33 34 35 36 37 38 39 40 41 42 43 44 45 46 47 48 49 50 51 52 53 54 55 56 57 58 59 60 61 62 63 64 65 66 67 68 69 70 71 72 73
exp
0 0.000000 0.039126 0.000014
1 0.000000 0.058691 0.000047
2 0.000000 0.073180 0.000041
3 0.000000 0.081183 0.000024
4 0.000000 0.088565 -0.000020
5 0.000000 0.090167 -0.000027
6 0.000000 0.094527 -0.000068
7 0.000000 0.096493 -0.000089
8 0.000000 0.091032 -0.000053
9 0.000000 0.090578 -0.000053
10 0.000000 0.090001 -0.000056
11 0.000000 0.080479 0.000018
12 0.000000 0.075394 0.000062
13 0.000000 0.080193 0.000023
14 0.000000 0.085613 -0.000023
15 0.000000 0.086934 -0.000034
16 0.000000 0.078892 0.000031
17 0.000000 0.076403 0.000052
18 0.000000 0.082323 0.000001
19 0.000000 0.085541 -0.000022
20 0.000000 0.092289 -0.000081
21 0.000000 0.096156 -0.000110
22 0.000000 0.092076 -0.000070
23 0.000000 0.088516 -0.000030
24 0.000000 0.083151 0.000021
25 0.000000 0.084492 0.000007
26 0.000000 0.087944 -0.000027
27 0.000000 0.085714 -0.000009
28 0.000000 0.084768 0.000001
29 0.000000 0.084101 0.000009
30 0.000000 0.082970 0.000014
31 0.000000 0.090140 -0.000044
32 0.000000 0.090985 -0.000045
33 0.000000 0.084651 0.000016
34 0.000000 0.086653 0.000003
35 0.000000 0.090950 -0.000034
36 0.000000 0.087882 -0.000014
37 0.000000 0.085583 0.000002
38 0.000000 0.084755 0.000003
39 0.000000 0.088932 -0.000038
40 0.000000 0.094599 -0.000090
41 0.000000 0.093740 -0.000080
42 0.000000 0.088162 -0.000034
43 0.000000 0.086556 -0.000023
44 0.000000 0.088540 -0.000044
45 0.000000 0.088177 -0.000041
46 0.000000 0.093855 -0.000089
47 0.000000 0.094237 -0.000089
48 0.000000 0.090797 -0.000060
49 0.000000 0.087146 -0.000028
50 0.000000 0.082174 0.000017
51 0.000000 0.082116 0.000024
52 0.000000 0.085564 -0.000005
53 0.000000 0.089979 -0.000044
54 0.000000 0.097801 -0.000113
55 0.000000 0.095494 -0.000094
56 0.000000 0.085826 -0.000018
57 0.000000 0.085555 -0.000018
58 0.000000 0.087902 -0.000042
59 0.000000 0.084419 -0.000014
60 0.000000 0.076737 0.000045
61 0.000000 0.077239 0.000041
62 0.000000 0.087728 -0.000044
63 0.000000 0.101610 -0.000152
64 0.000000 0.098987 -0.000123
65 0.000000 0.089487 -0.000039
66 0.000000 0.082703 0.000012
67 0.000000 0.080585 0.000030
68 0.000000 0.087424 -0.000022
69 0.000000 0.098854 -0.000115
70 0.000000 0.092195 -0.000100
71 0.000000 0.064035 0.000020
72 0.000000 0.022003 0.000172
73 0.000000 -0.004226 0.000191
element 3
poly 0 1 2 3 4 5 6 7 8 9 10 11 12 13 14 15 16 17 18 19 20 21 22 23 24 25 26 27 28 29 30 31 32 33 34 35 36 37 38 39 40 41 42 43 44 45 46 47 48 49 50 51 52 53 54 55 56 57 58 59 60 61 62 63 64 65 66 67 68 69 70 71 72 73
exp
0 0.000000 0.020726 -0.000083
1 0.000000 0.026106 -0.000080
2 0.000000 0.024438 -0.000040
3 0.000000 0.020331 0.000001
4 0.000000 0.016882 0.000030
5 0.000000 0.017668 0.000024
6 0.000000 0.021847 -0.000011
7 0.000000 0.025063 -0.000039
8 0.000000 0.024154 -0.000033
9 0.000000 0.024654 -0.000037
10 0.000000 0.027120 -0.000055
11 0.000000 0.028779 -0.000068
12 0.000000 0.026605 -0.000050
13 0.000000 0.019642 0.000007
14 0.000000 0.015350 0.000044
15 0.000000 0.018872 0.000015
16 0.000000 0.025327 -0.000038
17 0.000000 0.027968 -0.000061
18 0.000000 0.024412 -0.000032
19 0.000000 0.020425 0.000002
20 0.000000 0.019984 0.000007
21 0.000000 0.020530 0.000004
22 0.000000 0.023791 -0.000022
23 0.000000 0.023821 -0.000022
24 0.000000 0.020549 0.000006
25 0.000000 0.019830 0.000012
26 0.000000 0.019761 0.000012
27 0.000000 0.020356 0.000008
28 0.000000 0.023293 -0.000018
29 0.000000 0.024650 -0.000033
30 0.000000 0.022653 -0.000019
31 0.000000 0.022257 -0.000015
32 0.000000 0.022397 -0.000017
33 0.000000 0.021234 -0.000009
34 0.000000 0.018654 0.000013
35 0.000000 0.017812 0.000023
36 0.000000 0.018104 0.000023
37 0.000000 0.014358 0.000054
38 0.000000 0.009854 0.000090
39 0.000000 0.010435 0.000086
40 0.000000 0.014697 0.000052
41 0.000000 0.018241 0.000022
42 0.000000 0.017016 0.000031
43 0.000000 0.011328 0.000078
44 0.000000 0.009313 0.000094
45 0.000000 0.014664 0.000047
46 0.000000 0.021596 -0.000010
47 0.000000 0.022860 -0.000021
48 0.000000 0.018473 0.000012
49 0.000000 0.018705 0.000008
50 0.000000 0.021529 -0.000012
51 0.000000 0.018580 0.000016
52 0.000000 0.014304 0.000051
53 0.000000 0.015193 0.000043
54 0.000000 0.020076 0.000002
55 0.000000 0.023585 -0.000026
56 0.000000 0.027252 -0.000056
57 0.000000 0.029216 -0.000072
58 0.000000 0.026309 -0.000047
59 0.000000 0.020817 -0.000001
60 0.000000 0.016000 0.000039
61 0.000000 0.014027 0.000055
62 0.000000 0.013654 0.000058
63 0.000000 0.015939 0.000039
64 0.000000 0.022000 -0.000014
65 0.000000 0.024736 -0.000040
66 0.000000 0.021282 -0.000012
67 0.000000 0.017957 0.000017
68 0.000000 0.016807 0.000026
69 0.000000 0.016960 0.000025
70 0.000000 0.018348 0.000009
71 0.000000 0.016597 -0.000004
72 0.000000 0.013175 -0.000026
73 0.000000 0.010167 -0.000049
element 4
poly 0 1 2 3 4 5 6 7 8 9 10 11 12 13 14 15 16 17 18 19 20 21 22 23 24 25 26 27 28 29 30 31 32 33 34 35 36 37 38 39 40 41 42 43 44 45 46 47 48 49 50 51 52 53 54 55 56 57 58 59 60 61 62 63 64 65 66 67 68 69 70 71 72 73
exp
0 0.000000 0.045634 -0.000139
1 0.000000 0.050103 -0.000039
2 0.000000 0.050200 0.000033
3 0.000000 0.060499 -0.000023
4 0.000000 0.064120 -0.000040
5 0.000000 0.062497 -0.000019
6 0.000000 0.058331 0.000010
7 0.000000 0.058221 0.000001
8 0.000000 0.057127 0.000000
9 0.000000 0.056883 -0.000001
10 0.000000 0.064232 -0.000058
11 0.000000 0.064946 -0.000059
12 0.000000 0.052845 0.000047
13 0.000000 0.046779 0.000105
14 0.000000 0.047589 0.000095
15 0.000000 0.044837 0.000111
16 0.000000 0.045924 0.000099
17 0.000000 0.047446 0.000091
18 0.000000 0.044982 0.000119
19 0.000000 0.045937 0.000118
20 0.000000 0.051882 0.000063
21 0.000000 0.054580 0.000037
22 0.000000 0.051473 0.000062
23 0.000000 0.048045 0.000091
24 0.000000 0.050730 0.000058
25 0.000000 0.053032 0.000030
26 0.000000 0.058290 -0.000017
27 0.000000 0.055411 0.000011
28 0.000000 0.056054 0.000008
29 0.000000 0.066714 -0.000079
30 0.000000 0.063735 -0.000054
31 0.000000 0.064527 -0.000056
32 0.000000 0.069575 -0.000092
33 0.000000 0.066261 -0.000066
34 0.000000 0.058350 -0.000001
35 0.000000 0.060896 -0.000020
36 0.000000 0.067115 -0.000077
37 0.000000 0.063096 -0.000045
38 0.000000 0.057602 -0.000002
39 0.000000 0.056280 0.000012
40 0.000000 0.055498 0.000019
41 0.000000 0.058970 -0.000010
42 0.000000 0.064910 -0.000059
43 0.000000 0.070372 -0.000101
44 0.000000 0.067961 -0.000084
45 0.000000 0.062307 -0.000045
46 0.000000 0.062287 -0.000043
47 0.000000 0.071198 -0.000109
48 0.000000 0.078372 -0.000163
49 0.000000 0.077966 -0.000160
50 0.000000 0.073766 -0.000136
51 0.000000 0.074356 -0.000138
52 0.000000 0.073558 -0.000126
53 0.000000 0.069343 -0.000086
54 0.000000 0.063724 -0.000037
55 0.000000 0.057531 0.000012
56 0.000000 0.056920 0.000013
57 0.000000 0.061885 -0.000029
58 0.000000 0.058263 0.000001
59 0.000000 0.048297 0.000086
60 0.000000 0.046912 0.000096
61 0.000000 0.049818 0.000068
62 0.000000 0.047241 0.000089
63 0.000000 0.050857 0.000059
64 0.000000 0.053613 0.000034
65 0.000000 0.050048 0.000065
66 0.000000 0.051042 0.000055
67 0.000000 0.060115 -0.000020
68 0.000000 0.057644 0.000005
69 0.000000 0.048312 0.000087
70 0.000000 0.046619 0.000076
71 0.000000 0.040384 0.000050
72 0.000000 0.024034 0.000041
73 0.000000 0.001785 0.000086
element 5
poly 0 1 2 3 4 5 6 7 8 9 10 11 12 13 14 15 16 17 18 19 20 21 22 23 24 25 26 27 28 29 30 31 32 33 34 35 36 37 38 39 40 41 42 43 44 45 46 47 48 49 50 51 52 53 54 55 56 57 58 59 60 61 62 63 64 65 66 67 68 69 70 71 72 73
exp
0 0.000000 0.018701 0.000081
1 0.000000 0.045440 -0.000012
2 0.000000 0.059419 -0.000062
3 0.000000 0.059839 -0.000039
4 0.000000 0.053163 0.000032
5 0.000000 0.050000 0.000062
6 0.000000 0.056544 0.000001
7 0.000000 0.056744 -0.000005
8 0.000000 0.056963 -0.000008
9 0.000000 0.054788 0.000013
10 0.000000 0.053067 0.000030
11 0.000000 0.051399 0.000044
12 0.000000 0.049878 0.000052
13 0.000000 0.057014 -0.000008
14 0.000000 0.064379 -0.000067
15 0.000000 0.066472 -0.000087
16 0.000000 0.055521 0.000008
17 0.000000 0.046041 0.000092
18 0.000000 0.045307 0.000098
19 0.000000 0.046423 0.000086
20 0.000000 0.049271 0.000058
21 0.000000 0.048352 0.000070
22 0.000000 0.048799 0.000074
23 0.000000 0.055319 0.000027
24 0.000000 0.054248 0.000033
25 0.000000 0.058229 -0.000004
26 0.000000 0.062033 -0.000045
27 0.000000 0.060541 -0.000043
28 0.000000 0.053456 0.000013
29 0.000000 0.050351 0.000043
30 0.000000 0.051688 0.000032
31 0.000000 0.050292 0.000041
32 0.000000 0.051034 0.000032
33 0.000000 0.048958 0.000046
34 0.000000 0.049345 0.000041
35 0.000000 0.053039 0.000012
36 0.000000 0.057356 -0.000021
37 0.000000 0.061817 -0.000053
38 0.000000 0.067213 -0.000095
39 0.000000 0.063795 -0.000060
40 0.000000 0.059816 -0.000022
41 0.000000 0.055468 0.000020
42 0.000000 0.049464 0.000073
43 0.000000 0.051369 0.000051
44 0.000000 0.056772 -0.000003
45 0.000000 0.060452 -0.000036
46 0.000000 0.065418 -0.000079
47 0.000000 0.066189 -0.000092
48 0.000000 0.060781 -0.000051
49 0.000000 0.054369 0.000014
50 0.000000 0.048359 0.000074
51 0.000000 0.054920 0.000022
52 0.000000 0.069783 -0.000106
53 0.000000 0.072788 -0.000138
54 0.000000 0.066137 -0.000094
55 0.000000 0.065046 -0.000090
56 0.000000 0.062639 -0.000070
57 0.000000 0.052786 0.000017
58 0.000000 0.052650 0.000019
59 0.000000 0.062948 -0.000063
60 0.000000 0.065930 -0.000087
61 0.000000 0.061840 -0.000054
62 0.000000 0.053335 0.000014
63 0.000000 0.042145 0.000108
64 0.000000 0.042435 0.000111
65 0.000000 0.050708 0.000049
66 0.000000 0.060947 -0.000037
67 0.000000 0.066034 -0.000081
68 0.000000 0.068470 -0.000104
69 0.000000 0.063046 -0.000063
70 0.000000 0.058863 -0.000055
71 0.000000 0.046814 -0.000028
72 0.000000 0.029682 -0.000014
73 0.000000 0.011297 0.000009
element 6
poly 0 1 2 3 4 5 6 7 8 9 10 11 12 13 14 15 16 17 18 19 20 21 22 23 24 25 26 27 28 29 30 31 32 33 34 35 36 37 38 39 40 41 42 43 44 45 46 47 48 49 50 51 52 53 54 55 56 57 58 59 60 61 62 63 64 65 66 67 68 69 70 71 72 73
exp
0 0.000000 0.009610 0.000066
1 0.000000 0.023995 0.000028
2 0.000000 0.036182 -0.000024
3 0.000000 0.041404 -0.000048
4 0.000000 0.038104 -0.000018
5 0.000000 0.036807 -0.000010
6 0.000000 0.039828 -0.000042
7 0.000000 0.040968 -0.000058
8 0.000000 0.037342 -0.000030
9 0.000000 0.037855 -0.000034
10 0.000000 0.038467 -0.000036
11 0.000000 0.038980 -0.000036
12 0.000000 0.038635 -0.000029
13 0.000000 0.031929 0.000033
14 0.000000 0.024329 0.000095
15 0.000000 0.025665 0.000080
16 0.000000 0.036495 -0.000012
17 0.000000 0.043193 -0.000063
18 0.000000 0.050066 -0.000117
19 0.000000 0.041837 -0.000053
20 0.000000 0.033681 0.000014
21 0.000000 0.028324 0.000062
22 0.000000 0.024304 0.000095
23 0.000000 0.023341 0.000103
24 0.000000 0.020522 0.000124
25 0.000000 0.027369 0.000067
26 0.000000 0.033750 0.000014
27 0.000000 0.029835 0.000043
28 0.000000 0.020492 0.000113
29 0.000000 0.019099 0.000125
30 0.000000 0.018930 0.000129
31 0.000000 0.021597 0.000108
32 0.000000 0.029690 0.000037
33 0.000000 0.040936 -0.000054
34 0.000000 0.035721 -0.000006
35 0.000000 0.036755 -0.000009
36 0.000000 0.045041 -0.000079
37 0.000000 0.041758 -0.000057
38 0.000000 0.032806 0.000014
39 0.000000 0.027921 0.000056
40 0.000000 0.030728 0.000037
41 0.000000 0.031944 0.000024
42 0.000000 0.032966 0.000010
43 0.000000 0.041993 -0.000062
44 0.000000 0.045242 -0.000083
45 0.000000 0.040018 -0.000034
46 0.000000 0.034649 0.000011
47 0.000000 0.032222 0.000023
48 0.000000 0.033090 0.000013
49 0.000000 0.033538 0.000010
50 0.000000 0.032475 0.000021
51 0.000000 0.036253 -0.000006
52 0.000000 0.037275 -0.000015
53 0.000000 0.041093 -0.000049
54 0.000000 0.040264 -0.000046
55 0.000000 0.037497 -0.000019
56 0.000000 0.034749 0.000004
57 0.000000 0.025575 0.000078
58 0.000000 0.021181 0.000114
59 0.000000 0.026100 0.000073
60 0.000000 0.031582 0.000029
61 0.000000 0.033409 0.000019
62 0.000000 0.028185 0.000065
63 0.000000 0.024574 0.000094
64 0.000000 0.025157 0.000083
65 0.000000 0.027803 0.000060
66 0.000000 0.031662 0.000026
67 0.000000 0.034848 -0.000002
68 0.000000 0.038933 -0.000034
69 0.000000 0.038550 -0.000032
70 0.000000 0.030859 0.000017
71 0.000000 0.014418 0.000109
72 0.000000 -0.001096 0.000154
73 0.000000 -0.002541 0.000083
element 7
poly 0 1 2 3 4 5 6 7 8 9 10 11 12 13 14 15 16 17 18 19 20 21 22 23 24 25 26 27 28 29 30 31 32 33 34 35 36 37 38 39 40 41 42 43 44 45 46 47 48 49 50 51 52 53 54 55 56 57 58 59 60 61 62 63 64 65 66 67 68 69 70 71 72 73
exp
0 0.000000 0.029756 -0.000070
1 0.000000 0.039932 -0.000057
2 0.000000 0.044921 -0.000055
3 0.000000 0.045940 -0.000050
4 0.000000 0.047477 -0.000059
5 0.000000 0.049110 -0.000071
6 0.000000 0.051179 -0.000086
7 0.000000 0.053289 -0.000101
8 0.000000 0.044000 -0.000018
9 0.000000 0.035429 0.000057
10 0.000000 0.039422 0.000019
11 0.000000 0.050333 -0.000078
12 0.000000 0.052711 -0.000103
13 0.000000 0.051123 -0.000088
14 0.000000 0.046926 -0.000057
15 0.000000 0.049076 -0.000074
16 0.000000 0.050378 -0.000084
17 0.000000 0.054860 -0.000121
18 0.000000 0.053029 -0.000108
19 0.000000 0.052405 -0.000101
20 0.000000 0.056031 -0.000125
21 0.000000 0.050968 -0.000081
22 0.000000 0.048364 -0.000064
23 0.000000 0.046415 -0.000046
24 0.000000 0.043287 -0.000021
25 0.000000 0.044185 -0.000031
26 0.000000 0.034638 0.000048
27 0.000000 0.022617 0.000150
28 0.000000 0.029024 0.000099
29 0.000000 0.038743 0.000017
30 0.000000 0.032894 0.000064
31 0.000000 0.028959 0.000096
32 0.000000 0.038795 0.000010
33 0.000000 0.043628 -0.000027
34 0.000000 0.040401 0.000002
35 0.000000 0.039909 0.000010
36 0.000000 0.044702 -0.000030
37 0.000000 0.048188 -0.000063
38 0.000000 0.051292 -0.000091
39 0.000000 0.054563 -0.000116
40 0.000000 0.054041 -0.000113
41 0.000000 0.050556 -0.000082
42 0.000000 0.043902 -0.000031
43 0.000000 0.035835 0.000032
44 0.000000 0.025715 0.000119
45 0.000000 0.022414 0.000151
46 0.000000 0.032063 0.000073
47 0.000000 0.044182 -0.000027
48 0.000000 0.049983 -0.000081
49 0.000000 0.051508 -0.000096
50 0.000000 0.045044 -0.000044
51 0.000000 0.036371 0.000029
52 0.000000 0.033074 0.000054
53 0.000000 0.042079 -0.000020
54 0.000000 0.047386 -0.000061
55 0.000000 0.048398 -0.000063
56 0.000000 0.042412 -0.000009
57 0.000000 0.039090 0.000019
58 0.000000 0.045462 -0.000036
59 0.000000 0.055804 -0.000124
60 0.000000 0.053937 -0.000113
61 0.000000 0.050238 -0.000084
62 0.000000 0.049364 -0.000074
63 0.000000 0.044383 -0.000028
64 0.000000 0.037577 0.000029
65 0.000000 0.031865 0.000071
66 0.000000 0.032773 0.000059
67 0.000000 0.035872 0.000030
68 0.000000 0.036822 0.000020
69 0.000000 0.036108 0.000026
70 0.000000 0.036430 0.000005
71 0.000000 0.028884 0.000013
72 0.000000 0.019858 -0.000006
73 0.000000 0.010175 -0.000014
element 8
poly 0 1 2 3 4 5 6 7 8 9 10 11 12 13 14 15 16 17 18 19 20 21 22 23 24 25 26 27 28 29 30 31 32 33 34 35 36 37 38 39 40 41 42 43 44 45 46 47 48 49 50 51 52 53 54 55 56 57 58 59 60 61 62 63 64 65 66 67 68 69 70 71 72 73
exp
0 0.000000 0.046166 0.000030
1 0.000000 0.069187 0.000078
2 0.000000 0.087736 0.000036
3 0.000000 0.097640 -0.000021
4 0.000000 0.099559 -0.000038
5 0.000000 0.096569 -0.000009
6 0.000000 0.094660 0.000014
7 0.000000 0.094207 0.000016
8 0.000000 0.093775 0.000002
9 0.000000 0.092099 0.000004
10 0.000000 0.084690 0.000055
11 0.000000 0.084719 0.000046
12 0.000000 0.092347 -0.000020
13 0.000000 0.099664 -0.000063
14 0.000000 0.099962 -0.000058
15 0.000000 0.089146 0.000025
16 0.000000 0.080345 0.000084
17 0.000000 0.083445 0.000056
18 0.000000 0.094250 -0.000039
19 0.000000 0.100390 -0.000087
20 0.000000 0.098846 -0.000066
21 0.000000 0.089771 0.000017
22 0.000000 0.088221 0.000030
23 0.000000 0.099108 -0.000060
24 0.000000 0.094470 -0.000013
25 0.000000 0.078588 0.000126
26 0.000000 0.079267 0.000117
27 0.000000 0.091219 0.000013
28 0.000000 0.093647 -0.000012
29 0.000000 0.083509 0.000075
30 0.000000 0.080412 0.000102
31 0.000000 0.090632 0.000023
32 0.000000 0.092609 0.000019
33 0.000000 0.079724 0.000135
34 0.000000 0.077270 0.000151
35 0.000000 0.097073 -0.000023
36 0.000000 0.090696 0.000013
37 0.000000 0.080373 0.000089
38 0.000000 0.079913 0.000087
39 0.000000 0.078928 0.000095
40 0.000000 0.096469 -0.000052
41 0.000000 0.111281 -0.000163
42 0.000000 0.114365 -0.000187
43 0.000000 0.104396 -0.000108
44 0.000000 0.097315 -0.000049
45 0.000000 0.098551 -0.000060
46 0.000000 0.091572 0.000003
47 0.000000 0.090371 0.000029
48 0.000000 0.091813 0.000021
49 0.000000 0.091958 0.000016
50 0.000000 0.092437 0.000006
51 0.000000 0.089496 0.000025
52 0.000000 0.081187 0.000093
53 0.000000 0.094416 -0.000024
54 0.000000 0.102153 -0.000101
55 0.000000 0.099554 -0.000075
56 0.000000 0.100080 -0.000079
57 0.000000 0.102214 -0.000086
58 0.000000 0.099760 -0.000052
59 0.000000 0.100554 -0.000054
60 0.000000 0.094201 -0.000010
61 0.000000 0.080908 0.000100
62 0.000000 0.074284 0.000155
63 0.000000 0.081665 0.000093
64 0.000000 0.096131 -0.000039
65 0.000000 0.101188 -0.000089
66 0.000000 0.099865 -0.000076
67 0.000000 0.095450 -0.000028
68 0.000000 0.094986 -0.000015
69 0.000000 0.100374 -0.000058
70 0.000000 0.104837 -0.000145
71 0.000000 0.084486 -0.000111
72 0.000000 0.040740 0.000018
73 0.000000 0.004618 0.000090
element 9
poly 0 1 2 3 4 5 6 7 8 9 10 11 12 13 14 15 16 17 18 19 20 21 22 23 24 25 26 27 28 29 30 31 32 33 34 35 36 37 38 39 40 41 42 43 44 45 46 47 48 49 50 51 52 53 54 55 56 57 58 59 60 61 62 63 64 65 66 67 68 69 70 71 72 73
exp
0 0.000000 0.003328 0.000055
1 0.000000 0.016546 -0.000008
2 0.000000 0.023990 -0.000043
3 0.000000 0.023217 -0.000026
4 0.000000 0.022874 -0.000022
5 0.000000 0.023309 -0.000027
6 0.000000 0.025044 -0.000044
7 0.000000 0.028499 -0.000074
8 0.000000 0.028155 -0.000071
9 0.000000 0.028750 -0.000074
10 0.000000 0.031045 -0.000093
11 0.000000 0.029327 -0.000079
12 0.000000 0.023810 -0.000032
13 0.000000 0.018598 0.000013
14 0.000000 0.017022 0.000025
15 0.000000 0.016762 0.000027
16 0.000000 0.015787 0.000035
17 0.000000 0.017737 0.000015
18 0.000000 0.022853 -0.000030
19 0.000000 0.023665 -0.000036
20 0.000000 0.020088 -0.000006
21 0.000000 0.019903 -0.000005
22 0.000000 0.024031 -0.000039
23 0.000000 0.024679 -0.000044
24 0.000000 0.020633 -0.000012
25 0.000000 0.018234 0.000009
26 0.000000 0.018401 0.000008
27 0.000000 0.018648 0.000006
28 0.000000 0.014921 0.000036
29 0.000000 0.010502 0.000074
30 0.000000 0.012742 0.000056
31 0.000000 0.019326 0.000003
32 0.000000 0.022069 -0.000019
33 0.000000 0.018547 0.000010
34 0.000000 0.013562 0.000050
35 0.000000 0.015537 0.000033
36 0.000000 0.022971 -0.000026
37 0.000000 0.023442 -0.000029
38 0.000000 0.019594 0.000002
39 0.000000 0.020438 -0.000007
40 0.000000 0.020092 -0.000007
41 0.000000 0.017509 0.000012
42 0.000000 0.016365 0.000023
43 0.000000 0.014828 0.000037
44 0.000000 0.013138 0.000051
45 0.000000 0.015486 0.000033
46 0.000000 0.021234 -0.000013
47 0.000000 0.025317 -0.000046
48 0.000000 0.024396 -0.000041
49 0.000000 0.019626 -0.000005
50 0.000000 0.014892 0.000035
51 0.000000 0.013135 0.000052
52 0.000000 0.015284 0.000035
53 0.000000 0.018756 0.000006
54 0.000000 0.020983 -0.000013
55 0.000000 0.023545 -0.000035
56 0.000000 0.025522 -0.000053
57 0.000000 0.023370 -0.000036
58 0.000000 0.019741 -0.000006
59 0.000000 0.016691 0.000019
60 0.000000 0.015714 0.000027
61 0.000000 0.018145 0.000007
62 0.000000 0.021318 -0.000015
63 0.000000 0.023650 -0.000031
64 0.000000 0.022918 -0.000026
65 0.000000 0.021473 -0.000017
66 0.000000 0.018388 0.000006
67 0.000000 0.014590 0.000038
68 0.000000 0.013049 0.000052
69 0.000000 0.012431 0.000055
70 0.000000 0.012837 0.000043
71 0.000000 0.013618 0.000009
72 0.000000 0.011026 -0.000017
73 0.000000 0.003904 -0.000001
element 10
poly 0 1 2 3 4 5 6 7 8 9 10 11 12 13 14 15 16 17 18 19 20 21 22 23 24 25 26 27 28 29 30 31 32 33 34 35 36 37 38 39 40 41 42 43 44 45 46 47 48 49 50 51 52 53 54 55 56 57 58 59 60 61 62 63 64 65 66 67 68 69 70 71 72 73
exp
0 0.000000 0.013500 -0.000020
1 0.000000 0.013063 0.000035
2 0.000000 0.014537 0.000054
3 0.000000 0.018116 0.000034
4 0.000000 0.023835 -0.000013
5 0.000000 0.023202 -0.000009
6 0.000000 0.015890 0.000053
7 0.000000 0.011984 0.000085
8 0.000000 0.013554 0.000071
9 0.000000 0.018382 0.000031
10 0.000000 0.021222 0.000007
11 0.000000 0.022222 -0.000000
12 0.000000 0.021784 0.000006
13 0.000000 0.019884 0.000022
14 0.000000 0.016687 0.000046
15 0.000000 0.016528 0.000046
16 0.000000 0.021155 0.000006
17 0.000000 0.025786 -0.000033
18 0.000000 0.028470 -0.000056
19 0.000000 0.029188 -0.000061
20 0.000000 0.025612 -0.000032
21 0.000000 0.021059 0.000005
22 0.000000 0.022342 -0.000005
23 0.000000 0.024876 -0.000026
24 0.000000 0.020518 0.000010
25 0.000000 0.016047 0.000046
26 0.000000 0.018292 0.000028
27 0.000000 0.024846 -0.000026
28 0.000000 0.028188 -0.000053
29 0.000000 0.024572 -0.000023
30 0.000000 0.021349 0.000005
31 0.000000 0.019683 0.000020
32 0.000000 0.019623 0.000023
33 0.000000 0.024003 -0.000011
34 0.000000 0.026064 -0.000028
35 0.000000 0.023687 -0.000011
36 0.000000 0.021693 0.000002
37 0.000000 0.021064 0.000004
38 0.000000 0.020555 0.000010
39 0.000000 0.020510 0.000012
40 0.000000 0.019559 0.000020
41 0.000000 0.019959 0.000016
42 0.000000 0.022266 -0.000003
43 0.000000 0.020346 0.000012
44 0.000000 0.019655 0.000018
45 0.000000 0.022745 -0.000006
46 0.000000 0.025087 -0.000024
47 0.000000 0.026132 -0.000034
48 0.000000 0.026198 -0.000036
49 0.000000 0.023292 -0.000011
50 0.000000 0.020639 0.000013
51 0.000000 0.022049 0.000004
52 0.000000 0.023805 -0.000009
53 0.000000 0.025753 -0.000027
54 0.000000 0.028928 -0.000055
55 0.000000 0.031758 -0.000080
56 0.000000 0.028444 -0.000052
57 0.000000 0.022451 -0.000002
58 0.000000 0.019879 0.000018
59 0.000000 0.020305 0.000016
60 0.000000 0.020485 0.000014
61 0.000000 0.018321 0.000028
62 0.000000 0.017254 0.000035
63 0.000000 0.016296 0.000044
64 0.000000 0.017211 0.000037
65 0.000000 0.021502 0.000002
66 0.000000 0.024397 -0.000018
67 0.000000 0.025861 -0.000029
68 0.000000 0.027029 -0.000039
69 0.000000 0.027714 -0.000045
70 0.000000 0.027319 -0.000051
71 0.000000 0.020124 -0.000023
72 0.000000 0.007265 0.000030
73 0.000000 -0.000553 0.000042
element 11
poly 0 1 2 3 4 5 6 7 8 9 10 11 12 13 14 15 16 17 18 19 20 21 22 23 24 25 26 27 28 29 30 31 32 33 34 35 36 37 38 39 40 41 42 43 44 45 46 47 48 49 50 51 52 53 54 55 56 57 58 59 60 61 62 63 64 65 66 67 68 69 70 71 72 73
exp
0 0.000000 0.027653 -0.000033
1 0.000000 0.044996 -0.000066
2 0.000000 0.049025 -0.000044
3 0.000000 0.042450 0.000029
4 0.000000 0.036394 0.000086
5 0.000000 0.038162 0.000078
6 0.000000 0.043332 0.000035
7 0.000000 0.054229 -0.000057
8 0.000000 0.060667 -0.000114
9 0.000000 0.057052 -0.000078
10 0.000000 0.058882 -0.000089
11 0.000000 0.062359 -0.000114
12 0.000000 0.062483 -0.000118
13 0.000000 0.059443 -0.000100
14 0.000000 0.057901 -0.000094
15 0.000000 0.057629 -0.000089
16 0.000000 0.056109 -0.000073
17 0.000000 0.060216 -0.000108
18 0.000000 0.059707 -0.000108
19 0.000000 0.050740 -0.000033
20 0.000000 0.038817 0.000075
21 0.000000 0.038288 0.000084
22 0.000000 0.047425 0.000005
23 0.000000 0.048709 -0.000008
24 0.000000 0.040401 0.000061
25 0.000000 0.041644 0.000050
26 0.000000 0.048078 -0.000004
27 0.000000 0.051094 -0.000028
28 0.000000 0.050783 -0.000029
29 0.000000 0.049464 -0.000019
30 0.000000 0.055179 -0.000066
31 0.000000 0.061527 -0.000119
32 0.000000 0.064348 -0.000146
33 0.000000 0.058564 -0.000094
34 0.000000 0.045597 0.000016
35 0.000000 0.037859 0.000084
36 0.000000 0.038728 0.000081
37 0.000000 0.041880 0.000051
38 0.000000 0.047806 -0.000000
39 0.000000 0.049831 -0.000015
40 0.000000 0.053878 -0.000051
41 0.000000 0.055375 -0.000069
42 0.000000 0.048328 -0.000018
43 0.000000 0.047102 -0.000007
44 0.000000 0.042373 0.000037
45 0.000000 0.035676 0.000096
46 0.000000 0.034038 0.000113
47 0.000000 0.043435 0.000036
48 0.000000 0.051564 -0.000032
49 0.000000 0.053835 -0.000051
50 0.000000 0.051663 -0.000038
51 0.000000 0.040724 0.000047
52 0.000000 0.043496 0.000018
53 0.000000 0.050856 -0.000039
54 0.000000 0.050331 -0.000028
55 0.000000 0.051854 -0.000039
56 0.000000 0.044837 0.000019
57 0.000000 0.039742 0.000065
58 0.000000 0.035362 0.000104
59 0.000000 0.035072 0.000105
60 0.000000 0.040130 0.000059
61 0.000000 0.042684 0.000038
62 0.000000 0.046420 0.000006
63 0.000000 0.050797 -0.000028
64 0.000000 0.053477 -0.000054
65 0.000000 0.049078 -0.000023
66 0.000000 0.044279 0.000020
67 0.000000 0.048960 -0.000013
68 0.000000 0.048970 -0.000014
69 0.000000 0.046674 0.000000
70 0.000000 0.035765 0.000065
71 0.000000 0.024262 0.000101
72 0.000000 0.010103 0.000112
73 0.000000 0.004071 0.000050
element 12
poly 0 1 2 3 4 5 6 7 8 9 10 11 12 13 14 15 16 17 18 19 20 21 22 23 24 25 26 27 28 29 30 31 32 33 34 35 36 37 38 39 40 41 42 43 44 45 46 47 48 49 50 51 52 53 54 55 56 57 58 59 60 61 62 63 64 65 66 67 68 69 70 71 72 73
exp
0 0.000000 0.030357 0.000108
1 0.000000 0.056918 0.000105
2 0.000000 0.079430 0.000031
3 0.000000 0.088851 -0.000009
4 0.000000 0.090719 -0.000016
5 0.000000 0.093034 -0.000029
6 0.000000 0.092777 -0.000027
7 0.000000 0.090799 -0.000013
8 0.000000 0.098226 -0.000075
9 0.000000 0.096079 -0.000049
10 0.000000 0.095976 -0.000047
11 0.000000 0.093741 -0.000030
12 0.000000 0.081513 0.000064
13 0.000000 0.075301 0.000113
14 0.000000 0.078097 0.000088
15 0.000000 0.092312 -0.000028
16 0.000000 0.099766 -0.000085
17 0.000000 0.093412 -0.000018
18 0.000000 0.095829 -0.000031
19 0.000000 0.106202 -0.000122
20 0.000000 0.105044 -0.000127
21 0.000000 0.099030 -0.000085
22 0.000000 0.097886 -0.000070
23 0.000000 0.097176 -0.000054
24 0.000000 0.095759 -0.000037
25 0.000000 0.094084 -0.000023
26 0.000000 0.093101 -0.000026
27 0.000000 0.103006 -0.000112
28 0.000000 0.108375 -0.000150
29 0.000000 0.100723 -0.000075
30 0.000000 0.094889 -0.000022
31 0.000000 0.096984 -0.000042
32 0.000000 0.100651 -0.000078
33 0.000000 0.106796 -0.000129
34 0.000000 0.105649 -0.000125
35 0.000000 0.099394 -0.000074
36 0.000000 0.092423 -0.000019
37 0.000000 0.093774 -0.000027
38 0.000000 0.095010 -0.000038
39 0.000000 0.102061 -0.000097
40 0.000000 0.108470 -0.000150
41 0.000000 0.103893 -0.000107
42 0.000000 0.100099 -0.000077
43 0.000000 0.095823 -0.000045
44 0.000000 0.086463 0.000032
45 0.000000 0.084659 0.000056
46 0.000000 0.088040 0.000027
47 0.000000 0.086652 0.000030
48 0.000000 0.080727 0.000076
49 0.000000 0.078951 0.000086
50 0.000000 0.078382 0.000081
51 0.000000 0.085231 0.000023
52 0.000000 0.086390 0.000019
53 0.000000 0.087929 0.000016
54 0.000000 0.093430 -0.000024
55 0.000000 0.091561 -0.000003
56 0.000000 0.090650 0.000005
57 0.000000 0.087883 0.000034
58 0.000000 0.092623 0.000005
59 0.000000 0.103870 -0.000087
60 0.000000 0.101727 -0.000076
61 0.000000 0.095244 -0.000024
62 0.000000 0.093049 -0.000021
63 0.000000 0.089406 0.000003
64 0.000000 0.079186 0.000082
65 0.000000 0.067392 0.000177
66 0.000000 0.074511 0.000116
67 0.000000 0.086525 0.000026
68 0.000000 0.092254 -0.000013
69 0.000000 0.097583 -0.000062
70 0.000000 0.088250 -0.000030
71 0.000000 0.070969 -0.000005
72 0.000000 0.050328 -0.000042
73 0.000000 0.027365 -0.000061
element 13
poly 0 1 2 3 4 5 6 7 8 9 10 11 12 13 14 15 16 17 18 19 20 21 22 23 24 25 26 27 28 29 30 31 32 33 34 35 36 37 38 39 40 41 42 43 44 45 46 47 48 49 50 51 52 53 54 55 56 57 58 59 60 61 62 63 64 65 66 67 68 69 70 71 72 73
exp
0 0.000000 0.022298 0.000017
1 0.000000 0.032466 0.000050
2 0.000000 0.041975 0.000036
3 0.000000 0.047686 0.000016
4 0.000000 0.053686 -0.000021
5 0.000000 0.055206 -0.000031
6 0.000000 0.059719 -0.000071
7 0.000000 0.062552 -0.000102
8 0.000000 0.057694 -0.000066
9 0.000000 0.057335 -0.000065
10 0.000000 0.056551 -0.000060
11 0.000000 0.047309 0.000015
12 0.000000 0.042812 0.000049
13 0.000000 0.047567 0.000010
14 0.000000 0.053052 -0.000036
15 0.000000 0.053887 -0.000039
16 0.000000 0.045679 0.000030
17 0.000000 0.042998 0.000053
18 0.000000 0.048773 0.000004
19 0.000000 0.051531 -0.000016
20 0.000000 0.057928 -0.000068
21 0.000000 0.061559 -0.000097
22 0.000000 0.057557 -0.000062
23 0.000000 0.054202 -0.000032
24 0.000000 0.049079 0.000012
25 0.000000 0.050658 -0.000002
26 0.000000 0.054314 -0.000036
27 0.000000 0.052066 -0.000018
28 0.000000 0.051191 -0.000011
29 0.000000 0.051333 -0.000016
30 0.000000 0.050315 -0.000009
31 0.000000 0.056821 -0.000059
32 0.000000 0.057736 -0.000066
33 0.000000 0.051651 -0.000014
34 0.000000 0.052291 -0.000011
35 0.000000 0.056239 -0.000042
36 0.000000 0.053062 -0.000016
37 0.000000 0.050827 0.000002
38 0.000000 0.050462 0.000002
39 0.000000 0.055502 -0.000047
40 0.000000 0.062024 -0.000108
41 0.000000 0.060320 -0.000089
42 0.000000 0.053619 -0.000027
43 0.000000 0.051385 -0.000006
44 0.000000 0.052778 -0.000017
45 0.000000 0.052704 -0.000019
46 0.000000 0.058912 -0.000075
47 0.000000 0.059527 -0.000080
48 0.000000 0.056304 -0.000053
49 0.000000 0.052776 -0.000022
50 0.000000 0.047673 0.000023
51 0.000000 0.047232 0.000029
52 0.000000 0.050215 0.000004
53 0.000000 0.054706 -0.000034
54 0.000000 0.062362 -0.000098
55 0.000000 0.060607 -0.000086
56 0.000000 0.051988 -0.000021
57 0.000000 0.051151 -0.000011
58 0.000000 0.052670 -0.000020
59 0.000000 0.049762 0.000002
60 0.000000 0.043366 0.000047
61 0.000000 0.044263 0.000037
62 0.000000 0.053871 -0.000038
63 0.000000 0.066374 -0.000134
64 0.000000 0.063614 -0.000107
65 0.000000 0.054704 -0.000034
66 0.000000 0.048488 0.000013
67 0.000000 0.046650 0.000027
68 0.000000 0.053456 -0.000028
69 0.000000 0.064988 -0.000124
70 0.000000 0.060599 -0.000113
71 0.000000 0.037725 0.000012
72 0.000000 0.005405 0.000162
73 0.000000 -0.011474 0.000186
element 14
poly 0 1 2 3 4 5 6 7 8 9 10 11 12 13 14 15 16 17 18 19 20 21 22 23 24 25 26 27 28 29 30 31 32 33 34 35 36 37 38 39 40 41 42 43 44 45 46 47 48 49 50 51 52 53 54 55 56 57 58 59 60 61 62 63 64 65 66 67 68 69 70 71 72 73
exp
0 0.000000 0.035171 -0.000158
1 0.000000 0.043116 -0.000150
2 0.000000 0.039939 -0.000083
3 0.000000 0.030884 0.000005
4 0.000000 0.025100 0.000054
5 0.000000 0.025759 0.000046
6 0.000000 0.033418 -0.000018
7 0.000000 0.041085 -0.000083
8 0.000000 0.038537 -0.000066
9 0.000000 0.039964 -0.000076
10 0.000000 0.044091 -0.000108
11 0.000000 0.046799 -0.000127
12 0.000000 0.043894 -0.000103
13 0.000000 0.030890 0.000004
14 0.000000 0.021884 0.000078
15 0.000000 0.028458 0.000026
16 0.000000 0.039074 -0.000061
17 0.000000 0.046183 -0.000119
18 0.000000 0.038878 -0.000059
19 0.000000 0.030435 0.000011
20 0.000000 0.031612 0.000001
21 0.000000 0.030472 0.000011
22 0.000000 0.037908 -0.000049
23 0.000000 0.038636 -0.000055
24 0.000000 0.032038 -0.000000
25 0.000000 0.029601 0.000023
26 0.000000 0.030265 0.000021
27 0.000000 0.029709 0.000028
28 0.000000 0.036067 -0.000028
29 0.000000 0.039556 -0.000064
30 0.000000 0.035334 -0.000032
31 0.000000 0.035053 -0.000030
32 0.000000 0.034239 -0.000023
33 0.000000 0.033249 -0.000018
34 0.000000 0.028165 0.000024
35 0.000000 0.025232 0.000056
36 0.000000 0.026476 0.000048
37 0.000000 0.020532 0.000095
38 0.000000 0.011426 0.000166
39 0.000000 0.012430 0.000161
40 0.000000 0.019745 0.000102
41 0.000000 0.026431 0.000048
42 0.000000 0.025454 0.000054
43 0.000000 0.014090 0.000150
44 0.000000 0.010050 0.000180
45 0.000000 0.019774 0.000095
46 0.000000 0.032499 -0.000013
47 0.000000 0.037285 -0.000050
48 0.000000 0.027291 0.000031
49 0.000000 0.027357 0.000027
50 0.000000 0.032899 -0.000017
51 0.000000 0.028883 0.000021
52 0.000000 0.019705 0.000099
53 0.000000 0.020437 0.000090
54 0.000000 0.031275 -0.000003
55 0.000000 0.036951 -0.000049
56 0.000000 0.044038 -0.000105
57 0.000000 0.047786 -0.000134
58 0.000000 0.042690 -0.000092
59 0.000000 0.033076 -0.000013
60 0.000000 0.023487 0.000065
61 0.000000 0.019459 0.000098
62 0.000000 0.019371 0.000101
63 0.000000 0.022256 0.000076
64 0.000000 0.033917 -0.000026
65 0.000000 0.040398 -0.000082
66 0.000000 0.033240 -0.000023
67 0.000000 0.026730 0.000034
68 0.000000 0.025239 0.000044
69 0.000000 0.024153 0.000053
70 0.000000 0.028108 0.000014
71 0.000000 0.025430 -0.000004
72 0.000000 0.022213 -0.000054
73 0.000000 0.017427 -0.000090
element 15
poly 0 1 2 3 4 5 6 7 8 9 10 11 12 13 14 15 16 17 18 19 20 21 22 23 24 25 26 27 28 29 30 31 32 33 34 35 36 37 38 39 40 41 42 43 44 45 46 47 48 49 50 51 52 53 54 55 56 57 58 59 60 61 62 63 64 65 66 67 68 69 70 71 72 73
exp
0 0.000000 0.017187 -0.000063
1 0.000000 0.016898 -0.000017
2 0.000000 0.012796 0.000037
3 0.000000 0.019972 -0.000015
4 0.000000 0.021301 -0.000025
5 0.000000 0.018898 -0.000008
6 0.000000 0.017112 -0.000004
7 0.000000 0.015920 -0.000006
8 0.000000 0.014672 -0.000007
9 0.000000 0.012855 -0.000000
10 0.000000 0.015859 -0.000038
11 0.000000 0.015211 -0.000041
12 0.000000 0.006551 0.000018
13 0.000000 0.001929 0.000048
14 0.000000 0.001669 0.000037
15 0.000000 -0.000783 0.000046
16 0.000000 -0.002892 0.000055
17 0.000000 -0.002559 0.000047
18 0.000000 -0.005436 0.000062
19 0.000000 -0.004481 0.000051
20 0.000000 -0.001120 0.000019
21 0.000000 0.000986 0.000003
22 0.000000 -0.001972 0.000025
23 0.000000 -0.002845 0.000033
24 0.000000 -0.001098 0.000017
25 0.000000 0.000565 0.000003
26 0.000000 0.001007 -0.000005
27 0.000000 0.001658 -0.000010
28 0.000000 -0.000003 0.000003
29 0.000000 0.005954 -0.000041
30 0.000000 0.004219 -0.000028
31 0.000000 0.002946 -0.000016
32 0.000000 0.007163 -0.000054
33 0.000000 0.003716 -0.000021
34 0.000000 -0.000996 0.000021
35 0.000000 0.001318 0.000008
36 0.000000 0.006942 -0.000045
37 0.000000 0.004676 -0.000028
38 0.000000 0.000210 0.000006
39 0.000000 0.000134 0.000008
40 0.000000 0.000311 0.000006
41 0.000000 0.002039 -0.000006
42 0.000000 0.004662 -0.000029
43 0.000000 0.006301 -0.000037
44 0.000000 0.005371 -0.000034
45 0.000000 0.002529 -0.000012
46 0.000000 0.003336 -0.000022
47 0.000000 0.008921 -0.000064
48 0.000000 0.013524 -0.000103
49 0.000000 0.012414 -0.000091
50 0.000000 0.008680 -0.000059
51 0.000000 0.007643 -0.000047
52 0.000000 0.007241 -0.000047
53 0.000000 0.004392 -0.000021
54 0.000000 0.002170 -0.000006
55 0.000000 -0.000086 0.000011
56 0.000000 0.000074 0.000004
57 0.000000 0.002798 -0.000015
58 0.000000 0.000379 0.000005
59 0.000000 -0.004907 0.000050
60 0.000000 -0.005576 0.000053
61 0.000000 -0.003181 0.000035
62 0.000000 -0.004465 0.000045
63 0.000000 -0.003182 0.000038
64 0.000000 -0.000698 0.000013
65 0.000000 -0.002709 0.000029
66 0.000000 -0.002358 0.000025
67 0.000000 0.002752 -0.000013
68 0.000000 0.000406 0.000007
69 0.000000 -0.005851 0.000060
70 0.000000 -0.004926 0.000041
71 0.000000 -0.004868 0.000017
72 0.000000 -0.011539 0.000026
73 0.000000 -0.018974 0.000046
element 16
poly 0 1 2 3 4 5 6 7 8 9 10 11 12 13 14 15 16 17 18 19 20 21 22 23 24 25 26 27 28 29 30 31 32 33 34 35 36 37 38 39 40 41 42 43 44 45 46 47 48 49 50 51 52 53 54 55 56 57 58 59 60 61 62 63 64 65 66 67 68 69 70 71 72 73
exp
0 0.000000 0.033194 0.000070
1 0.000000 0.068370 -0.000009
2 0.000000 0.092202 -0.000108
3 0.000000 0.088618 -0.000037
4 0.000000 0.080871 0.000038
5 0.000000 0.074077 0.000083
6 0.000000 0.080144 0.000006
7 0.000000 0.074795 0.000012
8 0.000000 0.068656 0.000010
9 0.000000 0.063293 0.000006
10 0.000000 0.054350 0.000029
11 0.000000 0.047994 0.000031
12 0.000000 0.037633 0.000053
13 0.000000 0.038383 -0.000001
14 0.000000 0.042049 -0.000087
15 0.000000 0.039961 -0.000121
16 0.000000 0.020810 -0.000010
17 0.000000 0.003854 0.000092
18 0.000000 -0.001590 0.000092
19 0.000000 -0.004069 0.000093
20 0.000000 -0.002481 0.000064
21 0.000000 -0.003885 0.000082
22 0.000000 -0.001183 0.000064
23 0.000000 0.008539 -0.000000
24 0.000000 0.003209 0.000043
25 0.000000 0.004740 0.000029
26 0.000000 0.013412 -0.000066
27 0.000000 0.010159 -0.000048
28 0.000000 0.000833 0.000027
29 0.000000 -0.001912 0.000058
30 0.000000 0.000940 0.000025
31 0.000000 0.000210 0.000028
32 0.000000 0.001365 0.000006
33 0.000000 -0.000726 0.000030
34 0.000000 -0.003875 0.000049
35 0.000000 0.001169 0.000020
36 0.000000 0.004771 -0.000008
37 0.000000 0.014069 -0.000081
38 0.000000 0.017576 -0.000115
39 0.000000 0.012073 -0.000056
40 0.000000 0.008799 -0.000025
41 0.000000 0.008162 -0.000001
42 0.000000 -0.001636 0.000083
43 0.000000 0.004176 0.000034
44 0.000000 0.011377 -0.000045
45 0.000000 0.012192 -0.000048
46 0.000000 0.014401 -0.000069
47 0.000000 0.014638 -0.000072
48 0.000000 0.009659 -0.000044
49 0.000000 0.005752 -0.000007
50 0.000000 -0.004139 0.000072
51 0.000000 0.003177 0.000023
52 0.000000 0.024545 -0.000164
53 0.000000 0.026991 -0.000186
54 0.000000 0.012571 -0.000081
55 0.000000 0.013545 -0.000091
56 0.000000 0.012898 -0.000092
57 0.000000 -0.002607 0.000050
58 0.000000 -0.003924 0.000064
59 0.000000 0.013338 -0.000072
60 0.000000 0.014713 -0.000090
61 0.000000 0.010864 -0.000056
62 0.000000 0.002498 0.000010
63 0.000000 -0.011038 0.000132
64 0.000000 -0.012316 0.000138
65 0.000000 -0.000627 0.000052
66 0.000000 0.008246 -0.000032
67 0.000000 0.015838 -0.000093
68 0.000000 0.017339 -0.000106
69 0.000000 0.014260 -0.000071
70 0.000000 0.005814 -0.000026
71 0.000000 -0.006744 -0.000016
72 0.000000 -0.035630 -0.000000
73 0.000000 -0.062587 0.000006
element 17
poly 0 1 2 3 4 5 6 7 8 9 10 11 12 13 14 15 16 17 18 19 20 21 22 23 24 25 26 27 28 29 30 31 32 33 34 35 36 37 38 39 40 41 42 43 44 45 46 47 48 49 50 51 52 53 54 55 56 57 58 59 60 61 62 63 64 65 66 67 68 69 70 71 72 73
exp
0 0.000000 0.039474 0.000093
1 0.000000 0.078009 0.000042
2 0.000000 0.099687 -0.000025
3 0.000000 0.109814 -0.000079
4 0.000000 0.099271 -0.000014
5 0.000000 0.093998 0.000002
6 0.000000 0.095043 -0.000046
7 0.000000 0.089962 -0.000059
8 0.000000 0.076306 -0.000005
9 0.000000 0.072282 -0.000013
10 0.000000 0.066418 -0.000028
11 0.000000 0.059286 -0.000010
12 0.000000 0.053943 -0.000028
13 0.000000 0.041927 0.000026
14 0.000000 0.022106 0.000116
15 0.000000 0.016916 0.000113
16 0.000000 0.021344 0.000006
17 0.000000 0.024968 -0.000072
18 0.000000 0.025082 -0.000129
19 0.000000 0.015674 -0.000064
20 0.000000 -0.002644 0.000068
21 0.000000 -0.000705 0.000057
22 0.000000 -0.005894 0.000104
23 0.000000 0.000028 0.000075
24 0.000000 -0.009972 0.000148
25 0.000000 -0.000447 0.000057
26 0.000000 0.011063 -0.000075
27 0.000000 -0.000493 0.000032
28 0.000000 -0.016990 0.000161
29 0.000000 -0.014683 0.000162
30 0.000000 -0.007194 0.000085
31 0.000000 -0.006650 0.000098
32 0.000000 0.003602 0.000003
33 0.000000 0.019018 -0.000109
34 0.000000 0.006976 -0.000005
35 0.000000 0.000297 0.000076
36 0.000000 0.020798 -0.000120
37 0.000000 0.018819 -0.000110
38 0.000000 0.004008 -0.000001
39 0.000000 -0.001292 0.000072
40 0.000000 0.004470 0.000014
41 0.000000 0.005993 0.000018
42 0.000000 -0.000586 0.000059
43 0.000000 0.014487 -0.000067
44 0.000000 0.019404 -0.000128
45 0.000000 0.013388 -0.000063
46 0.000000 0.006481 -0.000020
47 0.000000 0.002489 0.000037
48 0.000000 -0.000014 0.000056
49 0.000000 0.002088 0.000058
50 0.000000 -0.000071 0.000064
51 0.000000 0.008148 -0.000000
52 0.000000 0.008318 -0.000028
53 0.000000 0.010641 -0.000043
54 0.000000 0.008795 -0.000040
55 0.000000 0.005183 0.000005
56 0.000000 0.007205 -0.000028
57 0.000000 -0.004163 0.000093
58 0.000000 -0.010799 0.000145
59 0.000000 0.000238 0.000068
60 0.000000 0.006468 0.000001
61 0.000000 0.009347 -0.000014
62 0.000000 -0.003005 0.000075
63 0.000000 -0.008167 0.000123
64 0.000000 -0.005447 0.000071
65 0.000000 -0.001387 0.000049
66 0.000000 -0.000030 0.000028
67 0.000000 0.005671 -0.000008
68 0.000000 0.010125 -0.000056
69 0.000000 0.011870 -0.000053
70 0.000000 -0.000114 0.000004
71 0.000000 -0.027945 0.000123
72 0.000000 -0.067265 0.000179
73 0.000000 -0.081743 0.000052
element 18
poly 0 1 2 3 4 5 6 7 8 9 10 11 12 13 14 15 16 17 18 19 20 21 22 23 24 25 26 27 28 29 30 31 32 33 34 35 36 37 38 39 40 41 42 43 44 45 46 47 48 49 50 51 52 53 54 55 56 57 58 59 60 61 62 63 64 65 66 67 68 69 70 71 72 73
exp
0 0.000000 0.071338 -0.000081
1 0.000000 0.112122 -0.000087
2 0.000000 0.127186 -0.000066
3 0.000000 0.128894 -0.000041
4 0.000000 0.128895 -0.000058
5 0.000000 0.124950 -0.000044
6 0.000000 0.121778 -0.000061
7 0.000000 0.121391 -0.000117
8 0.000000 0.103661 -0.000034
9 0.000000 0.082894 0.000096
10 0.000000 0.081284 0.000026
11 0.000000 0.086893 -0.000096
12 0.000000 0.075936 -0.000105
13 0.000000 0.061184 -0.000061
14 0.000000 0.046382 -0.000032
15 0.000000 0.035826 -0.000007
16 0.000000 0.032871 -0.000077
17 0.000000 0.030311 -0.000121
18 0.000000 0.021668 -0.000110
19 0.000000 0.015122 -0.000054
20 0.000000 0.023515 -0.000145
21 0.000000 0.013717 -0.000044
22 0.000000 0.009561 -0.000025
23 0.000000 0.014840 -0.000055
24 0.000000 0.008266 -0.000005
25 0.000000 0.014706 -0.000043
26 0.000000 0.004819 0.000011
27 0.000000 -0.013980 0.000187
28 0.000000 -0.003804 0.000088
29 0.000000 0.016914 -0.000070
30 0.000000 0.000847 0.000055
31 0.000000 -0.007665 0.000141
32 0.000000 0.006950 -0.000001
33 0.000000 0.017066 -0.000078
34 0.000000 0.004621 0.000002
35 0.000000 0.007587 0.000003
36 0.000000 0.014285 -0.000059
37 0.000000 0.019341 -0.000088
38 0.000000 0.018110 -0.000111
39 0.000000 0.024669 -0.000151
40 0.000000 0.020467 -0.000126
41 0.000000 0.018602 -0.000093
42 0.000000 0.009144 -0.000028
43 0.000000 0.002192 0.000045
44 0.000000 -0.009629 0.000116
45 0.000000 -0.013729 0.000162
46 0.000000 -0.000954 0.000050
47 0.000000 0.017522 -0.000072
48 0.000000 0.019597 -0.000110
49 0.000000 0.020230 -0.000097
50 0.000000 0.010947 -0.000028
51 0.000000 -0.000179 0.000081
52 0.000000 -0.004729 0.000107
53 0.000000 0.007974 0.000015
54 0.000000 0.016387 -0.000085
55 0.000000 0.016156 -0.000065
56 0.000000 0.010216 -0.000032
57 0.000000 0.003259 0.000043
58 0.000000 0.012905 -0.000049
59 0.000000 0.027111 -0.000159
60 0.000000 0.019747 -0.000123
61 0.000000 0.012420 -0.000044
62 0.000000 0.016161 -0.000077
63 0.000000 0.011832 -0.000013
64 0.000000 0.001226 0.000041
65 0.000000 -0.005344 0.000096
66 0.000000 -0.007586 0.000101
67 0.000000 0.001258 0.000045
68 0.000000 -0.000222 0.000031
69 0.000000 0.001793 0.000027
70 0.000000 -0.000929 0.000008
71 0.000000 -0.017181 0.000004
72 0.000000 -0.059806 0.000011
73 0.000000 -0.094194 -0.000010
element 19
poly 0 1 2 3 4 5 6 7 8 9 10 11 12 13 14 15 16 17 18 19 20 21 22 23 24 25 26 27 28 29 30 31 32 33 34 35 36 37 38 39 40 41 42 43 44 45 46 47 48 49 50 51 52 53 54 55 56 57 58 59 60 61 62 63 64 65 66 67 68 69 70 71 72 73
exp
0 0.000000 0.068595 0.000012
1 0.000000 0.105498 0.000082
2 0.000000 0.130557 0.000033
3 0.000000 0.141021 -0.000018
4 0.000000 0.136164 -0.000008
5 0.000000 0.132130 -0.000009
6 0.000000 0.125548 0.000005
7 0.000000 0.118356 0.000004
8 0.000000 0.106658 0.000002
9 0.000000 0.096461 0.000003
10 0.000000 0.076732 0.000057
11 0.000000 0.068978 0.000040
12 0.000000 0.066815 -0.000038
13 0.000000 0.065584 -0.000084
14 0.000000 0.052779 -0.000052
15 0.000000 0.030519 0.000069
16 0.000000 0.008745 0.000144
17 0.000000 0.009985 0.000055
18 0.000000 0.014517 -0.000065
19 0.000000 0.019158 -0.000120
20 0.000000 0.012943 -0.000078
21 0.000000 0.001540 0.000050
22 0.000000 -0.001583 0.000075
23 0.000000 0.020541 -0.000096
24 0.000000 0.016582 -0.000070
25 0.000000 -0.002535 0.000113
26 0.000000 -0.005664 0.000126
27 0.000000 0.010844 0.000004
28 0.000000 0.012153 -0.000039
29 0.000000 0.003803 0.000045
30 0.000000 -0.003800 0.000105
31 0.000000 0.009789 0.000020
32 0.000000 0.011580 -0.000012
33 0.000000 -0.003251 0.000128
34 0.000000 -0.008334 0.000154
35 0.000000 0.017210 -0.000046
36 0.000000 0.009008 -0.000001
37 0.000000 -0.006589 0.000132
38 0.000000 -0.005236 0.000080
39 0.000000 -0.005203 0.000085
40 0.000000 0.009203 -0.000053
41 0.000000 0.029710 -0.000189
42 0.000000 0.026505 -0.000170
43 0.000000 0.015566 -0.000057
44 0.000000 0.007061 -0.000012
45 0.000000 0.016440 -0.000082
46 0.000000 0.007674 -0.000011
47 0.000000 0.007281 0.000028
48 0.000000 0.004006 0.000050
49 0.000000 0.004914 0.000060
50 0.000000 0.009476 -0.000009
51 0.000000 0.007066 0.000029
52 0.000000 -0.005530 0.000116
53 0.000000 0.009084 -0.000002
54 0.000000 0.017372 -0.000107
55 0.000000 0.010458 -0.000030
56 0.000000 0.012376 -0.000054
57 0.000000 0.016040 -0.000056
58 0.000000 0.013806 -0.000052
59 0.000000 0.015208 -0.000048
60 0.000000 0.008927 -0.000014
61 0.000000 -0.005181 0.000124
62 0.000000 -0.011811 0.000170
63 0.000000 -0.001763 0.000098
64 0.000000 0.012594 -0.000062
65 0.000000 0.016945 -0.000089
66 0.000000 0.011783 -0.000056
67 0.000000 0.009977 -0.000013
68 0.000000 0.007689 -0.000006
69 0.000000 0.017815 -0.000071
70 0.000000 0.020251 -0.000149
71 0.000000 -0.000715 -0.000133
72 0.000000 -0.067230 0.000045
73 0.000000 -0.117001 0.000120
element 20
poly 0 1 2 3 4 5 6 7 8 9 10 11 12 13 14 15 16 17 18 19 20 21 22 23 24 25 26 27 28 29 30 31 32 33 34 35 36 37 38 39 40 41 42 43 44 45 46 47 48 49 50 51 52 53 54 55 56 57 58 59 60 61 62 63 64 65 66 67 68 69 70 71 72 73
exp
0 0.000000 0.042366 0.000166
1 0.000000 0.108921 -0.000050
2 0.000000 0.142448 -0.000174
3 0.000000 0.136482 -0.000079
4 0.000000 0.130084 -0.000055
5 0.000000 0.129556 -0.000076
6 0.000000 0.120725 -0.000046
7 0.000000 0.128819 -0.000187
8 0.000000 0.115813 -0.000150
9 0.000000 0.106812 -0.000122
10 0.000000 0.104523 -0.000186
11 0.000000 0.094448 -0.000164
12 0.000000 0.070866 -0.000049
13 0.000000 0.051375 0.000048
14 0.000000 0.036969 0.000078
15 0.000000 0.033685 0.000031
16 0.000000 0.019942 0.000036
17 0.000000 0.013706 0.000024
18 0.000000 0.016621 -0.000070
19 0.000000 0.020589 -0.000121
20 0.000000 0.002304 0.000010
21 0.000000 0.001998 0.000023
22 0.000000 0.012688 -0.000061
23 0.000000 0.020059 -0.000093
24 0.000000 0.006106 0.000023
25 0.000000 0.007524 0.000029
26 0.000000 0.005325 0.000030
27 0.000000 0.009992 0.000002
28 0.000000 0.000411 0.000057
29 0.000000 -0.010885 0.000167
30 0.000000 -0.008121 0.000124
31 0.000000 0.012678 -0.000046
32 0.000000 0.014811 -0.000086
33 0.000000 0.010005 -0.000020
34 0.000000 -0.005989 0.000105
35 0.000000 -0.003512 0.000118
36 0.000000 0.020984 -0.000101
37 0.000000 0.025150 -0.000119
38 0.000000 0.001778 0.000064
39 0.000000 0.011509 -0.000013
40 0.000000 0.011463 -0.000049
41 0.000000 0.000719 0.000053
42 0.000000 -0.002577 0.000073
43 0.000000 -0.001660 0.000084
44 0.000000 -0.008162 0.000113
45 0.000000 -0.000312 0.000062
46 0.000000 0.011684 -0.000043
47 0.000000 0.022786 -0.000114
48 0.000000 0.018138 -0.000101
49 0.000000 0.005692 0.000014
50 0.000000 -0.005758 0.000101
51 0.000000 -0.004277 0.000111
52 0.000000 0.001421 0.000041
53 0.000000 0.012525 -0.000029
54 0.000000 0.011022 -0.000021
55 0.000000 0.016702 -0.000043
56 0.000000 0.023070 -0.000129
57 0.000000 0.017074 -0.000082
58 0.000000 0.005753 0.000002
59 0.000000 0.001695 0.000063
60 0.000000 -0.003467 0.000091
61 0.000000 0.002785 0.000057
62 0.000000 0.007874 -0.000008
63 0.000000 0.021660 -0.000110
64 0.000000 0.016051 -0.000093
65 0.000000 0.010318 -0.000037
66 0.000000 0.004999 -0.000006
67 0.000000 -0.005794 0.000105
68 0.000000 -0.006802 0.000099
69 0.000000 -0.005883 0.000099
70 0.000000 -0.008959 0.000066
71 0.000000 -0.018560 0.000006
72 0.000000 -0.053215 -0.000051
73 0.000000 -0.099980 0.000025
element 21
poly 0 1 2 3 4 5 6 7 8 9 10 11 12 13 14 15 16 17 18 19 20 21 22 23 24 25 26 27 28 29 30 31 32 33 34 35 36 37 38 39 40 41 42 43 44 45 46 47 48 49 50 51 52 53 54 55 56 57 58 59 60 61 62 63 64 65 66 67 68 69 70 71 72 73
exp
0 0.000000 0.078405 -0.000041
1 0.000000 0.108532 0.000113
2 0.000000 0.130661 0.000104
3 0.000000 0.139472 0.000065
4 0.000000 0.147490 -0.000038
5 0.000000 0.150076 -0.000089
6 0.000000 0.119792 0.000118
7 0.000000 0.105961 0.000155
8 0.000000 0.097922 0.000137
9 0.000000 0.103691 0.000044
10 0.000000 0.093855 0.000030
11 0.000000 0.086465 0.000001
12 0.000000 0.073472 -0.000002
13 0.000000 0.060858 0.000039
14 0.000000 0.040766 0.000100
15 0.000000 0.028921 0.000103
16 0.000000 0.027408 0.000002
17 0.000000 0.030585 -0.000085
18 0.000000 0.025191 -0.000109
19 0.000000 0.025222 -0.000124
20 0.000000 0.016486 -0.000082
21 0.000000 0.001573 0.000066
22 0.000000 0.005112 0.000041
23 0.000000 0.023359 -0.000092
24 0.000000 0.008593 0.000009
25 0.000000 -0.004844 0.000126
26 0.000000 -0.002396 0.000071
27 0.000000 0.012895 -0.000044
28 0.000000 0.023209 -0.000145
29 0.000000 0.011672 -0.000021
30 0.000000 0.003552 0.000033
31 0.000000 0.008117 0.000031
32 0.000000 0.001725 0.000086
33 0.000000 0.016310 -0.000008
34 0.000000 0.023168 -0.000091
35 0.000000 0.013245 0.000006
36 0.000000 0.007152 0.000027
37 0.000000 0.011226 -0.000004
38 0.000000 0.007222 -0.000011
39 0.000000 0.009422 -0.000020
40 0.000000 0.004339 -0.000006
41 0.000000 0.001138 0.000044
42 0.000000 0.012165 -0.000056
43 0.000000 0.007649 0.000016
44 0.000000 -0.002560 0.000084
45 0.000000 0.011891 -0.000021
46 0.000000 0.015494 -0.000065
47 0.000000 0.018104 -0.000079
48 0.000000 0.017397 -0.000112
49 0.000000 0.013264 -0.000047
50 0.000000 0.000156 0.000062
51 0.000000 0.010518 -0.000003
52 0.000000 0.016045 -0.000079
53 0.000000 0.017695 -0.000078
54 0.000000 0.019092 -0.000118
55 0.000000 0.031385 -0.000211
56 0.000000 0.023484 -0.000155
57 0.000000 0.007693 0.000017
58 0.000000 0.000187 0.000056
59 0.000000 0.005108 0.000032
60 0.000000 0.008779 -0.000020
61 0.000000 0.001926 0.000056
62 0.000000 -0.001718 0.000070
63 0.000000 -0.001659 0.000091
64 0.000000 -0.005317 0.000103
65 0.000000 0.010362 -0.000015
66 0.000000 0.017003 -0.000083
67 0.000000 0.020406 -0.000088
68 0.000000 0.021513 -0.000119
69 0.000000 0.020460 -0.000083
70 0.000000 0.019204 -0.000120
71 0.000000 -0.003191 -0.000091
72 0.000000 -0.070620 0.000060
73 0.000000 -0.123468 0.000121
element 22
poly 0 1 2 3 4 5 6 7 8 9 10 11 12 13 14 15 16 17 18 19 20 21 22 23 24 25 26 27 28 29 30 31 32 33 34 35 36 37 38 39 40 41 42 43 44 45 46 47 48 49 50 51 52 53 54 55 56 57 58 59 60 61 62 63 64 65 66 67 68 69 70 71 72 73
exp
0 0.000000 0.084333 -0.000059
1 0.000000 0.140851 -0.000121
2 0.000000 0.155564 -0.000069
3 0.000000 0.146180 0.000059
4 0.000000 0.135130 0.000128
5 0.000000 0.138486 0.000075
6 0.000000 0.139515 0.000026
7 0.000000 0.143346 -0.000065
8 0.000000 0.138964 -0.000115
9 0.000000 0.121193 -0.000038
10 0.000000 0.111067 -0.000072
11 0.000000 0.110342 -0.000153
12 0.000000 0.097407 -0.000164
13 0.000000 0.082266 -0.000121
14 0.000000 0.062752 -0.000062
15 0.000000 0.053534 -0.000064
16 0.000000 0.039095 -0.000064
17 0.000000 0.036495 -0.000126
18 0.000000 0.029479 -0.000149
19 0.000000 0.015414 -0.000040
20 0.000000 -0.003169 0.000106
21 0.000000 -0.004254 0.000132
22 0.000000 0.013174 -0.000051
23 0.000000 0.019601 -0.000089
24 0.000000 0.001570 0.000055
25 0.000000 0.001210 0.000084
26 0.000000 0.010382 -0.000024
27 0.000000 0.014862 -0.000042
28 0.000000 0.010104 -0.000027
29 0.000000 0.010319 -0.000016
30 0.000000 0.016104 -0.000078
31 0.000000 0.026993 -0.000135
32 0.000000 0.024153 -0.000121
33 0.000000 0.020108 -0.000061
34 0.000000 0.001830 0.000087
35 0.000000 -0.001710 0.000139
36 0.000000 -0.001184 0.000106
37 0.000000 0.006599 0.000048
38 0.000000 0.011932 -0.000030
39 0.000000 0.018339 -0.000059
40 0.000000 0.016562 -0.000062
41 0.000000 0.019800 -0.000078
42 0.000000 0.004177 0.000014
43 0.000000 0.007148 0.000005
44 0.000000 0.003857 0.000018
45 0.000000 -0.005777 0.000125
46 0.000000 -0.006574 0.000114
47 0.000000 0.007839 0.000008
48 0.000000 0.014480 -0.000068
49 0.000000 0.016500 -0.000057
50 0.000000 0.012131 -0.000051
51 0.000000 -0.003224 0.000097
52 0.000000 -0.004578 0.000106
53 0.000000 0.014356 -0.000019
54 0.000000 0.011460 -0.000020
55 0.000000 0.017637 -0.000062
56 0.000000 0.006471 0.000020
57 0.000000 0.002193 0.000091
58 0.000000 0.002525 0.000058
59 0.000000 0.000291 0.000092
60 0.000000 0.003620 0.000043
61 0.000000 0.008890 0.000015
62 0.000000 0.007902 -0.000004
63 0.000000 0.015815 -0.000055
64 0.000000 0.015793 -0.000085
65 0.000000 0.009470 -0.000013
66 0.000000 -0.000754 0.000050
67 0.000000 0.009616 -0.000007
68 0.000000 0.009956 -0.000026
69 0.000000 0.007840 0.000011
70 0.000000 -0.004486 0.000067
71 0.000000 -0.033268 0.000148
72 0.000000 -0.085372 0.000141
73 0.000000 -0.127500 0.000085
element 23
poly 0 1 2 3 4 5 6 7 8 9 10 11 12 13 14 15 16 17 18 19 20 21 22 23 24 25 26 27 28 29 30 31 32 33 34 35 36 37 38 39 40 41 42 43 44 45 46 47 48 49 50 51 52 53 54 55 56 57 58 59 60 61 62 63 64 65 66 67 68 69 70 71 72 73
exp
0 0.000000 0.068195 0.000089
1 0.000000 0.118568 0.000085
2 0.000000 0.149797 -0.000003
3 0.000000 0.154856 -0.000003
4 0.000000 0.150118 -0.000001
5 0.000000 0.151212 -0.000043
6 0.000000 0.143669 -0.000025
7 0.000000 0.132278 0.000004
8 0.000000 0.128553 -0.000050
9 0.000000 0.118656 -0.000029
10 0.000000 0.104978 -0.000033
11 0.000000 0.098962 -0.000077
12 0.000000 0.067712 0.000084
13 0.000000 0.052333 0.000134
14 0.000000 0.044530 0.000078
15 0.000000 0.052666 -0.000065
16 0.000000 0.045036 -0.000098
17 0.000000 0.025374 0.000015
18 0.000000 0.021390 -0.000020
19 0.000000 0.033486 -0.000150
20 0.000000 0.023353 -0.000128
21 0.000000 0.013737 -0.000055
22 0.000000 0.012880 -0.000040
23 0.000000 0.018657 -0.000046
24 0.000000 0.016060 -0.000032
25 0.000000 0.014675 -0.000011
26 0.000000 0.009834 -0.000019
27 0.000000 0.023045 -0.000113
28 0.000000 0.026218 -0.000149
29 0.000000 0.015367 -0.000024
30 0.000000 0.005884 0.000044
31 0.000000 0.012688 0.000001
32 0.000000 0.017058 -0.000080
33 0.000000 0.027102 -0.000148
34 0.000000 0.022639 -0.000122
35 0.000000 0.014764 -0.000030
36 0.000000 0.006768 0.000022
37 0.000000 0.009458 0.000023
38 0.000000 0.011039 -0.000023
39 0.000000 0.021592 -0.000101
40 0.000000 0.029670 -0.000184
41 0.000000 0.022297 -0.000081
42 0.000000 0.016284 -0.000058
43 0.000000 0.016566 -0.000055
44 0.000000 0.001619 0.000045
45 0.000000 0.002363 0.000060
46 0.000000 0.005751 0.000008
47 0.000000 0.005547 0.000025
48 0.000000 -0.000637 0.000052
49 0.000000 -0.001606 0.000077
50 0.000000 -0.005478 0.000084
51 0.000000 0.004359 0.000018
52 0.000000 0.003566 0.000015
53 0.000000 0.005924 0.000025
54 0.000000 0.015622 -0.000071
55 0.000000 0.016812 -0.000048
56 0.000000 0.009657 -0.000005
57 0.000000 0.008915 0.000033
58 0.000000 0.013781 -0.000015
59 0.000000 0.029656 -0.000126
60 0.000000 0.017045 -0.000041
61 0.000000 0.009421 0.000041
62 0.000000 0.009383 0.000001
63 0.000000 0.010433 -0.000005
64 0.000000 -0.004738 0.000098
65 0.000000 -0.013047 0.000184
66 0.000000 -0.006107 0.000103
67 0.000000 0.009939 0.000003
68 0.000000 0.009742 -0.000007
69 0.000000 0.018276 -0.000072
70 0.000000 0.000789 -0.000009
71 0.000000 -0.026166 0.000024
72 0.000000 -0.069531 -0.000050
73 0.000000 -0.113831 -0.000069
element 24
poly 0 1 2 3 4 5 6 7 8 9 10 11 12 13 14 15 16 17 18 19 20 21 22 23 24 25 26 27 28 29 30 31 32 33 34 35 36 37 38 39 40 41 42 43 44 45 46 47 48 49 50 51 52 53 54 55 56 57 58 59 60 61 62 63 64 65 66 67 68 69 70 71 72 73
exp
0 0.000000 0.080434 0.000008
1 0.000000 0.124863 0.000067
2 0.000000 0.151084 0.000033
3 0.000000 0.161909 -0.000002
4 0.000000 0.166731 -0.000068
5 0.000000 0.164533 -0.000085
6 0.000000 0.159640 -0.000090
7 0.000000 0.155443 -0.000122
8 0.000000 0.130949 -0.000014
9 0.000000 0.121393 -0.000014
10 0.000000 0.111106 -0.000056
11 0.000000 0.089075 0.000036
12 0.000000 0.069766 0.000080
13 0.000000 0.068371 0.000003
14 0.000000 0.061945 -0.000057
15 0.000000 0.053693 -0.000065
16 0.000000 0.027075 0.000048
17 0.000000 0.014417 0.000091
18 0.000000 0.017150 -0.000018
19 0.000000 0.017275 -0.000048
20 0.000000 0.020033 -0.000107
21 0.000000 0.026142 -0.000136
22 0.000000 0.016795 -0.000050
23 0.000000 0.018411 -0.000023
24 0.000000 0.010339 0.000043
25 0.000000 0.013828 0.000025
26 0.000000 0.018755 -0.000058
27 0.000000 0.014757 -0.000013
28 0.000000 0.011852 -0.000020
29 0.000000 0.015816 -0.000043
30 0.000000 0.008027 0.000002
31 0.000000 0.020226 -0.000077
32 0.000000 0.020489 -0.000092
33 0.000000 0.010018 0.000030
34 0.000000 0.013652 -0.000020
35 0.000000 0.024679 -0.000098
36 0.000000 0.012175 -0.000016
37 0.000000 0.009577 0.000028
38 0.000000 0.008851 -0.000000
39 0.000000 0.014417 -0.000030
40 0.000000 0.020977 -0.000107
41 0.000000 0.022010 -0.000098
42 0.000000 0.010865 -0.000031
43 0.000000 0.012390 -0.000032
44 0.000000 0.011262 -0.000044
45 0.000000 0.011081 -0.000009
46 0.000000 0.014390 -0.000056
47 0.000000 0.020460 -0.000092
48 0.000000 0.012084 -0.000053
49 0.000000 0.013057 -0.000030
50 0.000000 0.002042 0.000054
51 0.000000 0.007833 0.000027
52 0.000000 0.009601 -0.000010
53 0.000000 0.013874 -0.000023
54 0.000000 0.020497 -0.000100
55 0.000000 0.022159 -0.000086
56 0.000000 0.003769 0.000044
57 0.000000 0.008976 0.000007
58 0.000000 0.010784 -0.000038
59 0.000000 0.009612 -0.000008
60 0.000000 -0.000249 0.000052
61 0.000000 0.001765 0.000062
62 0.000000 0.011830 -0.000037
63 0.000000 0.029601 -0.000156
64 0.000000 0.024351 -0.000127
65 0.000000 0.012795 -0.000009
66 0.000000 0.005579 0.000021
67 0.000000 0.002539 0.000074
68 0.000000 0.010288 -0.000006
69 0.000000 0.028749 -0.000139
70 0.000000 0.019192 -0.000126
71 0.000000 -0.022659 0.000042
72 0.000000 -0.098212 0.000216
73 0.000000 -0.150722 0.000226
element 25
poly 0 1 2 3 4 5 6 7 8 9 10 11 12 13 14 15 16 17 18 19 20 21 22 23 24 25 26 27 28 29 30 31 32 33 34 35 36 37 38 39 40 41 42 43 44 45 46 47 48 49 50 51 52 53 54 55 56 57 58 59 60 61 62 63 64 65 66 67 68 69 70 71 72 73
exp
0 0.000000 0.057461 -0.000041
1 0.000000 0.131433 -0.000066
2 0.000000 0.134220 -0.000003
3 0.000000 0.128111 -0.000006
4 0.000000 0.101535 0.000045
5 0.000000 0.100271 0.000041
6 0.000000 0.094330 -0.000005
7 0.000000 0.095767 -0.000064
8 0.000000 0.071851 -0.000007
9 0.000000 0.071351 0.000015
10 0.000000 0.058984 -0.000013
11 0.000000 0.067584 -0.000050
12 0.000000 0.050733 -0.000055
13 0.000000 0.043612 0.000021
14 0.000000 0.020353 0.000069
15 0.000000 0.027819 0.000031
16 0.000000 0.018524 -0.000049
17 0.000000 0.022937 -0.000071
18 0.000000 -0.002535 0.000002
19 0.000000 0.002976 0.000028
20 0.000000 -0.005079 0.000011
21 0.000000 0.006842 0.000029
22 0.000000 0.004104 -0.000019
23 0.000000 0.023655 -0.000059
24 0.000000 0.001652 0.000027
25 0.000000 0.015197 -0.000006
26 0.000000 -0.000861 0.000012
27 0.000000 0.011389 0.000020
28 0.000000 0.000232 -0.000020
29 0.000000 0.014943 -0.000052
30 0.000000 -0.004026 0.000009
31 0.000000 0.010881 0.000012
32 0.000000 0.001335 -0.000017
33 0.000000 0.015645 -0.000022
34 0.000000 -0.002319 0.000026
35 0.000000 0.010149 0.000037
36 0.000000 0.003645 -0.000028
37 0.000000 0.013065 0.000001
38 0.000000 -0.008034 0.000065
39 0.000000 0.005965 0.000058
40 0.000000 -0.002559 0.000010
41 0.000000 0.015262 -0.000029
42 0.000000 0.002943 -0.000027
43 0.000000 0.010000 0.000035
44 0.000000 -0.008899 0.000072
45 0.000000 0.006488 0.000044
46 0.000000 0.003854 -0.000050
47 0.000000 0.019651 -0.000070
48 0.000000 -0.004903 0.000026
49 0.000000 0.005073 0.000052
50 0.000000 0.003024 -0.000043
51 0.000000 0.015545 -0.000024
52 0.000000 -0.005015 0.000049
53 0.000000 0.007817 0.000056
54 0.000000 0.000726 -0.000008
55 0.000000 0.015175 -0.000019
56 0.000000 0.001939 -0.000018
57 0.000000 0.019104 -0.000052
58 0.000000 0.002569 -0.000023
59 0.000000 0.012826 0.000002
60 0.000000 -0.005106 0.000041
61 0.000000 0.010348 0.000023
62 0.000000 -0.002377 0.000020
63 0.000000 0.009467 0.000038
64 0.000000 0.001736 -0.000014
65 0.000000 0.018774 -0.000056
66 0.000000 -0.002735 0.000006
67 0.000000 0.008196 0.000020
68 0.000000 -0.005827 0.000025
69 0.000000 0.009009 0.000025
70 0.000000 0.017754 0.000006
71 0.000000 0.026498 -0.000021
72 0.000000 -0.052344 -0.000002
73 0.000000 -0.105697 -0.000037
element 26
poly 0 1 2 3 4 5 6 7 8 9 10 11 12 13 14 15 16 17 18 19 20 21 22 23 24 25 26 27 28 29 30 31 32 33 34 35 36 37 38 39 40 41 42 43 44 45 46 47 48 49 50 51 52 53 54 55 56 57 58 59 60 61 62 63 64 65 66 67 68 69 70 71 72 73
exp
0 0.000000 0.069575 -0.000064
1 0.000000 0.146695 -0.000001
2 0.000000 0.147611 0.000074
3 0.000000 0.148814 -0.000010
4 0.000000 0.130300 -0.000034
5 0.000000 0.126900 0.000010
6 0.000000 0.112560 0.000014
7 0.000000 0.108465 -0.000024
8 0.000000 0.084847 -0.000008
9 0.000000 0.081541 0.000044
10 0.000000 0.071477 -0.000029
11 0.000000 0.079413 -0.000058
12 0.000000 0.049473 0.000027
13 0.000000 0.050913 0.000032
14 0.000000 0.031492 0.000008
15 0.000000 0.030803 0.000039
16 0.000000 0.011217 0.000023
17 0.000000 0.018559 -0.000013
18 0.000000 -0.004916 0.000023
19 0.000000 0.004081 0.000038
20 0.000000 -0.001919 -0.000014
21 0.000000 0.015128 -0.000023
22 0.000000 -0.001633 0.000022
23 0.000000 0.014716 0.000017
24 0.000000 0.000665 0.000017
25 0.000000 0.015353 0.000001
26 0.000000 0.001149 -0.000028
27 0.000000 0.010850 0.000024
28 0.000000 -0.005951 0.000035
29 0.000000 0.021488 -0.000072
30 0.000000 -0.000543 -0.000015
31 0.000000 0.009753 0.000039
32 0.000000 0.004634 -0.000058
33 0.000000 0.017408 -0.000030
34 0.000000 -0.005259 0.000051
35 0.000000 0.015452 0.000020
36 0.000000 0.006844 -0.000058
37 0.000000 0.017269 -0.000024
38 0.000000 -0.003172 0.000022
39 0.000000 0.014204 0.000013
40 0.000000 -0.001008 0.000003
41 0.000000 0.013145 0.000013
42 0.000000 0.000180 -0.000009
43 0.000000 0.020608 -0.000049
44 0.000000 0.003412 -0.000044
45 0.000000 0.011308 0.000022
46 0.000000 -0.004699 0.000037
47 0.000000 0.017829 -0.000007
48 0.000000 0.008826 -0.000070
49 0.000000 0.021288 -0.000049
50 0.000000 0.000658 -0.000002
51 0.000000 0.017737 -0.000008
52 0.000000 0.003520 -0.000026
53 0.000000 0.016450 -0.000009
54 0.000000 0.001502 -0.000017
55 0.000000 0.011899 0.000035
56 0.000000 -0.004940 0.000037
57 0.000000 0.018052 -0.000034
58 0.000000 0.002593 -0.000026
59 0.000000 0.010425 0.000054
60 0.000000 -0.003304 0.000017
61 0.000000 0.013813 -0.000013
62 0.000000 -0.006310 0.000033
63 0.000000 0.012574 0.000017
64 0.000000 0.003342 -0.000039
65 0.000000 0.010839 0.000029
66 0.000000 -0.007514 0.000045
67 0.000000 0.017106 -0.000033
68 0.000000 0.002054 -0.000030
69 0.000000 0.011666 0.000044
70 0.000000 0.020189 0.000026
71 0.000000 0.030670 -0.000021
72 0.000000 -0.061071 -0.000010
73 0.000000 -0.131845 0.000015
element 27
poly 0 1 2 3 4 5 6 7 8 9 10 11 12 13 14 15 16 17 18 19 20 21 22 23 24 25 26 27 28 29 30 31 32 33 34 35 36 37 38 39 40 41 42 43 44 45 46 47 48 49 50 51 52 53 54 55 56 57 58 59 60 61 62 63 64 65 66 67 68 69 70 71 72 73
exp
0 0.000000 0.128142 0.000022
1 0.000000 0.306077 0.000025
2 0.000000 0.342032 -0.000112
3 0.000000 0.314296 -0.000017
4 0.000000 0.262607 0.000024
5 0.000000 0.257581 0.000086
6 0.000000 0.244008 -0.000021
7 0.000000 0.235851 -0.000052
8 0.000000 0.188157 0.000002
9 0.000000 0.192845 0.000015
10 0.000000 0.148596 0.000002
11 0.000000 0.156185 -0.000021
12 0.000000 0.104494 0.000073
13 0.000000 0.112037 0.000069
14 0.000000 0.078486 -0.000066
15 0.000000 0.087050 -0.000105
16 0.000000 0.032043 -0.000017
17 0.000000 0.030566 0.000068
18 0.000000 -0.009353 0.000055
19 0.000000 0.013744 0.000032
20 0.000000 -0.011464 -0.000017
21 0.000000 0.013678 0.000037
22 0.000000 -0.004209 0.000026
23 0.000000 0.043277 -0.000036
24 0.000000 0.009821 0.000014
25 0.000000 0.031796 0.000049
26 0.000000 0.006237 -0.000087
27 0.000000 0.030220 -0.000034
28 0.000000 -0.008371 0.000017
29 0.000000 0.024007 0.000047
30 0.000000 -0.002546 0.000005
31 0.000000 0.030320 0.000015
32 0.000000 -0.003746 -0.000002
33 0.000000 0.025424 0.000020
34 0.000000 -0.009811 0.000055
35 0.000000 0.030813 0.000015
36 0.000000 -0.004900 0.000016
37 0.000000 0.035655 -0.000064
38 0.000000 0.004155 -0.000073
39 0.000000 0.034033 -0.000017
40 0.000000 0.001391 0.000012
41 0.000000 0.040823 -0.000018
42 0.000000 -0.002163 0.000065
43 0.000000 0.034988 0.000029
44 0.000000 0.002764 -0.000006
45 0.000000 0.034415 -0.000017
46 0.000000 0.002717 -0.000057
47 0.000000 0.033823 -0.000049
48 0.000000 -0.002418 -0.000014
49 0.000000 0.033673 -0.000021
50 0.000000 -0.011572 0.000083
51 0.000000 0.022636 0.000085
52 0.000000 0.013121 -0.000121
53 0.000000 0.047308 -0.000131
54 0.000000 -0.007246 0.000046
55 0.000000 0.030577 -0.000008
56 0.000000 0.002823 -0.000070
57 0.000000 0.019667 0.000080
58 0.000000 -0.012653 0.000082
59 0.000000 0.038024 -0.000054
60 0.000000 0.003479 -0.000036
61 0.000000 0.037417 -0.000038
62 0.000000 0.000094 -0.000020
63 0.000000 0.019746 0.000093
64 0.000000 -0.014324 0.000104
65 0.000000 0.034338 -0.000019
66 0.000000 0.001675 -0.000029
67 0.000000 0.039603 -0.000069
68 0.000000 0.003440 -0.000034
69 0.000000 0.042018 -0.000044
70 0.000000 0.047079 0.000031
71 0.000000 0.062469 -0.000007
72 0.000000 -0.131621 -0.000005
73 0.000000 -0.277734 0.000004
element 28
poly 0 1 2 3 4 5 6 7 8 9 10 11 12 13 14 15 16 17 18 19 20 21 22 23 24 25 26 27 28 29 30 31 32 33 34 35 36 37 38 39 40 41 42 43 44 45 46 47 48 49 50 51 52 53 54 55 56 57 58 59 60 61 62 63 64 65 66 67 68 69 70 71 72 73
exp
0 0.000000 0.067757 0.000049
1 0.000000 0.112561 0.000019
2 0.000000 0.135774 -0.000013
3 0.000000 0.144838 -0.000043
4 0.000000 0.139920 -0.000022
5 0.000000 0.135532 -0.000015
6 0.000000 0.131130 -0.000038
7 0.000000 0.123179 -0.000043
8 0.000000 0.110548 -0.000024
9 0.000000 0.103222 -0.000028
10 0.000000 0.092782 -0.000028
11 0.000000 0.084076 -0.000019
12 0.000000 0.072925 -0.000012
13 0.000000 0.061069 0.000022
14 0.000000 0.044408 0.000064
15 0.000000 0.037185 0.000050
16 0.000000 0.032396 -0.000010
17 0.000000 0.029122 -0.000048
18 0.000000 0.022097 -0.000065
19 0.000000 0.016317 -0.000043
20 0.000000 0.004529 0.000022
21 0.000000 0.005175 0.000025
22 0.000000 0.001715 0.000051
23 0.000000 0.005554 0.000043
24 0.000000 0.001907 0.000057
25 0.000000 0.006441 0.000016
26 0.000000 0.006940 -0.000020
27 0.000000 0.001667 0.000042
28 0.000000 -0.006456 0.000097
29 0.000000 -0.004352 0.000095
30 0.000000 -0.002588 0.000066
31 0.000000 0.001382 0.000056
32 0.000000 0.006814 -0.000002
33 0.000000 0.013779 -0.000037
34 0.000000 0.009935 -0.000015
35 0.000000 0.009344 0.000011
36 0.000000 0.015854 -0.000068
37 0.000000 0.013708 -0.000034
38 0.000000 0.005811 0.000018
39 0.000000 0.007147 0.000025
40 0.000000 0.007854 0.000001
41 0.000000 0.009605 0.000006
42 0.000000 0.006321 0.000014
43 0.000000 0.014008 -0.000040
44 0.000000 0.014460 -0.000064
45 0.000000 0.012549 -0.000030
46 0.000000 0.007094 0.000001
47 0.000000 0.007589 0.000019
48 0.000000 0.005643 0.000027
49 0.000000 0.008706 0.000021
50 0.000000 0.006561 0.000022
51 0.000000 0.010938 -0.000001
52 0.000000 0.010005 -0.000015
53 0.000000 0.011495 -0.000017
54 0.000000 0.009912 -0.000028
55 0.000000 0.009080 -0.000008
56 0.000000 0.006764 -0.000001
57 0.000000 0.003521 0.000050
58 0.000000 0.000232 0.000060
59 0.000000 0.006821 0.000023
60 0.000000 0.008060 -0.000001
61 0.000000 0.009960 0.000004
62 0.000000 0.003758 0.000041
63 0.000000 0.001580 0.000071
64 0.000000 -0.000151 0.000057
65 0.000000 0.002813 0.000040
66 0.000000 0.003277 0.000016
67 0.000000 0.007777 -0.000003
68 0.000000 0.008422 -0.000022
69 0.000000 0.010360 -0.000023
70 0.000000 -0.003575 0.000015
71 0.000000 -0.031257 0.000066
72 0.000000 -0.076035 0.000082
73 0.000000 -0.108074 0.000032
element 29
poly 0 1 2 3 4 5 6 7 8 9 10 11 12 13 14 15 16 17 18 19 20 21 22 23 24 25 26 27 28 29 30 31 32 33 34 35 36 37 38 39 40 41 42 43 44 45 46 47 48 49 50 51 52 53 54 55 56 57 58 59 60 61 62 63 64 65 66 67 68 69 70 71 72 73
exp
0 0.000000 0.277526 -0.000035
1 0.000000 0.756715 -0.000135
2 0.000000 0.530496 -0.000021
3 0.000000 0.514605 -0.000036
4 0.000000 0.089913 -0.000126
5 0.000000 0.217777 -0.000030
6 0.000000 -0.094534 -0.000058
7 0.000000 0.138576 -0.000229
8 0.000000 -0.188509 0.000033
9 0.000000 0.058432 0.000095
10 0.000000 -0.210247 0.000028
11 0.000000 0.081790 -0.000161
12 0.000000 -0.209667 -0.000084
13 0.000000 0.065384 -0.000183
14 0.000000 -0.223327 0.000038
15 0.000000 0.070965 -0.000132
16 0.000000 -0.210565 0.000010
17 0.000000 0.102481 -0.000348
18 0.000000 -0.211914 0.000083
19 0.000000 0.085326 -0.000163
20 0.000000 -0.178729 -0.000208
21 0.000000 0.072895 -0.000004
22 0.000000 -0.187440 -0.000124
23 0.000000 0.069762 -0.000033
24 0.000000 -0.217274 0.000072
25 0.000000 0.084140 -0.000226
26 0.000000 -0.216080 0.000080
27 0.000000 0.032886 0.000317
28 0.000000 -0.207492 0.000026
29 0.000000 0.077417 -0.000129
30 0.000000 -0.222963 0.000150
31 0.000000 0.043024 0.000215
32 0.000000 -0.191963 -0.000121
33 0.000000 0.069098 -0.000030
34 0.000000 -0.209791 0.000049
35 0.000000 0.062844 0.000077
36 0.000000 -0.189377 -0.000110
37 0.000000 0.070276 -0.000010
38 0.000000 -0.197481 -0.000117
39 0.000000 0.069391 -0.000155
40 0.000000 -0.196397 -0.000116
41 0.000000 0.089183 -0.000141
42 0.000000 -0.199401 0.000013
43 0.000000 0.068373 -0.000040
44 0.000000 -0.224452 0.000111
45 0.000000 0.028071 0.000249
46 0.000000 -0.212421 0.000054
47 0.000000 0.080589 -0.000070
48 0.000000 -0.194352 -0.000016
49 0.000000 0.093002 -0.000191
50 0.000000 -0.197433 -0.000045
51 0.000000 0.063349 0.000034
52 0.000000 -0.221393 0.000164
53 0.000000 0.085384 -0.000143
54 0.000000 -0.207060 0.000024
55 0.000000 0.089521 -0.000221
56 0.000000 -0.214011 0.000051
57 0.000000 0.058263 0.000024
58 0.000000 -0.210866 0.000009
59 0.000000 0.096683 -0.000335
60 0.000000 -0.209350 0.000007
61 0.000000 0.082528 -0.000194
62 0.000000 -0.193584 -0.000070
63 0.000000 0.081155 -0.000039
64 0.000000 -0.201446 -0.000009
65 0.000000 0.040745 0.000147
66 0.000000 -0.218215 0.000041
67 0.000000 0.062723 0.000012
68 0.000000 -0.209518 0.000068
69 0.000000 0.060913 0.000042
70 0.000000 -0.202517 -0.000056
71 0.000000 0.021772 0.000076
72 0.000000 -0.468077 -0.000083
73 0.000000 -0.679121 0.000153
element 30
poly 0 1 2 3 4 5 6 7 8 9 10 11 12 13 14 15 16 17 18 19 20 21 22 23 24 25 26 27 28 29 30 31 32 33 34 35 36 37 38 39 40 41 42 43 44 45 46 47 48 49 50 51 52 53 54 55 56 57 58 59 60 61 62 63 64 65 66 67 68 69 70 71 72 73
exp
0 0.000000 0.084410 0.000072
1 0.000000 0.160619 0.000086
2 0.000000 0.186749 0.000014
3 0.000000 0.172376 -0.000018
4 0.000000 0.115199 -0.000038
5 0.000000 0.071563 0.000013
6 0.000000 0.029065 0.000007
7 0.000000 0.013085 0.000018
8 0.000000 -0.006665 -0.000037
9 0.000000 -0.016322 0.000017
10 0.000000 -0.040956 0.000066
11 0.000000 -0.037422 0.000086
12 0.000000 -0.040370 0.000035
13 0.000000 -0.012375 -0.000096
14 0.000000 -0.016498 -0.000116
15 0.000000 -0.025746 0.000075
16 0.000000 -0.046446 0.000151
17 0.000000 -0.031145 0.000079
18 0.000000 -0.031194 -0.000013
19 0.000000 -0.011744 -0.000093
20 0.000000 -0.020381 -0.000082
21 0.000000 -0.026920 0.000080
22 0.000000 -0.030430 0.000012
23 0.000000 -0.005508 -0.000123
24 0.000000 -0.028219 0.000005
25 0.000000 -0.034570 0.000151
26 0.000000 -0.042193 0.000129
27 0.000000 -0.019757 0.000018
28 0.000000 -0.029176 -0.000012
29 0.000000 -0.032590 0.000101
30 0.000000 -0.045063 0.000127
31 0.000000 -0.016922 -0.000008
32 0.000000 -0.023273 -0.000022
33 0.000000 -0.041781 0.000231
34 0.000000 -0.041790 0.000139
35 0.000000 -0.009682 -0.000080
36 0.000000 -0.041708 0.000068
37 0.000000 -0.032182 0.000051
38 0.000000 -0.055185 0.000150
39 0.000000 -0.043000 0.000129
40 0.000000 -0.031704 -0.000016
41 0.000000 -0.000259 -0.000161
42 0.000000 -0.004013 -0.000207
43 0.000000 -0.012221 -0.000052
44 0.000000 -0.021676 -0.000064
45 0.000000 -0.013314 -0.000063
46 0.000000 -0.027779 -0.000015
47 0.000000 -0.017958 0.000020
48 0.000000 -0.034079 0.000081
49 0.000000 -0.018928 0.000019
50 0.000000 -0.020439 -0.000082
51 0.000000 -0.024641 0.000024
52 0.000000 -0.046591 0.000113
53 0.000000 -0.015784 -0.000071
54 0.000000 -0.028566 -0.000077
55 0.000000 -0.015283 -0.000103
56 0.000000 -0.023319 -0.000104
57 0.000000 -0.008197 -0.000114
58 0.000000 -0.020572 -0.000059
59 0.000000 -0.002692 -0.000110
60 0.000000 -0.027893 0.000006
61 0.000000 -0.031202 0.000112
62 0.000000 -0.053377 0.000200
63 0.000000 -0.032253 0.000099
64 0.000000 -0.030767 -0.000022
65 0.000000 -0.015749 -0.000084
66 0.000000 -0.023859 -0.000094
67 0.000000 -0.016866 -0.000041
68 0.000000 -0.027903 -0.000015
69 0.000000 -0.011383 -0.000052
70 0.000000 -0.007389 -0.000178
71 0.000000 -0.024970 -0.000111
72 0.000000 -0.129317 0.000075
73 0.000000 -0.205961 0.000172
element 31
poly 0 1 2 3 4 5 6 7 8 9 10 11 12 13 14 15 16 17 18 19 20 21 22 23 24 25 26 27 28 29 30 31 32 33 34 35 36 37 38 39 40 41 42 43 44 45 46 47 48 49 50 51 52 53 54 55 56 57 58 59 60 61 62 63 64 65 66 67 68 69 70 71 72 73
exp
0 0.000000 -0.193840 0.000091
1 0.000000 1.419469 -0.000072
2 0.000000 -0.183842 -0.000124
3 0.000000 1.136942 0.000275
4 0.000000 -0.727371 0.000488
5 0.000000 1.118693 0.000204
6 0.000000 -0.971539 0.001684
7 0.000000 1.017756 -0.000115
8 0.000000 -1.214457 0.003332
9 0.000000 0.989885 -0.000053
10 0.000000 -1.248899 0.003576
11 0.000000 0.989936 -0.000024
12 0.000000 -1.281248 0.003817
13 0.000000 0.970443 0.000145
14 0.000000 -1.257040 0.003614
15 0.000000 0.982732 0.000021
16 0.000000 -1.281247 0.003822
17 0.000000 0.965512 0.000154
18 0.000000 -1.270634 0.003728
19 0.000000 0.980995 0.000026
20 0.000000 -1.273494 0.003784
21 0.000000 0.953131 0.000195
22 0.000000 -1.255195 0.003595
23 0.000000 0.988514 0.000094
24 0.000000 -1.265960 0.003696
25 0.000000 0.984382 -0.000009
26 0.000000 -1.281648 0.003843
27 0.000000 1.003789 -0.000023
28 0.000000 -1.269139 0.003717
29 0.000000 0.962519 0.000192
30 0.000000 -1.279081 0.003799
31 0.000000 0.996785 -0.000019
32 0.000000 -1.284117 0.003860
33 0.000000 0.997005 -0.000178
34 0.000000 -1.298329 0.003994
35 0.000000 0.979474 0.000190
36 0.000000 -1.246818 0.003519
37 0.000000 0.981783 0.000087
38 0.000000 -1.297150 0.004022
39 0.000000 1.013850 -0.000184
40 0.000000 -1.283085 0.003866
41 0.000000 0.977558 0.000038
42 0.000000 -1.282049 0.003853
43 0.000000 0.992883 -0.000043
44 0.000000 -1.286158 0.003877
45 0.000000 0.985399 -0.000045
46 0.000000 -1.285282 0.003880
47 0.000000 1.010400 -0.000084
48 0.000000 -1.269857 0.003707
49 0.000000 0.973216 0.000040
50 0.000000 -1.283073 0.003852
51 0.000000 0.990045 0.000012
52 0.000000 -1.284762 0.003879
53 0.000000 1.006687 -0.000176
54 0.000000 -1.296482 0.003991
55 0.000000 1.020931 -0.000104
56 0.000000 -1.273267 0.003782
57 0.000000 0.967798 0.000040
58 0.000000 -1.279697 0.003813
59 0.000000 0.987116 0.000099
60 0.000000 -1.272845 0.003764
61 0.000000 0.981812 0.000022
62 0.000000 -1.293405 0.003953
63 0.000000 1.024536 -0.000240
64 0.000000 -1.297046 0.003989
65 0.000000 1.004407 -0.000281
66 0.000000 -1.298589 0.004007
67 0.000000 1.002217 -0.000121
68 0.000000 -1.283123 0.003859
69 0.000000 0.992961 -0.000101
70 0.000000 -1.292282 0.003958
71 0.000000 1.212704 -0.000110
72 0.000000 -1.005065 0.001868
73 0.000000 -0.430248 -0.000115
element 32
poly 0 1 2 3 4 5 6 7 8 9 10 11 12 13 14 15 16 17 18 19 20 21 22 23 24 25 26 27 28 29 30 31 32 33 34 35 36 37 38 39 40 41 42 43 44 45 46 47 48 49 50 51 52 53 54 55 56 57 58 59 60 61 62 63 64 65 66 67 68 69 70 71 72 73
exp
0 0.000000 0.307800 0.000028
1 0.000000 0.642430 0.000085
2 0.000000 0.505367 -0.000021
3 0.000000 0.469500 0.000155
4 0.000000 0.155758 -0.000175
5 0.000000 0.175311 0.000070
6 0.000000 -0.058780 0.000007
7 0.000000 0.050847 0.000161
8 0.000000 -0.131278 0.000041
9 0.000000 0.026506 0.000008
10 0.000000 -0.152089 -0.000013
11 0.000000 0.016213 -0.000010
12 0.000000 -0.163995 0.000005
13 0.000000 0.018997 -0.000024
14 0.000000 -0.168742 0.000065
15 0.000000 0.016827 0.000080
16 0.000000 -0.158374 -0.000043
17 0.000000 0.031280 -0.000064
18 0.000000 -0.157434 -0.000022
19 0.000000 0.043522 -0.000101
20 0.000000 -0.151129 -0.000040
21 0.000000 0.017915 0.000141
22 0.000000 -0.156702 -0.000010
23 0.000000 0.044761 -0.000133
24 0.000000 -0.171370 0.000092
25 0.000000 0.022452 0.000029
26 0.000000 -0.181009 0.000128
27 0.000000 0.031900 -0.000126
28 0.000000 -0.153748 -0.000110
29 0.000000 0.018361 0.000064
30 0.000000 -0.153292 -0.000036
31 0.000000 0.032326 0.000030
32 0.000000 -0.162215 0.000096
33 0.000000 0.048570 -0.000095
34 0.000000 -0.151515 -0.000031
35 0.000000 0.029400 0.000025
36 0.000000 -0.161332 0.000005
37 0.000000 0.030672 -0.000021
38 0.000000 -0.173757 0.000066
39 0.000000 0.031378 -0.000107
40 0.000000 -0.181177 0.000104
41 0.000000 0.016740 0.000039
42 0.000000 -0.151789 -0.000103
43 0.000000 0.020984 0.000072
44 0.000000 -0.163970 0.000035
45 0.000000 0.031542 -0.000033
46 0.000000 -0.152595 -0.000061
47 0.000000 0.029688 0.000011
48 0.000000 -0.151345 -0.000077
49 0.000000 0.024492 0.000013
50 0.000000 -0.163963 0.000021
51 0.000000 0.033246 -0.000034
52 0.000000 -0.156031 -0.000033
53 0.000000 0.029568 -0.000019
54 0.000000 -0.163079 -0.000008
55 0.000000 0.042166 -0.000188
56 0.000000 -0.162780 0.000005
57 0.000000 0.034509 -0.000030
58 0.000000 -0.170697 0.000109
59 0.000000 0.035602 -0.000079
60 0.000000 -0.164676 0.000013
61 0.000000 0.018653 0.000060
62 0.000000 -0.161399 -0.000000
63 0.000000 0.022518 0.000053
64 0.000000 -0.166122 0.000055
65 0.000000 0.035601 -0.000078
66 0.000000 -0.160852 0.000008
67 0.000000 0.038709 -0.000081
68 0.000000 -0.156406 -0.000029
69 0.000000 0.030356 -0.000023
70 0.000000 -0.149008 -0.000081
71 0.000000 0.011176 -0.000053
72 0.000000 -0.480507 0.000102
73 0.000000 -0.627736 0.000021
