element 0
poly 0 1 2 3 4 5 6 7 8 9 10 11 12 13 14 15 16 17 18 19 20 21 22 23 24 25 26 27 28 29 30 31 32 33 34 35 36 37 38 39 40 41 42 43 44 45 46 47 48 49 50 51 52 53 54 55 56 57 58 59 60 61 62 63 64 65 66 67 68 69 70 71 72 73
exp
0 0.000000 -0.164853 -0.000028
1 0.000000 0.064134 -0.000019
2 0.000000 0.135814 0.000118
3 0.000000 0.206483 -0.000049
4 0.000000 0.214713 -0.000200
5 0.000000 0.200409 0.000027
6 0.000000 0.181398 -0.000050
7 0.000000 0.195033 -0.000138
8 0.000000 0.165664 -0.000131
9 0.000000 0.163765 -0.000073
10 0.000000 0.116538 0.000082
11 0.000000 0.100726 0.000106
12 0.000000 0.047592 0.000094
13 0.000000 0.026706 0.000008
14 0.000000 -0.021441 -0.000081
15 0.000000 -0.052685 -0.000082
16 0.000000 -0.097987 -0.000164
17 0.000000 -0.104940 -0.000224
18 0.000000 -0.152379 -0.000165
19 0.000000 -0.165946 -0.000028
20 0.000000 -0.191499 0.000043
21 0.000000 -0.165309 0.000013
22 0.000000 -0.181654 0.000023
23 0.000000 -0.170024 0.000123
24 0.000000 -0.177837 0.000074
25 0.000000 -0.186107 0.000274
26 0.000000 -0.180653 0.000104
27 0.000000 -0.149443 -0.000009
28 0.000000 -0.167143 -0.000036
29 0.000000 -0.149609 -0.000117
30 0.000000 -0.171599 -0.000073
31 0.000000 -0.152045 -0.000122
32 0.000000 -0.177202 -0.000041
33 0.000000 -0.156998 -0.000100
34 0.000000 -0.196653 0.000097
35 0.000000 -0.166468 -0.000056
36 0.000000 -0.179357 -0.000052
37 0.000000 -0.157063 -0.000080
38 0.000000 -0.186573 0.000042
39 0.000000 -0.162756 -0.000046
40 0.000000 -0.176804 -0.000049
41 0.000000 -0.169050 0.000038
42 0.000000 -0.216040 0.000296
43 0.000000 -0.185729 0.000127
44 0.000000 -0.182718 -0.000019
45 0.000000 -0.157402 -0.000079
46 0.000000 -0.187281 0.000058
47 0.000000 -0.153202 -0.000116
48 0.000000 -0.166623 -0.000127
49 0.000000 -0.162315 -0.000007
50 0.000000 -0.175581 0.000007
51 0.000000 -0.166815 0.000086
52 0.000000 -0.154703 -0.000179
53 0.000000 -0.140518 -0.000155
54 0.000000 -0.156211 -0.000126
55 0.000000 -0.152670 0.000011
56 0.000000 -0.177228 0.000063
57 0.000000 -0.164286 0.000026
58 0.000000 -0.160837 -0.000204
59 0.000000 -0.177968 0.000067
60 0.000000 -0.192483 0.000033
61 0.000000 -0.173126 -0.000003
62 0.000000 -0.173971 -0.000089
63 0.000000 -0.163011 -0.000005
64 0.000000 -0.178167 -0.000021
65 0.000000 -0.160988 -0.000052
66 0.000000 -0.181992 -0.000001
67 0.000000 -0.144441 -0.000200
68 0.000000 -0.177833 -0.000006
69 0.000000 -0.197986 0.000318
70 0.000000 -0.207370 0.000045
71 0.000000 -0.243770 -0.000036
72 0.000000 -0.457637 0.000184
73 0.000000 -0.619439 0.000151
element 1
poly 0 1 2 3 4 5 6 7 8 9 10 11 12 13 14 15 16 17 18 19 20 21 22 23 24 25 26 27 28 29 30 31 32 33 34 35 36 37 38 39 40 41 42 43 44 45 46 47 48 49 50 51 52 53 54 55 56 57 58 59 60 61 62 63 64 65 66 67 68 69 70 71 72 73
exp
0 0.000000 -0.160453 -0.000071
1 0.000000 0.079219 0.000007
2 0.000000 0.169490 -0.000038
3 0.000000 0.196172 0.000188
4 0.000000 0.191723 0.000128
5 0.000000 0.206061 0.000092
6 0.000000 0.178380 0.000055
7 0.000000 0.193471 -0.000057
8 0.000000 0.158371 -0.000029
9 0.000000 0.152634 0.000047
10 0.000000 0.121566 0.000063
11 0.000000 0.110832 0.000095
12 0.000000 0.077327 -0.000061
13 0.000000 0.060730 -0.000161
14 0.000000 -0.010818 -0.000057
15 0.000000 -0.061767 0.000117
16 0.000000 -0.117782 0.000079
17 0.000000 -0.116223 -0.000078
18 0.000000 -0.189312 0.000133
19 0.000000 -0.191735 0.000117
20 0.000000 -0.189587 -0.000099
21 0.000000 -0.155637 -0.000206
22 0.000000 -0.179103 -0.000156
23 0.000000 -0.158671 -0.000145
24 0.000000 -0.183278 -0.000044
25 0.000000 -0.184611 0.000076
26 0.000000 -0.193623 -0.000040
27 0.000000 -0.183260 -0.000024
28 0.000000 -0.183357 -0.000215
29 0.000000 -0.176334 -0.000147
30 0.000000 -0.194340 -0.000101
31 0.000000 -0.182666 0.000016
32 0.000000 -0.204281 0.000146
33 0.000000 -0.182529 0.000158
34 0.000000 -0.187392 0.000034
35 0.000000 -0.183662 0.000132
36 0.000000 -0.170911 -0.000158
37 0.000000 -0.147000 -0.000244
38 0.000000 -0.179540 -0.000106
39 0.000000 -0.170089 -0.000050
40 0.000000 -0.216447 0.000194
41 0.000000 -0.209125 0.000239
42 0.000000 -0.224979 0.000243
43 0.000000 -0.205485 0.000248
44 0.000000 -0.198643 0.000101
45 0.000000 -0.147684 -0.000166
46 0.000000 -0.183383 -0.000004
47 0.000000 -0.180412 0.000097
48 0.000000 -0.208570 0.000185
49 0.000000 -0.200534 0.000243
50 0.000000 -0.196855 0.000025
51 0.000000 -0.168420 -0.000107
52 0.000000 -0.179357 -0.000187
53 0.000000 -0.177753 -0.000069
54 0.000000 -0.202475 0.000027
55 0.000000 -0.171168 -0.000090
56 0.000000 -0.178655 -0.000152
57 0.000000 -0.162063 -0.000136
58 0.000000 -0.186623 -0.000021
59 0.000000 -0.179520 0.000125
60 0.000000 -0.188201 0.000116
61 0.000000 -0.170451 0.000149
62 0.000000 -0.189433 0.000116
63 0.000000 -0.167736 -0.000008
64 0.000000 -0.176224 -0.000144
65 0.000000 -0.180240 0.000008
66 0.000000 -0.207209 0.000094
67 0.000000 -0.194988 0.000140
68 0.000000 -0.194631 -0.000011
69 0.000000 -0.180686 -0.000024
70 0.000000 -0.224631 0.000097
71 0.000000 -0.255058 0.000038
72 0.000000 -0.460510 0.000075
73 0.000000 -0.649029 0.000151
element 2
poly 0 1 2 3 4 5 6 7 8 9 10 11 12 13 14 15 16 17 18 19 20 21 22 23 24 25 26 27 28 29 30 31 32 33 34 35 36 37 38 39 40 41 42 43 44 45 46 47 48 49 50 51 52 53 54 55 56 57 58 59 60 61 62 63 64 65 66 67 68 69 70 71 72 73
exp
0 0.000000 -0.105765 0.000109
1 0.000000 0.029076 0.000048
2 0.000000 0.083913 -0.000010
3 0.000000 0.110067 0.000028
4 0.000000 0.104131 0.000039
5 0.000000 0.103571 0.000090
6 0.000000 0.090062 0.000068
7 0.000000 0.100253 -0.000004
8 0.000000 0.087535 -0.000036
9 0.000000 0.081033 0.000038
10 0.000000 0.060823 0.000074
11 0.000000 0.068960 -0.000049
12 0.000000 0.039883 -0.000033
13 0.000000 0.021951 -0.000011
14 0.000000 -0.012061 0.000022
15 0.000000 -0.020486 -0.000061
16 0.000000 -0.048728 -0.000112
17 0.000000 -0.061949 -0.000087
18 0.000000 -0.093089 0.000003
19 0.000000 -0.087744 -0.000017
20 0.000000 -0.102607 0.000035
21 0.000000 -0.085309 -0.000015
22 0.000000 -0.098937 0.000016
23 0.000000 -0.095484 0.000085
24 0.000000 -0.099624 0.000022
25 0.000000 -0.097005 0.000026
26 0.000000 -0.106252 0.000013
27 0.000000 -0.093351 -0.000026
28 0.000000 -0.098271 -0.000049
29 0.000000 -0.087825 -0.000054
30 0.000000 -0.101563 -0.000006
31 0.000000 -0.090371 -0.000029
32 0.000000 -0.100074 -0.000021
33 0.000000 -0.088274 -0.000049
34 0.000000 -0.097844 -0.000033
35 0.000000 -0.090398 -0.000012
36 0.000000 -0.105521 0.000069
37 0.000000 -0.094935 0.000069
38 0.000000 -0.094462 -0.000020
39 0.000000 -0.087524 -0.000008
40 0.000000 -0.105028 0.000029
41 0.000000 -0.092205 -0.000051
42 0.000000 -0.096508 -0.000082
43 0.000000 -0.087902 -0.000063
44 0.000000 -0.110942 0.000069
45 0.000000 -0.095872 -0.000006
46 0.000000 -0.100176 -0.000044
47 0.000000 -0.096171 0.000013
48 0.000000 -0.100024 -0.000001
49 0.000000 -0.084500 -0.000034
50 0.000000 -0.099999 0.000028
51 0.000000 -0.097827 0.000084
52 0.000000 -0.107444 0.000089
53 0.000000 -0.086050 -0.000035
54 0.000000 -0.100769 0.000005
55 0.000000 -0.093109 0.000006
56 0.000000 -0.097230 -0.000034
57 0.000000 -0.093955 0.000026
58 0.000000 -0.099331 -0.000004
59 0.000000 -0.079691 -0.000105
60 0.000000 -0.090650 -0.000079
61 0.000000 -0.086013 -0.000034
62 0.000000 -0.097972 -0.000014
63 0.000000 -0.094188 0.000022
64 0.000000 -0.102246 0.000004
65 0.000000 -0.086654 -0.000065
66 0.000000 -0.091041 -0.000074
67 0.000000 -0.086214 -0.000008
68 0.000000 -0.090979 -0.000059
69 0.000000 -0.090252 -0.000033
70 0.000000 -0.119412 0.000048
71 0.000000 -0.140634 0.000036
72 0.000000 -0.250890 0.000078
73 0.000000 -0.339460 0.000037
element 3
poly 0 1 2 3 4 5 6 7 8 9 10 11 12 13 14 15 16 17 18 19 20 21 22 23 24 25 26 27 28 29 30 31 32 33 34 35 36 37 38 39 40 41 42 43 44 45 46 47 48 49 50 51 52 53 54 55 56 57 58 59 60 61 62 63 64 65 66 67 68 69 70 71 72 73
exp
0 0.000000 -0.108959 0.000091
1 0.000000 0.035706 -0.000044
2 0.000000 0.081004 0.000015
3 0.000000 0.105343 0.000093
4 0.000000 0.097311 0.000119
5 0.000000 0.108606 0.000058
6 0.000000 0.095266 0.000052
7 0.000000 0.108014 -0.000024
8 0.000000 0.086276 0.000030
9 0.000000 0.088305 0.000026
10 0.000000 0.075709 -0.000015
11 0.000000 0.066500 0.000016
12 0.000000 0.031057 0.000047
13 0.000000 0.016079 0.000007
14 0.000000 -0.003101 -0.000088
15 0.000000 -0.019243 -0.000078
16 0.000000 -0.060200 -0.000009
17 0.000000 -0.074814 0.000027
18 0.000000 -0.097338 0.000016
19 0.000000 -0.095737 0.000016
20 0.000000 -0.098225 -0.000064
21 0.000000 -0.096420 0.000025
22 0.000000 -0.110706 0.000047
23 0.000000 -0.092643 -0.000016
24 0.000000 -0.095877 -0.000031
25 0.000000 -0.091376 0.000012
26 0.000000 -0.106631 0.000060
27 0.000000 -0.099251 0.000061
28 0.000000 -0.100682 -0.000015
29 0.000000 -0.077280 -0.000148
30 0.000000 -0.097675 -0.000034
31 0.000000 -0.088335 -0.000036
32 0.000000 -0.085324 -0.000162
33 0.000000 -0.089772 -0.000049
34 0.000000 -0.111950 0.000071
35 0.000000 -0.101928 0.000065
36 0.000000 -0.101311 -0.000012
37 0.000000 -0.087656 -0.000035
38 0.000000 -0.090615 -0.000078
39 0.000000 -0.086909 -0.000022
40 0.000000 -0.095781 -0.000038
41 0.000000 -0.091260 -0.000009
42 0.000000 -0.095759 -0.000061
43 0.000000 -0.082592 -0.000110
44 0.000000 -0.104078 -0.000008
45 0.000000 -0.091948 -0.000053
46 0.000000 -0.105365 -0.000021
47 0.000000 -0.097191 -0.000017
48 0.000000 -0.103974 -0.000029
49 0.000000 -0.103725 0.000058
50 0.000000 -0.118527 0.000123
51 0.000000 -0.096136 0.000008
52 0.000000 -0.103726 -0.000005
53 0.000000 -0.092282 -0.000035
54 0.000000 -0.106792 0.000008
55 0.000000 -0.092767 -0.000046
56 0.000000 -0.102786 -0.000022
57 0.000000 -0.091753 -0.000026
58 0.000000 -0.105216 0.000011
59 0.000000 -0.088970 -0.000072
60 0.000000 -0.100726 -0.000047
61 0.000000 -0.099233 0.000029
62 0.000000 -0.092591 -0.000085
63 0.000000 -0.085728 -0.000037
64 0.000000 -0.107772 0.000075
65 0.000000 -0.095397 0.000030
66 0.000000 -0.098766 -0.000014
67 0.000000 -0.095851 0.000049
68 0.000000 -0.104307 0.000006
69 0.000000 -0.106740 0.000053
70 0.000000 -0.123977 0.000047
71 0.000000 -0.146268 0.000066
72 0.000000 -0.243523 -0.000029
73 0.000000 -0.340385 -0.000019
element 4
poly 0 1 2 3 4 5 6 7 8 9 10 11 12 13 14 15 16 17 18 19 20 21 22 23 24 25 26 27 28 29 30 31 32 33 34 35 36 37 38 39 40 41 42 43 44 45 46 47 48 49 50 51 52 53 54 55 56 57 58 59 60 61 62 63 64 65 66 67 68 69 70 71 72 73
exp
0 0.000000 -0.083490 -0.000087
1 0.000000 0.028196 0.000037
2 0.000000 0.071909 0.000047
3 0.000000 0.107974 -0.000045
4 0.000000 0.107383 -0.000059
5 0.000000 0.110688 -0.000007
6 0.000000 0.091772 0.000044
7 0.000000 0.101269 0.000004
8 0.000000 0.082766 0.000050
9 0.000000 0.092103 -0.000002
10 0.000000 0.081793 -0.000069
11 0.000000 0.065345 0.000019
12 0.000000 0.031954 0.000043
13 0.000000 0.018964 -0.000006
14 0.000000 -0.007687 -0.000038
15 0.000000 -0.033906 0.000060
16 0.000000 -0.059897 0.000021
17 0.000000 -0.065088 -0.000005
18 0.000000 -0.089776 0.000029
19 0.000000 -0.092885 0.000085
20 0.000000 -0.102084 0.000051
21 0.000000 -0.090965 0.000032
22 0.000000 -0.092822 -0.000060
23 0.000000 -0.091467 0.000023
24 0.000000 -0.107026 0.000098
25 0.000000 -0.092618 0.000018
26 0.000000 -0.094475 -0.000051
27 0.000000 -0.096214 0.000050
28 0.000000 -0.098726 -0.000021
29 0.000000 -0.101692 0.000076
30 0.000000 -0.102736 0.000010
31 0.000000 -0.089901 -0.000019
32 0.000000 -0.091285 -0.000080
33 0.000000 -0.089637 -0.000005
34 0.000000 -0.104552 0.000056
35 0.000000 -0.092347 0.000026
36 0.000000 -0.095957 -0.000044
37 0.000000 -0.087126 -0.000066
38 0.000000 -0.093266 -0.000090
39 0.000000 -0.081470 -0.000109
40 0.000000 -0.082523 -0.000168
41 0.000000 -0.082625 -0.000079
42 0.000000 -0.101077 -0.000007
43 0.000000 -0.098924 0.000026
44 0.000000 -0.102704 -0.000009
45 0.000000 -0.088064 -0.000045
46 0.000000 -0.093940 -0.000068
47 0.000000 -0.082165 -0.000104
48 0.000000 -0.100385 -0.000024
49 0.000000 -0.101086 0.000053
50 0.000000 -0.101532 -0.000002
51 0.000000 -0.088622 -0.000016
52 0.000000 -0.092641 -0.000068
53 0.000000 -0.090311 -0.000019
54 0.000000 -0.106423 0.000046
55 0.000000 -0.095903 0.000023
56 0.000000 -0.104189 0.000006
57 0.000000 -0.092446 -0.000037
58 0.000000 -0.103919 -0.000006
59 0.000000 -0.102225 0.000070
60 0.000000 -0.099718 -0.000015
61 0.000000 -0.085059 -0.000054
62 0.000000 -0.101378 0.000028
63 0.000000 -0.093910 0.000044
64 0.000000 -0.094845 -0.000025
65 0.000000 -0.092569 0.000037
66 0.000000 -0.098460 0.000008
67 0.000000 -0.092348 0.000025
68 0.000000 -0.102579 0.000045
69 0.000000 -0.092324 0.000019
70 0.000000 -0.118120 0.000086
71 0.000000 -0.140115 0.000080
72 0.000000 -0.233912 -0.000027
73 0.000000 -0.327283 -0.000020
element 5
poly 0 1 2 3 4 5 6 7 8 9 10 11 12 13 14 15 16 17 18 19 20 21 22 23 24 25 26 27 28 29 30 31 32 33 34 35 36 37 38 39 40 41 42 43 44 45 46 47 48 49 50 51 52 53 54 55 56 57 58 59 60 61 62 63 64 65 66 67 68 69 70 71 72 73
exp
0 0.000000 -0.088452 -0.000004
1 0.000000 0.041468 -0.000002
2 0.000000 0.086845 -0.000006
3 0.000000 0.105773 0.000057
4 0.000000 0.108084 -0.000015
5 0.000000 0.110625 0.000020
6 0.000000 0.081904 0.000136
7 0.000000 0.088021 0.000095
8 0.000000 0.085595 -0.000026
9 0.000000 0.085231 0.000005
10 0.000000 0.061303 0.000070
11 0.000000 0.065470 -0.000027
12 0.000000 0.028460 0.000041
13 0.000000 0.011368 0.000046
14 0.000000 -0.012105 -0.000024
15 0.000000 -0.027726 -0.000030
16 0.000000 -0.064236 0.000021
17 0.000000 -0.066636 -0.000034
18 0.000000 -0.091493 0.000004
19 0.000000 -0.094667 0.000068
20 0.000000 -0.104560 0.000051
21 0.000000 -0.088295 -0.000012
22 0.000000 -0.102636 0.000029
23 0.000000 -0.092004 0.000046
24 0.000000 -0.096473 0.000030
25 0.000000 -0.090358 0.000032
26 0.000000 -0.097339 -0.000015
27 0.000000 -0.088654 -0.000034
28 0.000000 -0.101200 -0.000004
29 0.000000 -0.087468 -0.000049
30 0.000000 -0.097545 -0.000037
31 0.000000 -0.093686 0.000005
32 0.000000 -0.099466 -0.000022
33 0.000000 -0.088280 -0.000040
34 0.000000 -0.093998 -0.000057
35 0.000000 -0.091314 0.000010
36 0.000000 -0.103186 0.000044
37 0.000000 -0.091306 0.000022
38 0.000000 -0.094285 -0.000029
39 0.000000 -0.083179 -0.000048
40 0.000000 -0.096249 -0.000007
41 0.000000 -0.092421 0.000033
42 0.000000 -0.104321 0.000032
43 0.000000 -0.096751 0.000009
44 0.000000 -0.110959 0.000044
45 0.000000 -0.107208 0.000094
46 0.000000 -0.109865 0.000048
47 0.000000 -0.093027 -0.000015
48 0.000000 -0.107570 0.000045
49 0.000000 -0.102626 0.000082
50 0.000000 -0.105658 0.000029
51 0.000000 -0.092953 -0.000002
52 0.000000 -0.102880 0.000016
53 0.000000 -0.094450 0.000020
54 0.000000 -0.116742 0.000124
55 0.000000 -0.097310 -0.000000
56 0.000000 -0.100117 -0.000064
57 0.000000 -0.094208 -0.000030
58 0.000000 -0.094487 -0.000084
59 0.000000 -0.079833 -0.000113
60 0.000000 -0.088177 -0.000074
61 0.000000 -0.083971 -0.000005
62 0.000000 -0.104634 0.000073
63 0.000000 -0.094579 0.000026
64 0.000000 -0.098650 -0.000011
65 0.000000 -0.081729 -0.000073
66 0.000000 -0.094988 -0.000060
67 0.000000 -0.105005 0.000084
68 0.000000 -0.111709 0.000053
69 0.000000 -0.095815 -0.000039
70 0.000000 -0.113345 -0.000053
71 0.000000 -0.147139 0.000062
72 0.000000 -0.245603 0.000012
73 0.000000 -0.331418 -0.000045
element 6
poly 0 1 2 3 4 5 6 7 8 9 10 11 12 13 14 15 16 17 18 19 20 21 22 23 24 25 26 27 28 29 30 31 32 33 34 35 36 37 38 39 40 41 42 43 44 45 46 47 48 49 50 51 52 53 54 55 56 57 58 59 60 61 62 63 64 65 66 67 68 69 70 71 72 73
exp
0 0.000000 -0.093163 -0.000007
1 0.000000 0.026693 0.000097
2 0.000000 0.083159 0.000006
3 0.000000 0.120068 -0.000071
4 0.000000 0.111895 -0.000023
5 0.000000 0.121255 -0.000037
6 0.000000 0.103804 -0.000005
7 0.000000 0.104938 0.000023
8 0.000000 0.089775 0.000011
9 0.000000 0.091876 -0.000001
10 0.000000 0.071325 -0.000003
11 0.000000 0.046583 0.000135
12 0.000000 0.022969 0.000072
13 0.000000 0.010809 0.000040
14 0.000000 -0.013854 -0.000014
15 0.000000 -0.039400 0.000083
16 0.000000 -0.065404 0.000053
17 0.000000 -0.077842 0.000114
18 0.000000 -0.087469 -0.000015
19 0.000000 -0.077565 -0.000106
20 0.000000 -0.102648 -0.000002
21 0.000000 -0.095249 0.000020
22 0.000000 -0.102298 0.000006
23 0.000000 -0.088222 0.000006
24 0.000000 -0.094132 -0.000007
25 0.000000 -0.092923 0.000038
26 0.000000 -0.097570 -0.000006
27 0.000000 -0.084926 -0.000034
28 0.000000 -0.101314 0.000007
29 0.000000 -0.091438 -0.000029
30 0.000000 -0.105961 0.000011
31 0.000000 -0.096470 0.000002
32 0.000000 -0.099535 -0.000038
33 0.000000 -0.087236 -0.000055
34 0.000000 -0.100930 -0.000027
35 0.000000 -0.092184 -0.000043
36 0.000000 -0.102471 -0.000024
37 0.000000 -0.097005 0.000022
38 0.000000 -0.110250 0.000053
39 0.000000 -0.103554 0.000065
40 0.000000 -0.106834 0.000013
41 0.000000 -0.097463 0.000021
42 0.000000 -0.100193 -0.000028
43 0.000000 -0.090854 -0.000025
44 0.000000 -0.099975 -0.000025
45 0.000000 -0.103079 0.000086
46 0.000000 -0.105739 -0.000003
47 0.000000 -0.102314 0.000011
48 0.000000 -0.114432 0.000024
49 0.000000 -0.104511 0.000012
50 0.000000 -0.098624 -0.000094
51 0.000000 -0.092160 -0.000032
52 0.000000 -0.097564 -0.000039
53 0.000000 -0.087551 -0.000029
54 0.000000 -0.098559 -0.000027
55 0.000000 -0.090839 -0.000034
56 0.000000 -0.103089 -0.000003
57 0.000000 -0.094744 0.000010
58 0.000000 -0.108670 0.000071
59 0.000000 -0.085164 -0.000051
60 0.000000 -0.100810 0.000004
61 0.000000 -0.096464 0.000030
62 0.000000 -0.103110 -0.000006
63 0.000000 -0.085580 -0.000088
64 0.000000 -0.101518 -0.000027
65 0.000000 -0.097754 0.000025
66 0.000000 -0.101098 0.000005
67 0.000000 -0.097517 0.000092
68 0.000000 -0.110077 0.000101
69 0.000000 -0.105566 0.000088
70 0.000000 -0.119359 0.000024
71 0.000000 -0.132926 -0.000063
72 0.000000 -0.252837 0.000033
73 0.000000 -0.349189 0.000030
element 7
poly 0 1 2 3 4 5 6 7 8 9 10 11 12 13 14 15 16 17 18 19 20 21 22 23 24 25 26 27 28 29 30 31 32 33 34 35 36 37 38 39 40 41 42 43 44 45 46 47 48 49 50 51 52 53 54 55 56 57 58 59 60 61 62 63 64 65 66 67 68 69 70 71 72 73
exp
0 0.000000 -0.195284 0.000117
1 0.000000 0.060362 0.000033
2 0.000000 0.161222 0.000011
3 0.000000 0.227656 -0.000025
4 0.000000 0.215887 0.000010
5 0.000000 0.212232 0.000143
6 0.000000 0.173368 0.000183
7 0.000000 0.195186 -0.000023
8 0.000000 0.176930 -0.000126
9 0.000000 0.181725 -0.000101
10 0.000000 0.146161 -0.000052
11 0.000000 0.113897 0.000152
12 0.000000 0.056023 0.000165
13 0.000000 0.043186 -0.000029
14 0.000000 -0.047785 0.000190
15 0.000000 -0.086512 0.000190
16 0.000000 -0.152734 0.000240
17 0.000000 -0.154103 0.000109
18 0.000000 -0.198841 0.000126
19 0.000000 -0.180182 -0.000016
20 0.000000 -0.198432 -0.000034
21 0.000000 -0.184867 0.000064
22 0.000000 -0.203496 0.000072
23 0.000000 -0.155551 -0.000175
24 0.000000 -0.169628 -0.000175
25 0.000000 -0.165758 -0.000091
26 0.000000 -0.207866 0.000111
27 0.000000 -0.175900 -0.000042
28 0.000000 -0.177881 -0.000160
29 0.000000 -0.164930 -0.000077
30 0.000000 -0.187497 -0.000017
31 0.000000 -0.176625 0.000035
32 0.000000 -0.187128 0.000013
33 0.000000 -0.179917 0.000139
34 0.000000 -0.187008 0.000039
35 0.000000 -0.169281 -0.000007
36 0.000000 -0.175823 -0.000166
37 0.000000 -0.186352 0.000050
38 0.000000 -0.190697 -0.000051
39 0.000000 -0.171702 -0.000051
40 0.000000 -0.181004 -0.000155
41 0.000000 -0.187085 0.000014
42 0.000000 -0.227129 0.000190
43 0.000000 -0.198528 0.000074
44 0.000000 -0.189113 -0.000100
45 0.000000 -0.173703 -0.000004
46 0.000000 -0.185318 -0.000020
47 0.000000 -0.164659 -0.000052
48 0.000000 -0.183757 -0.000090
49 0.000000 -0.169807 -0.000125
50 0.000000 -0.161609 -0.000323
51 0.000000 -0.151469 -0.000208
52 0.000000 -0.186217 -0.000051
53 0.000000 -0.160662 -0.000165
54 0.000000 -0.193896 0.000006
55 0.000000 -0.186531 0.000123
56 0.000000 -0.186803 -0.000047
57 0.000000 -0.174027 -0.000030
58 0.000000 -0.191979 -0.000057
59 0.000000 -0.189814 0.000048
60 0.000000 -0.203026 0.000020
61 0.000000 -0.191773 0.000097
62 0.000000 -0.200332 -0.000016
63 0.000000 -0.174288 -0.000127
64 0.000000 -0.183215 -0.000165
65 0.000000 -0.168898 -0.000099
66 0.000000 -0.179317 -0.000154
67 0.000000 -0.177030 -0.000017
68 0.000000 -0.191594 -0.000001
69 0.000000 -0.164330 -0.000114
70 0.000000 -0.220572 0.000090
71 0.000000 -0.261212 0.000081
72 0.000000 -0.475635 0.000143
73 0.000000 -0.635264 -0.000074
element 8
poly 0 1 2 3 4 5 6 7 8 9 10 11 12 13 14 15 16 17 18 19 20 21 22 23 24 25 26 27 28 29 30 31 32 33 34 35 36 37 38 39 40 41 42 43 44 45 46 47 48 49 50 51 52 53 54 55 56 57 58 59 60 61 62 63 64 65 66 67 68 69 70 71 72 73
exp
0 0.000000 -0.211594 0.000074
1 0.000000 0.033251 0.000001
2 0.000000 0.129419 0.000100
3 0.000000 0.202438 0.000151
4 0.000000 0.209530 0.000062
5 0.000000 0.230025 0.000015
6 0.000000 0.191702 0.000041
7 0.000000 0.200722 -0.000014
8 0.000000 0.165987 0.000003
9 0.000000 0.159461 0.000115
10 0.000000 0.131515 0.000086
11 0.000000 0.145849 -0.000091
12 0.000000 0.105078 -0.000196
13 0.000000 0.064686 -0.000066
14 0.000000 -0.009646 -0.000017
15 0.000000 -0.062723 0.000138
16 0.000000 -0.107524 -0.000001
17 0.000000 -0.104452 -0.000134
18 0.000000 -0.174057 0.000037
19 0.000000 -0.173200 0.000019
20 0.000000 -0.187601 -0.000129
21 0.000000 -0.193840 0.000096
22 0.000000 -0.215186 0.000055
23 0.000000 -0.197399 0.000097
24 0.000000 -0.203626 -0.000034
25 0.000000 -0.175216 -0.000190
26 0.000000 -0.203075 -0.000130
27 0.000000 -0.187025 -0.000112
28 0.000000 -0.224569 0.000130
29 0.000000 -0.198649 0.000123
30 0.000000 -0.203487 -0.000001
31 0.000000 -0.177690 -0.000084
32 0.000000 -0.174996 -0.000234
33 0.000000 -0.165331 -0.000108
34 0.000000 -0.199245 0.000048
35 0.000000 -0.177633 0.000033
36 0.000000 -0.200709 0.000067
37 0.000000 -0.184221 0.000083
38 0.000000 -0.198417 0.000051
39 0.000000 -0.176002 0.000043
40 0.000000 -0.198062 0.000079
41 0.000000 -0.174904 0.000036
42 0.000000 -0.202422 0.000108
43 0.000000 -0.171751 -0.000010
44 0.000000 -0.201722 0.000072
45 0.000000 -0.186703 0.000096
46 0.000000 -0.191674 -0.000035
47 0.000000 -0.169166 -0.000071
48 0.000000 -0.217223 0.000185
49 0.000000 -0.169193 -0.000099
50 0.000000 -0.182925 -0.000123
51 0.000000 -0.180166 0.000058
52 0.000000 -0.197297 0.000039
53 0.000000 -0.184917 0.000084
54 0.000000 -0.204275 0.000064
55 0.000000 -0.179567 -0.000010
56 0.000000 -0.196123 -0.000011
57 0.000000 -0.171017 -0.000043
58 0.000000 -0.194045 -0.000001
59 0.000000 -0.172482 -0.000040
60 0.000000 -0.198996 -0.000023
61 0.000000 -0.200709 0.000129
62 0.000000 -0.211545 0.000070
63 0.000000 -0.192302 0.000087
64 0.000000 -0.202226 -0.000003
65 0.000000 -0.166244 -0.000184
66 0.000000 -0.216733 0.000086
67 0.000000 -0.198125 0.000072
68 0.000000 -0.209729 0.000083
69 0.000000 -0.179810 0.000022
70 0.000000 -0.229032 0.000148
71 0.000000 -0.268756 0.000167
72 0.000000 -0.456718 0.000038
73 0.000000 -0.618207 -0.000065
element 9
poly 0 1 2 3 4 5 6 7 8 9 10 11 12 13 14 15 16 17 18 19 20 21 22 23 24 25 26 27 28 29 30 31 32 33 34 35 36 37 38 39 40 41 42 43 44 45 46 47 48 49 50 51 52 53 54 55 56 57 58 59 60 61 62 63 64 65 66 67 68 69 70 71 72 73
exp
0 0.000000 -0.183526 0.000017
1 0.000000 0.067675 -0.000067
2 0.000000 0.165271 -0.000090
3 0.000000 0.202297 0.000108
4 0.000000 0.194195 0.000093
5 0.000000 0.187811 0.000236
6 0.000000 0.169242 0.000165
7 0.000000 0.190744 0.000044
8 0.000000 0.159332 0.000095
9 0.000000 0.168416 0.000074
10 0.000000 0.142650 0.000003
11 0.000000 0.127842 0.000001
12 0.000000 0.053251 0.000150
13 0.000000 0.019322 0.000165
14 0.000000 -0.026485 0.000054
15 0.000000 -0.056445 0.000071
16 0.000000 -0.114716 0.000063
17 0.000000 -0.128969 0.000050
18 0.000000 -0.180831 0.000119
19 0.000000 -0.160715 -0.000054
20 0.000000 -0.182960 -0.000071
21 0.000000 -0.179649 0.000078
22 0.000000 -0.220168 0.000229
23 0.000000 -0.189500 0.000099
24 0.000000 -0.176203 -0.000160
25 0.000000 -0.166164 -0.000144
26 0.000000 -0.202924 0.000031
27 0.000000 -0.190631 0.000063
28 0.000000 -0.226253 0.000218
29 0.000000 -0.200716 0.000125
30 0.000000 -0.216040 0.000144
31 0.000000 -0.201514 0.000190
32 0.000000 -0.206876 0.000083
33 0.000000 -0.188840 0.000081
34 0.000000 -0.198257 0.000049
35 0.000000 -0.164714 -0.000059
36 0.000000 -0.177145 -0.000102
37 0.000000 -0.158737 -0.000126
38 0.000000 -0.192406 0.000076
39 0.000000 -0.164580 0.000016
40 0.000000 -0.170953 -0.000106
41 0.000000 -0.172599 0.000035
42 0.000000 -0.202606 0.000115
43 0.000000 -0.176178 -0.000019
44 0.000000 -0.186772 -0.000071
45 0.000000 -0.176574 -0.000001
46 0.000000 -0.193981 0.000052
47 0.000000 -0.161955 -0.000058
48 0.000000 -0.187306 -0.000014
49 0.000000 -0.164503 -0.000119
50 0.000000 -0.204008 0.000077
51 0.000000 -0.181633 0.000018
52 0.000000 -0.200006 0.000017
53 0.000000 -0.199427 0.000154
54 0.000000 -0.196756 -0.000032
55 0.000000 -0.169573 -0.000133
56 0.000000 -0.185255 -0.000096
57 0.000000 -0.174104 0.000011
58 0.000000 -0.197607 0.000053
59 0.000000 -0.186428 0.000082
60 0.000000 -0.195095 0.000022
61 0.000000 -0.168207 -0.000041
62 0.000000 -0.189643 0.000023
63 0.000000 -0.179384 0.000081
64 0.000000 -0.208505 0.000189
65 0.000000 -0.196386 0.000224
66 0.000000 -0.212571 0.000180
67 0.000000 -0.191929 0.000112
68 0.000000 -0.205123 0.000104
69 0.000000 -0.189740 0.000099
70 0.000000 -0.215632 0.000014
71 0.000000 -0.264877 0.000087
72 0.000000 -0.461073 0.000036
73 0.000000 -0.646258 0.000097
element 10
poly 0 1 2 3 4 5 6 7 8 9 10 11 12 13 14 15 16 17 18 19 20 21 22 23 24 25 26 27 28 29 30 31 32 33 34 35 36 37 38 39 40 41 42 43 44 45 46 47 48 49 50 51 52 53 54 55 56 57 58 59 60 61 62 63 64 65 66 67 68 69 70 71 72 73
exp
0 0.000000 -0.197100 0.000136
1 0.000000 0.048635 0.000090
2 0.000000 0.138663 0.000116
3 0.000000 0.198483 0.000106
4 0.000000 0.221036 -0.000161
5 0.000000 0.221587 -0.000060
6 0.000000 0.191064 -0.000071
7 0.000000 0.196967 -0.000105
8 0.000000 0.177091 -0.000159
9 0.000000 0.178941 -0.000101
10 0.000000 0.142522 -0.000051
11 0.000000 0.120075 0.000055
12 0.000000 0.054692 0.000151
13 0.000000 0.043473 -0.000027
14 0.000000 -0.016298 -0.000080
15 0.000000 -0.063220 0.000000
16 0.000000 -0.125139 0.000047
17 0.000000 -0.117150 -0.000138
18 0.000000 -0.184813 0.000119
19 0.000000 -0.179908 0.000116
20 0.000000 -0.194986 0.000081
21 0.000000 -0.188671 0.000211
22 0.000000 -0.193317 0.000047
23 0.000000 -0.178309 0.000071
24 0.000000 -0.196963 0.000125
25 0.000000 -0.174299 0.000034
26 0.000000 -0.182790 -0.000086
27 0.000000 -0.174980 -0.000029
28 0.000000 -0.193759 -0.000008
29 0.000000 -0.190299 0.000128
30 0.000000 -0.186844 -0.000022
31 0.000000 -0.168235 0.000006
32 0.000000 -0.199766 0.000174
33 0.000000 -0.174118 0.000090
34 0.000000 -0.186730 0.000036
35 0.000000 -0.174932 0.000060
36 0.000000 -0.209941 0.000243
37 0.000000 -0.178964 0.000105
38 0.000000 -0.193247 0.000005
39 0.000000 -0.195155 0.000116
40 0.000000 -0.204175 0.000039
41 0.000000 -0.183442 0.000015
42 0.000000 -0.188084 -0.000061
43 0.000000 -0.198093 0.000222
44 0.000000 -0.213257 0.000248
45 0.000000 -0.168604 0.000010
46 0.000000 -0.179088 -0.000073
47 0.000000 -0.179260 0.000057
48 0.000000 -0.197019 0.000081
49 0.000000 -0.171457 0.000015
50 0.000000 -0.194888 0.000079
51 0.000000 -0.192000 0.000206
52 0.000000 -0.206922 0.000157
53 0.000000 -0.179928 0.000040
54 0.000000 -0.182454 -0.000107
55 0.000000 -0.169072 -0.000066
56 0.000000 -0.185706 -0.000052
57 0.000000 -0.148509 -0.000246
58 0.000000 -0.189526 -0.000061
59 0.000000 -0.172833 -0.000122
60 0.000000 -0.195818 -0.000049
61 0.000000 -0.183920 0.000026
62 0.000000 -0.192676 -0.000015
63 0.000000 -0.183554 0.000073
64 0.000000 -0.202698 0.000034
65 0.000000 -0.185776 -0.000035
66 0.000000 -0.198074 -0.000059
67 0.000000 -0.177978 -0.000052
68 0.000000 -0.193572 -0.000051
69 0.000000 -0.179877 -0.000063
70 0.000000 -0.213771 -0.000047
71 0.000000 -0.253518 -0.000021
72 0.000000 -0.447198 -0.000068
73 0.000000 -0.628290 -0.000027
element 11
poly 0 1 2 3 4 5 6 7 8 9 10 11 12 13 14 15 16 17 18 19 20 21 22 23 24 25 26 27 28 29 30 31 32 33 34 35 36 37 38 39 40 41 42 43 44 45 46 47 48 49 50 51 52 53 54 55 56 57 58 59 60 61 62 63 64 65 66 67 68 69 70 71 72 73
exp
0 0.000000 -0.187816 -0.000034
1 0.000000 0.072347 -0.000018
2 0.000000 0.155607 0.000127
3 0.000000 0.233702 -0.000044
4 0.000000 0.240878 -0.000193
5 0.000000 0.228063 0.000035
6 0.000000 0.205891 -0.000052
7 0.000000 0.220789 -0.000148
8 0.000000 0.187130 -0.000135
9 0.000000 0.184930 -0.000061
10 0.000000 0.133943 0.000084
11 0.000000 0.115771 0.000113
12 0.000000 0.055157 0.000100
13 0.000000 0.031169 -0.000002
14 0.000000 -0.024706 -0.000082
15 0.000000 -0.060432 -0.000071
16 0.000000 -0.112654 -0.000165
17 0.000000 -0.121373 -0.000226
18 0.000000 -0.175361 -0.000161
19 0.000000 -0.188721 -0.000028
20 0.000000 -0.216598 0.000037
21 0.000000 -0.187880 0.000017
22 0.000000 -0.206506 0.000027
23 0.000000 -0.191494 0.000122
24 0.000000 -0.200982 0.000070
25 0.000000 -0.208695 0.000279
26 0.000000 -0.205512 0.000104
27 0.000000 -0.171671 -0.000017
28 0.000000 -0.191377 -0.000049
29 0.000000 -0.172144 -0.000122
30 0.000000 -0.195881 -0.000083
31 0.000000 -0.174457 -0.000127
32 0.000000 -0.201670 -0.000045
33 0.000000 -0.178846 -0.000113
34 0.000000 -0.221265 0.000092
35 0.000000 -0.188768 -0.000067
36 0.000000 -0.204387 -0.000057
37 0.000000 -0.180125 -0.000083
38 0.000000 -0.211891 0.000041
39 0.000000 -0.185327 -0.000056
40 0.000000 -0.201572 -0.000054
41 0.000000 -0.192269 0.000041
42 0.000000 -0.241949 0.000307
43 0.000000 -0.209106 0.000135
44 0.000000 -0.206590 -0.000033
45 0.000000 -0.179176 -0.000092
46 0.000000 -0.211976 0.000060
47 0.000000 -0.175807 -0.000115
48 0.000000 -0.190720 -0.000135
49 0.000000 -0.184239 -0.000012
50 0.000000 -0.199858 0.000005
51 0.000000 -0.189723 0.000098
52 0.000000 -0.179896 -0.000162
53 0.000000 -0.163380 -0.000142
54 0.000000 -0.180753 -0.000119
55 0.000000 -0.175341 0.000021
56 0.000000 -0.201415 0.000060
57 0.000000 -0.187316 0.000034
58 0.000000 -0.185358 -0.000211
59 0.000000 -0.199899 0.000054
60 0.000000 -0.217563 0.000038
61 0.000000 -0.196232 -0.000001
62 0.000000 -0.198708 -0.000093
63 0.000000 -0.185085 -0.000009
64 0.000000 -0.202835 -0.000019
65 0.000000 -0.183174 -0.000061
66 0.000000 -0.206305 -0.000010
67 0.000000 -0.166990 -0.000203
68 0.000000 -0.202912 0.000004
69 0.000000 -0.221328 0.000329
70 0.000000 -0.235219 0.000054
71 0.000000 -0.276784 -0.000037
72 0.000000 -0.516968 0.000187
73 0.000000 -0.700845 0.000143
element 12
poly 0 1 2 3 4 5 6 7 8 9 10 11 12 13 14 15 16 17 18 19 20 21 22 23 24 25 26 27 28 29 30 31 32 33 34 35 36 37 38 39 40 41 42 43 44 45 46 47 48 49 50 51 52 53 54 55 56 57 58 59 60 61 62 63 64 65 66 67 68 69 70 71 72 73
exp
0 0.000000 -0.184574 -0.000107
1 0.000000 0.102031 0.000001
2 0.000000 0.194552 -0.000052
3 0.000000 0.214865 0.000187
4 0.000000 0.203231 0.000135
5 0.000000 0.220423 0.000093
6 0.000000 0.187130 0.000060
7 0.000000 0.207394 -0.000082
8 0.000000 0.168213 -0.000052
9 0.000000 0.163439 0.000039
10 0.000000 0.130178 0.000063
11 0.000000 0.119857 0.000108
12 0.000000 0.083544 -0.000072
13 0.000000 0.069628 -0.000198
14 0.000000 -0.007667 -0.000083
15 0.000000 -0.064499 0.000139
16 0.000000 -0.126424 0.000097
17 0.000000 -0.115342 -0.000124
18 0.000000 -0.197648 0.000121
19 0.000000 -0.205492 0.000153
20 0.000000 -0.202141 -0.000088
21 0.000000 -0.160949 -0.000203
22 0.000000 -0.190076 -0.000147
23 0.000000 -0.165177 -0.000138
24 0.000000 -0.191163 -0.000027
25 0.000000 -0.192287 0.000102
26 0.000000 -0.203700 -0.000029
27 0.000000 -0.191561 -0.000001
28 0.000000 -0.193962 -0.000205
29 0.000000 -0.183948 -0.000148
30 0.000000 -0.205684 -0.000093
31 0.000000 -0.188699 -0.000002
32 0.000000 -0.214496 0.000144
33 0.000000 -0.188902 0.000158
34 0.000000 -0.195999 0.000025
35 0.000000 -0.195052 0.000165
36 0.000000 -0.183280 -0.000150
37 0.000000 -0.152579 -0.000269
38 0.000000 -0.190718 -0.000094
39 0.000000 -0.175485 -0.000056
40 0.000000 -0.225325 0.000190
41 0.000000 -0.215946 0.000236
42 0.000000 -0.233499 0.000223
43 0.000000 -0.214583 0.000257
44 0.000000 -0.209911 0.000110
45 0.000000 -0.149723 -0.000204
46 0.000000 -0.190705 -0.000026
47 0.000000 -0.187866 0.000095
48 0.000000 -0.217566 0.000170
49 0.000000 -0.209063 0.000257
50 0.000000 -0.206835 0.000024
51 0.000000 -0.173638 -0.000124
52 0.000000 -0.186161 -0.000218
53 0.000000 -0.185118 -0.000069
54 0.000000 -0.215634 0.000056
55 0.000000 -0.179946 -0.000072
56 0.000000 -0.189310 -0.000144
57 0.000000 -0.169733 -0.000133
58 0.000000 -0.196795 -0.000022
59 0.000000 -0.186902 0.000117
60 0.000000 -0.196682 0.000103
61 0.000000 -0.174498 0.000142
62 0.000000 -0.198820 0.000117
63 0.000000 -0.175413 -0.000005
64 0.000000 -0.183959 -0.000168
65 0.000000 -0.185901 -0.000011
66 0.000000 -0.218912 0.000107
67 0.000000 -0.204174 0.000160
68 0.000000 -0.201653 -0.000031
69 0.000000 -0.182728 -0.000044
70 0.000000 -0.224091 0.000110
71 0.000000 -0.231162 0.000025
72 0.000000 -0.463130 0.000038
73 0.000000 -0.697797 0.000138
element 13
poly 0 1 2 3 4 5 6 7 8 9 10 11 12 13 14 15 16 17 18 19 20 21 22 23 24 25 26 27 28 29 30 31 32 33 34 35 36 37 38 39 40 41 42 43 44 45 46 47 48 49 50 51 52 53 54 55 56 57 58 59 60 61 62 63 64 65 66 67 68 69 70 71 72 73
exp
0 0.000000 -0.215978 0.000223
1 0.000000 0.078515 0.000081
2 0.000000 0.168775 -0.000043
3 0.000000 0.209407 0.000040
4 0.000000 0.190557 0.000045
5 0.000000 0.189228 0.000181
6 0.000000 0.156559 0.000143
7 0.000000 0.185519 -0.000026
8 0.000000 0.160146 -0.000114
9 0.000000 0.148149 0.000095
10 0.000000 0.104655 0.000198
11 0.000000 0.134251 -0.000093
12 0.000000 0.076793 -0.000085
13 0.000000 0.044534 -0.000021
14 0.000000 -0.024693 0.000094
15 0.000000 -0.029913 -0.000093
16 0.000000 -0.084856 -0.000234
17 0.000000 -0.105066 -0.000176
18 0.000000 -0.172912 0.000026
19 0.000000 -0.155858 -0.000035
20 0.000000 -0.191456 0.000094
21 0.000000 -0.144538 -0.000059
22 0.000000 -0.179501 0.000011
23 0.000000 -0.168810 0.000176
24 0.000000 -0.175943 0.000026
25 0.000000 -0.169134 0.000037
26 0.000000 -0.193718 0.000033
27 0.000000 -0.165184 -0.000015
28 0.000000 -0.177522 -0.000089
29 0.000000 -0.151620 -0.000114
30 0.000000 -0.186669 0.000014
31 0.000000 -0.158938 -0.000040
32 0.000000 -0.182413 -0.000026
33 0.000000 -0.154440 -0.000082
34 0.000000 -0.176904 -0.000055
35 0.000000 -0.155412 -0.000052
36 0.000000 -0.192566 0.000120
37 0.000000 -0.170011 0.000159
38 0.000000 -0.167222 -0.000073
39 0.000000 -0.149456 -0.000025
40 0.000000 -0.194164 0.000099
41 0.000000 -0.163880 -0.000073
42 0.000000 -0.170297 -0.000183
43 0.000000 -0.148458 -0.000128
44 0.000000 -0.206253 0.000189
45 0.000000 -0.165840 -0.000025
46 0.000000 -0.178082 -0.000095
47 0.000000 -0.171559 0.000061
48 0.000000 -0.181019 -0.000010
49 0.000000 -0.141979 -0.000105
50 0.000000 -0.180375 0.000039
51 0.000000 -0.176572 0.000179
52 0.000000 -0.198471 0.000170
53 0.000000 -0.144521 -0.000114
54 0.000000 -0.184455 0.000033
55 0.000000 -0.164995 0.000026
56 0.000000 -0.174265 -0.000086
57 0.000000 -0.169913 0.000087
58 0.000000 -0.186218 0.000050
59 0.000000 -0.136202 -0.000214
60 0.000000 -0.164239 -0.000147
61 0.000000 -0.150959 -0.000051
62 0.000000 -0.177802 -0.000015
63 0.000000 -0.166214 0.000055
64 0.000000 -0.189098 0.000034
65 0.000000 -0.152084 -0.000115
66 0.000000 -0.165288 -0.000127
67 0.000000 -0.152990 0.000028
68 0.000000 -0.157674 -0.000139
69 0.000000 -0.149728 -0.000077
70 0.000000 -0.192906 0.000093
71 0.000000 -0.189357 0.000045
72 0.000000 -0.433797 0.000167
73 0.000000 -0.631781 0.000059
element 14
poly 0 1 2 3 4 5 6 7 8 9 10 11 12 13 14 15 16 17 18 19 20 21 22 23 24 25 26 27 28 29 30 31 32 33 34 35 36 37 38 39 40 41 42 43 44 45 46 47 48 49 50 51 52 53 54 55 56 57 58 59 60 61 62 63 64 65 66 67 68 69 70 71 72 73
exp
0 0.000000 -0.100874 0.000080
1 0.000000 0.033912 -0.000047
2 0.000000 0.074947 0.000017
3 0.000000 0.097214 0.000087
4 0.000000 0.090481 0.000105
5 0.000000 0.101421 0.000047
6 0.000000 0.088044 0.000050
7 0.000000 0.099192 -0.000016
8 0.000000 0.079308 0.000032
9 0.000000 0.081328 0.000031
10 0.000000 0.070029 -0.000010
11 0.000000 0.061848 0.000017
12 0.000000 0.029313 0.000040
13 0.000000 0.015170 0.000007
14 0.000000 -0.002863 -0.000082
15 0.000000 -0.018213 -0.000073
16 0.000000 -0.056083 -0.000006
17 0.000000 -0.069598 0.000031
18 0.000000 -0.090665 0.000018
19 0.000000 -0.089198 0.000014
20 0.000000 -0.091153 -0.000060
21 0.000000 -0.090235 0.000028
22 0.000000 -0.102681 0.000040
23 0.000000 -0.085572 -0.000017
24 0.000000 -0.089093 -0.000026
25 0.000000 -0.085285 0.000010
26 0.000000 -0.099792 0.000057
27 0.000000 -0.092764 0.000055
28 0.000000 -0.094104 -0.000012
29 0.000000 -0.071327 -0.000144
30 0.000000 -0.090659 -0.000033
31 0.000000 -0.081772 -0.000033
32 0.000000 -0.077842 -0.000156
33 0.000000 -0.082557 -0.000045
34 0.000000 -0.103667 0.000069
35 0.000000 -0.094676 0.000066
36 0.000000 -0.094206 -0.000005
37 0.000000 -0.081320 -0.000031
38 0.000000 -0.083783 -0.000074
39 0.000000 -0.080652 -0.000021
40 0.000000 -0.088649 -0.000035
41 0.000000 -0.084518 -0.000005
42 0.000000 -0.089397 -0.000045
43 0.000000 -0.076760 -0.000098
44 0.000000 -0.096512 -0.000009
45 0.000000 -0.084568 -0.000056
46 0.000000 -0.097432 -0.000018
47 0.000000 -0.090101 -0.000012
48 0.000000 -0.096763 -0.000022
49 0.000000 -0.096675 0.000056
50 0.000000 -0.110734 0.000117
51 0.000000 -0.089513 0.000004
52 0.000000 -0.097165 0.000005
53 0.000000 -0.085985 -0.000024
54 0.000000 -0.098534 0.000007
55 0.000000 -0.084905 -0.000048
56 0.000000 -0.094360 -0.000024
57 0.000000 -0.084519 -0.000021
58 0.000000 -0.097393 0.000011
59 0.000000 -0.081968 -0.000072
60 0.000000 -0.092756 -0.000050
61 0.000000 -0.091703 0.000025
62 0.000000 -0.085335 -0.000082
63 0.000000 -0.079616 -0.000034
64 0.000000 -0.100471 0.000070
65 0.000000 -0.089226 0.000029
66 0.000000 -0.092979 -0.000004
67 0.000000 -0.090350 0.000052
68 0.000000 -0.097380 0.000012
69 0.000000 -0.099270 0.000057
70 0.000000 -0.115295 0.000047
71 0.000000 -0.135966 0.000058
72 0.000000 -0.226126 -0.000028
73 0.000000 -0.315674 -0.000020
element 15
poly 0 1 2 3 4 5 6 7 8 9 10 11 12 13 14 15 16 17 18 19 20 21 22 23 24 25 26 27 28 29 30 31 32 33 34 35 36 37 38 39 40 41 42 43 44 45 46 47 48 49 50 51 52 53 54 55 56 57 58 59 60 61 62 63 64 65 66 67 68 69 70 71 72 73
exp
0 0.000000 -0.089186 -0.000203
1 0.000000 0.071422 0.000096
2 0.000000 0.105612 0.000139
3 0.000000 0.148615 -0.000110
4 0.000000 0.142997 -0.000159
5 0.000000 0.137971 -0.000003
6 0.000000 0.104341 0.000097
7 0.000000 0.126363 -0.000027
8 0.000000 0.094243 0.000089
9 0.000000 0.114289 0.000003
10 0.000000 0.112203 -0.000178
11 0.000000 0.083018 0.000032
12 0.000000 0.029614 0.000130
13 0.000000 0.023263 -0.000014
14 0.000000 -0.005311 -0.000097
15 0.000000 -0.049548 0.000141
16 0.000000 -0.079802 0.000036
17 0.000000 -0.074599 -0.000068
18 0.000000 -0.114358 0.000041
19 0.000000 -0.119648 0.000155
20 0.000000 -0.130194 0.000090
21 0.000000 -0.110325 0.000069
22 0.000000 -0.104377 -0.000153
23 0.000000 -0.106159 0.000004
24 0.000000 -0.142383 0.000238
25 0.000000 -0.110460 0.000015
26 0.000000 -0.107257 -0.000138
27 0.000000 -0.118109 0.000102
28 0.000000 -0.116381 -0.000058
29 0.000000 -0.127630 0.000139
30 0.000000 -0.128906 0.000046
31 0.000000 -0.103704 -0.000045
32 0.000000 -0.102024 -0.000175
33 0.000000 -0.104640 -0.000026
34 0.000000 -0.135650 0.000133
35 0.000000 -0.112949 0.000064
36 0.000000 -0.113785 -0.000087
37 0.000000 -0.102689 -0.000095
38 0.000000 -0.114780 -0.000110
39 0.000000 -0.095481 -0.000147
40 0.000000 -0.089445 -0.000300
41 0.000000 -0.093464 -0.000119
42 0.000000 -0.129017 0.000047
43 0.000000 -0.126602 0.000078
44 0.000000 -0.128670 -0.000003
45 0.000000 -0.104089 -0.000053
46 0.000000 -0.112350 -0.000091
47 0.000000 -0.086837 -0.000215
48 0.000000 -0.121644 -0.000050
49 0.000000 -0.133032 0.000153
50 0.000000 -0.126447 0.000014
51 0.000000 -0.102524 -0.000033
52 0.000000 -0.105354 -0.000141
53 0.000000 -0.105314 -0.000039
54 0.000000 -0.136461 0.000116
55 0.000000 -0.117382 0.000060
56 0.000000 -0.129308 0.000022
57 0.000000 -0.105568 -0.000095
58 0.000000 -0.125435 -0.000030
59 0.000000 -0.133652 0.000185
60 0.000000 -0.120677 -0.000024
61 0.000000 -0.090494 -0.000157
62 0.000000 -0.125995 0.000044
63 0.000000 -0.115971 0.000087
64 0.000000 -0.110701 -0.000078
65 0.000000 -0.113392 0.000066
66 0.000000 -0.119601 -0.000007
67 0.000000 -0.110698 0.000026
68 0.000000 -0.127064 0.000082
69 0.000000 -0.102373 -0.000004
70 0.000000 -0.133380 0.000152
71 0.000000 -0.139912 0.000163
72 0.000000 -0.275732 -0.000091
73 0.000000 -0.430036 -0.000066
element 16
poly 0 1 2 3 4 5 6 7 8 9 10 11 12 13 14 15 16 17 18 19 20 21 22 23 24 25 26 27 28 29 30 31 32 33 34 35 36 37 38 39 40 41 42 43 44 45 46 47 48 49 50 51 52 53 54 55 56 57 58 59 60 61 62 63 64 65 66 67 68 69 70 71 72 73
exp
0 0.000000 -0.138205 -0.000001
1 0.000000 0.119946 0.000010
2 0.000000 0.174364 -0.000035
3 0.000000 0.176435 0.000106
4 0.000000 0.175820 -0.000070
5 0.000000 0.180051 -0.000007
6 0.000000 0.115543 0.000281
7 0.000000 0.131430 0.000200
8 0.000000 0.139482 -0.000117
9 0.000000 0.139423 -0.000029
10 0.000000 0.090995 0.000165
11 0.000000 0.113500 -0.000091
12 0.000000 0.043580 0.000069
13 0.000000 0.011400 0.000124
14 0.000000 -0.017684 -0.000066
15 0.000000 -0.040235 -0.000070
16 0.000000 -0.110216 0.000072
17 0.000000 -0.103612 -0.000060
18 0.000000 -0.145095 -0.000015
19 0.000000 -0.151532 0.000128
20 0.000000 -0.166644 0.000086
21 0.000000 -0.128523 -0.000068
22 0.000000 -0.161986 0.000043
23 0.000000 -0.142086 0.000088
24 0.000000 -0.148204 0.000052
25 0.000000 -0.138116 0.000055
26 0.000000 -0.150681 -0.000046
27 0.000000 -0.133031 -0.000066
28 0.000000 -0.160622 0.000018
29 0.000000 -0.128993 -0.000104
30 0.000000 -0.148868 -0.000084
31 0.000000 -0.144886 0.000028
32 0.000000 -0.156852 -0.000026
33 0.000000 -0.134072 -0.000070
34 0.000000 -0.143538 -0.000114
35 0.000000 -0.139532 0.000023
36 0.000000 -0.165479 0.000102
37 0.000000 -0.141300 0.000054
38 0.000000 -0.145159 -0.000068
39 0.000000 -0.122595 -0.000112
40 0.000000 -0.149693 -0.000015
41 0.000000 -0.143456 0.000085
42 0.000000 -0.163494 0.000048
43 0.000000 -0.143752 -0.000028
44 0.000000 -0.172067 0.000051
45 0.000000 -0.168455 0.000184
46 0.000000 -0.170354 0.000059
47 0.000000 -0.133437 -0.000086
48 0.000000 -0.166831 0.000071
49 0.000000 -0.161949 0.000182
50 0.000000 -0.164428 0.000048
51 0.000000 -0.137240 -0.000039
52 0.000000 -0.156499 -0.000010
53 0.000000 -0.140334 0.000011
54 0.000000 -0.192024 0.000284
55 0.000000 -0.148029 -0.000006
56 0.000000 -0.149919 -0.000156
57 0.000000 -0.147794 -0.000001
58 0.000000 -0.148605 -0.000118
59 0.000000 -0.117456 -0.000219
60 0.000000 -0.133874 -0.000146
61 0.000000 -0.125786 0.000007
62 0.000000 -0.170456 0.000174
63 0.000000 -0.149474 0.000048
64 0.000000 -0.155984 -0.000010
65 0.000000 -0.115349 -0.000163
66 0.000000 -0.141166 -0.000144
67 0.000000 -0.169515 0.000199
68 0.000000 -0.179815 0.000143
69 0.000000 -0.134208 -0.000122
70 0.000000 -0.148772 -0.000145
71 0.000000 -0.186537 0.000163
72 0.000000 -0.379373 0.000030
73 0.000000 -0.554163 -0.000127
element 17
poly 0 1 2 3 4 5 6 7 8 9 10 11 12 13 14 15 16 17 18 19 20 21 22 23 24 25 26 27 28 29 30 31 32 33 34 35 36 37 38 39 40 41 42 43 44 45 46 47 48 49 50 51 52 53 54 55 56 57 58 59 60 61 62 63 64 65 66 67 68 69 70 71 72 73
exp
0 0.000000 -0.148164 -0.000039
1 0.000000 0.088522 0.000262
2 0.000000 0.154524 -0.000017
3 0.000000 0.200124 -0.000173
4 0.000000 0.155974 0.000004
5 0.000000 0.183417 -0.000085
6 0.000000 0.140351 -0.000017
7 0.000000 0.150607 0.000083
8 0.000000 0.118060 0.000046
9 0.000000 0.143807 -0.000034
10 0.000000 0.111412 -0.000083
11 0.000000 0.068668 0.000282
12 0.000000 0.031238 0.000111
13 0.000000 0.028790 0.000014
14 0.000000 -0.010437 -0.000095
15 0.000000 -0.051054 0.000137
16 0.000000 -0.098626 0.000058
17 0.000000 -0.117710 0.000283
18 0.000000 -0.131718 -0.000031
19 0.000000 -0.091746 -0.000279
20 0.000000 -0.157499 0.000018
21 0.000000 -0.132371 0.000053
22 0.000000 -0.152747 -0.000006
23 0.000000 -0.115431 0.000010
24 0.000000 -0.132083 -0.000018
25 0.000000 -0.131794 0.000105
26 0.000000 -0.142526 -0.000033
27 0.000000 -0.106004 -0.000080
28 0.000000 -0.151022 0.000045
29 0.000000 -0.120160 -0.000062
30 0.000000 -0.157766 0.000038
31 0.000000 -0.133822 0.000049
32 0.000000 -0.144889 -0.000044
33 0.000000 -0.110740 -0.000097
34 0.000000 -0.149467 -0.000017
35 0.000000 -0.122293 -0.000089
36 0.000000 -0.147078 -0.000055
37 0.000000 -0.127578 0.000038
38 0.000000 -0.162287 0.000096
39 0.000000 -0.141578 0.000111
40 0.000000 -0.152433 -0.000013
41 0.000000 -0.130356 0.000038
42 0.000000 -0.145308 -0.000038
43 0.000000 -0.117090 -0.000064
44 0.000000 -0.140961 -0.000078
45 0.000000 -0.147260 0.000218
46 0.000000 -0.150268 -0.000031
47 0.000000 -0.135014 -0.000001
48 0.000000 -0.172348 0.000083
49 0.000000 -0.145786 0.000043
50 0.000000 -0.134841 -0.000213
51 0.000000 -0.124306 -0.000011
52 0.000000 -0.143182 -0.000033
53 0.000000 -0.115053 -0.000030
54 0.000000 -0.145079 -0.000024
55 0.000000 -0.120786 -0.000071
56 0.000000 -0.151102 -0.000016
57 0.000000 -0.129721 0.000033
58 0.000000 -0.168558 0.000176
59 0.000000 -0.101083 -0.000165
60 0.000000 -0.144311 -0.000020
61 0.000000 -0.137026 0.000110
62 0.000000 -0.155108 0.000036
63 0.000000 -0.102414 -0.000209
64 0.000000 -0.149055 -0.000026
65 0.000000 -0.135367 0.000050
66 0.000000 -0.140658 -0.000062
67 0.000000 -0.129388 0.000159
68 0.000000 -0.158447 0.000161
69 0.000000 -0.141268 0.000183
70 0.000000 -0.137726 0.000020
71 0.000000 -0.079698 -0.000225
72 0.000000 -0.346444 0.000095
73 0.000000 -0.557760 0.000119
element 18
poly 0 1 2 3 4 5 6 7 8 9 10 11 12 13 14 15 16 17 18 19 20 21 22 23 24 25 26 27 28 29 30 31 32 33 34 35 36 37 38 39 40 41 42 43 44 45 46 47 48 49 50 51 52 53 54 55 56 57 58 59 60 61 62 63 64 65 66 67 68 69 70 71 72 73
exp
0 0.000000 -0.163420 0.000103
1 0.000000 0.074060 0.000029
2 0.000000 0.131460 0.000022
3 0.000000 0.168550 -0.000049
4 0.000000 0.149848 -0.000038
5 0.000000 0.140434 0.000142
6 0.000000 0.101590 0.000193
7 0.000000 0.129906 -0.000041
8 0.000000 0.116260 -0.000119
9 0.000000 0.127036 -0.000087
10 0.000000 0.106441 -0.000087
11 0.000000 0.078484 0.000169
12 0.000000 0.037851 0.000150
13 0.000000 0.049344 -0.000125
14 0.000000 -0.024291 0.000100
15 0.000000 -0.052796 0.000134
16 0.000000 -0.104710 0.000184
17 0.000000 -0.095231 0.000058
18 0.000000 -0.136844 0.000107
19 0.000000 -0.115370 -0.000029
20 0.000000 -0.127394 -0.000071
21 0.000000 -0.119697 0.000088
22 0.000000 -0.144549 0.000139
23 0.000000 -0.093266 -0.000145
24 0.000000 -0.099224 -0.000187
25 0.000000 -0.099395 -0.000075
26 0.000000 -0.149565 0.000178
27 0.000000 -0.115048 -0.000019
28 0.000000 -0.111231 -0.000170
29 0.000000 -0.100367 -0.000067
30 0.000000 -0.124105 -0.000004
31 0.000000 -0.113034 0.000024
32 0.000000 -0.122122 -0.000002
33 0.000000 -0.116044 0.000130
34 0.000000 -0.125395 0.000055
35 0.000000 -0.103744 -0.000023
36 0.000000 -0.110063 -0.000151
37 0.000000 -0.125277 0.000084
38 0.000000 -0.127995 -0.000022
39 0.000000 -0.105292 -0.000039
40 0.000000 -0.108329 -0.000166
41 0.000000 -0.111976 -0.000028
42 0.000000 -0.161248 0.000223
43 0.000000 -0.131594 0.000073
44 0.000000 -0.116568 -0.000153
45 0.000000 -0.110234 0.000025
46 0.000000 -0.124174 0.000022
47 0.000000 -0.099687 -0.000043
48 0.000000 -0.123703 -0.000024
49 0.000000 -0.115754 -0.000027
50 0.000000 -0.098323 -0.000294
51 0.000000 -0.089748 -0.000158
52 0.000000 -0.128764 0.000035
53 0.000000 -0.093498 -0.000184
54 0.000000 -0.127648 -0.000002
55 0.000000 -0.125102 0.000159
56 0.000000 -0.121195 -0.000025
57 0.000000 -0.106213 -0.000030
58 0.000000 -0.123778 -0.000054
59 0.000000 -0.121473 0.000034
60 0.000000 -0.133577 0.000011
61 0.000000 -0.123931 0.000104
62 0.000000 -0.134670 0.000017
63 0.000000 -0.107699 -0.000114
64 0.000000 -0.119214 -0.000120
65 0.000000 -0.105998 -0.000056
66 0.000000 -0.113290 -0.000133
67 0.000000 -0.117905 0.000041
68 0.000000 -0.125906 0.000023
69 0.000000 -0.086903 -0.000155
70 0.000000 -0.113925 0.000066
71 0.000000 -0.094948 0.000093
72 0.000000 -0.288853 0.000151
73 0.000000 -0.443340 -0.000103
element 19
poly 0 1 2 3 4 5 6 7 8 9 10 11 12 13 14 15 16 17 18 19 20 21 22 23 24 25 26 27 28 29 30 31 32 33 34 35 36 37 38 39 40 41 42 43 44 45 46 47 48 49 50 51 52 53 54 55 56 57 58 59 60 61 62 63 64 65 66 67 68 69 70 71 72 73
exp
0 0.000000 -0.150905 0.000000
1 0.000000 0.104897 -0.000072
2 0.000000 0.136525 0.000075
3 0.000000 0.166298 0.000171
4 0.000000 0.155647 0.000023
5 0.000000 0.177173 -0.000049
6 0.000000 0.124630 0.000054
7 0.000000 0.145384 -0.000022
8 0.000000 0.114640 -0.000049
9 0.000000 0.110128 0.000126
10 0.000000 0.082974 0.000136
11 0.000000 0.117702 -0.000087
12 0.000000 0.083632 -0.000221
13 0.000000 0.054112 -0.000066
14 0.000000 -0.012066 -0.000013
15 0.000000 -0.060246 0.000211
16 0.000000 -0.090786 0.000033
17 0.000000 -0.054031 -0.000204
18 0.000000 -0.138020 0.000093
19 0.000000 -0.128885 0.000071
20 0.000000 -0.127517 -0.000204
21 0.000000 -0.131336 0.000086
22 0.000000 -0.159888 0.000059
23 0.000000 -0.135529 0.000130
24 0.000000 -0.142372 -0.000011
25 0.000000 -0.109249 -0.000182
26 0.000000 -0.145498 -0.000096
27 0.000000 -0.120169 -0.000143
28 0.000000 -0.168281 0.000162
29 0.000000 -0.137268 0.000185
30 0.000000 -0.143330 -0.000016
31 0.000000 -0.120009 -0.000072
32 0.000000 -0.116921 -0.000239
33 0.000000 -0.103698 -0.000095
34 0.000000 -0.150777 0.000114
35 0.000000 -0.116779 0.000015
36 0.000000 -0.142681 0.000028
37 0.000000 -0.127145 0.000094
38 0.000000 -0.143517 0.000027
39 0.000000 -0.115483 0.000009
40 0.000000 -0.143055 0.000065
41 0.000000 -0.112970 0.000006
42 0.000000 -0.148564 0.000111
43 0.000000 -0.105639 -0.000072
44 0.000000 -0.143937 0.000037
45 0.000000 -0.134201 0.000144
46 0.000000 -0.130826 -0.000088
47 0.000000 -0.099250 -0.000144
48 0.000000 -0.175184 0.000305
49 0.000000 -0.110843 -0.000099
50 0.000000 -0.120202 -0.000193
51 0.000000 -0.125384 0.000111
52 0.000000 -0.143695 0.000058
53 0.000000 -0.122769 0.000066
54 0.000000 -0.149554 0.000067
55 0.000000 -0.118514 -0.000029
56 0.000000 -0.139952 -0.000024
57 0.000000 -0.110071 -0.000051
58 0.000000 -0.140370 0.000022
59 0.000000 -0.108739 -0.000051
60 0.000000 -0.139834 -0.000036
61 0.000000 -0.143650 0.000152
62 0.000000 -0.150938 0.000034
63 0.000000 -0.129536 0.000096
64 0.000000 -0.143115 -0.000005
65 0.000000 -0.091363 -0.000273
66 0.000000 -0.158452 0.000082
67 0.000000 -0.143113 0.000119
68 0.000000 -0.146074 0.000045
69 0.000000 -0.099938 -0.000049
70 0.000000 -0.131258 0.000127
71 0.000000 -0.111179 0.000184
72 0.000000 -0.308324 0.000002
73 0.000000 -0.487779 -0.000155
element 20
poly 0 1 2 3 4 5 6 7 8 9 10 11 12 13 14 15 16 17 18 19 20 21 22 23 24 25 26 27 28 29 30 31 32 33 34 35 36 37 38 39 40 41 42 43 44 45 46 47 48 49 50 51 52 53 54 55 56 57 58 59 60 61 62 63 64 65 66 67 68 69 70 71 72 73
exp
0 0.000000 -0.151578 0.000030
1 0.000000 0.107531 -0.000079
2 0.000000 0.156123 -0.000121
3 0.000000 0.161604 0.000122
4 0.000000 0.142832 0.000028
5 0.000000 0.134552 0.000210
6 0.000000 0.109479 0.000137
7 0.000000 0.147696 -0.000043
8 0.000000 0.106073 0.000055
9 0.000000 0.122366 0.000105
10 0.000000 0.106727 -0.000030
11 0.000000 0.113338 -0.000090
12 0.000000 0.033088 0.000140
13 0.000000 0.014289 0.000150
14 0.000000 -0.015709 -0.000007
15 0.000000 -0.032423 0.000056
16 0.000000 -0.085838 0.000026
17 0.000000 -0.084226 0.000028
18 0.000000 -0.144158 0.000159
19 0.000000 -0.105833 -0.000082
20 0.000000 -0.127722 -0.000131
21 0.000000 -0.115190 0.000038
22 0.000000 -0.174352 0.000268
23 0.000000 -0.134435 0.000139
24 0.000000 -0.113959 -0.000210
25 0.000000 -0.103929 -0.000163
26 0.000000 -0.148659 0.000033
27 0.000000 -0.123360 0.000023
28 0.000000 -0.170489 0.000212
29 0.000000 -0.131085 0.000046
30 0.000000 -0.152532 0.000075
31 0.000000 -0.136651 0.000180
32 0.000000 -0.146223 0.000049
33 0.000000 -0.125843 0.000063
34 0.000000 -0.145470 0.000057
35 0.000000 -0.106154 -0.000041
36 0.000000 -0.125206 -0.000100
37 0.000000 -0.099347 -0.000159
38 0.000000 -0.149615 0.000140
39 0.000000 -0.109039 0.000040
40 0.000000 -0.112595 -0.000166
41 0.000000 -0.113287 0.000033
42 0.000000 -0.154822 0.000154
43 0.000000 -0.116646 -0.000029
44 0.000000 -0.130265 -0.000108
45 0.000000 -0.120654 0.000008
46 0.000000 -0.145126 0.000062
47 0.000000 -0.102750 -0.000049
48 0.000000 -0.135536 -0.000008
49 0.000000 -0.102300 -0.000149
50 0.000000 -0.156429 0.000129
51 0.000000 -0.118372 0.000001
52 0.000000 -0.140600 -0.000024
53 0.000000 -0.145123 0.000212
54 0.000000 -0.142663 -0.000022
55 0.000000 -0.105932 -0.000164
56 0.000000 -0.132892 -0.000082
57 0.000000 -0.113802 0.000027
58 0.000000 -0.142437 0.000036
59 0.000000 -0.129043 0.000089
60 0.000000 -0.141980 0.000024
61 0.000000 -0.103459 -0.000071
62 0.000000 -0.132065 -0.000019
63 0.000000 -0.114998 0.000028
64 0.000000 -0.152255 0.000150
65 0.000000 -0.131554 0.000169
66 0.000000 -0.154834 0.000125
67 0.000000 -0.127408 0.000040
68 0.000000 -0.146718 0.000068
69 0.000000 -0.119014 0.000077
70 0.000000 -0.117878 -0.000042
71 0.000000 -0.103682 0.000074
72 0.000000 -0.307143 0.000011
73 0.000000 -0.509806 0.000111
element 21
poly 0 1 2 3 4 5 6 7 8 9 10 11 12 13 14 15 16 17 18 19 20 21 22 23 24 25 26 27 28 29 30 31 32 33 34 35 36 37 38 39 40 41 42 43 44 45 46 47 48 49 50 51 52 53 54 55 56 57 58 59 60 61 62 63 64 65 66 67 68 69 70 71 72 73
exp
0 0.000000 -0.138817 0.000100
1 0.000000 0.134417 0.000012
2 0.000000 0.152928 0.000117
3 0.000000 0.164910 0.000150
4 0.000000 0.173479 -0.000213
5 0.000000 0.166817 -0.000050
6 0.000000 0.121405 0.000010
7 0.000000 0.137933 -0.000057
8 0.000000 0.120255 -0.000127
9 0.000000 0.134711 -0.000075
10 0.000000 0.104031 -0.000055
11 0.000000 0.095043 0.000043
12 0.000000 0.027490 0.000196
13 0.000000 0.040536 -0.000057
14 0.000000 -0.006622 -0.000130
15 0.000000 -0.052901 0.000051
16 0.000000 -0.109570 0.000090
17 0.000000 -0.068195 -0.000233
18 0.000000 -0.148498 0.000127
19 0.000000 -0.131865 0.000104
20 0.000000 -0.137604 -0.000020
21 0.000000 -0.131163 0.000202
22 0.000000 -0.137917 -0.000027
23 0.000000 -0.115737 -0.000004
24 0.000000 -0.145032 0.000145
25 0.000000 -0.115057 0.000028
26 0.000000 -0.126917 -0.000118
27 0.000000 -0.116800 -0.000037
28 0.000000 -0.142016 -0.000004
29 0.000000 -0.137520 0.000167
30 0.000000 -0.129806 -0.000070
31 0.000000 -0.102537 -0.000076
32 0.000000 -0.151843 0.000192
33 0.000000 -0.117554 0.000077
34 0.000000 -0.126506 -0.000064
35 0.000000 -0.111689 -0.000016
36 0.000000 -0.159570 0.000244
37 0.000000 -0.113611 0.000066
38 0.000000 -0.129492 -0.000076
39 0.000000 -0.137459 0.000113
40 0.000000 -0.152701 0.000059
41 0.000000 -0.120119 -0.000018
42 0.000000 -0.120813 -0.000184
43 0.000000 -0.139876 0.000225
44 0.000000 -0.167457 0.000293
45 0.000000 -0.102322 -0.000076
46 0.000000 -0.117839 -0.000174
47 0.000000 -0.126197 0.000066
48 0.000000 -0.149274 0.000090
49 0.000000 -0.106841 -0.000065
50 0.000000 -0.136592 0.000020
51 0.000000 -0.133456 0.000209
52 0.000000 -0.153394 0.000131
53 0.000000 -0.122136 0.000019
54 0.000000 -0.126901 -0.000135
55 0.000000 -0.116293 -0.000014
56 0.000000 -0.142129 0.000045
57 0.000000 -0.085631 -0.000261
58 0.000000 -0.139751 -0.000019
59 0.000000 -0.118466 -0.000074
60 0.000000 -0.143466 -0.000030
61 0.000000 -0.128349 0.000067
62 0.000000 -0.134468 -0.000043
63 0.000000 -0.120739 0.000068
64 0.000000 -0.148608 0.000047
65 0.000000 -0.126688 -0.000035
66 0.000000 -0.144566 -0.000044
67 0.000000 -0.116812 -0.000051
68 0.000000 -0.136008 -0.000028
69 0.000000 -0.111694 -0.000044
70 0.000000 -0.120730 -0.000019
71 0.000000 -0.093262 0.000018
72 0.000000 -0.310485 -0.000057
73 0.000000 -0.527660 -0.000013
element 22
poly 0 1 2 3 4 5 6 7 8 9 10 11 12 13 14 15 16 17 18 19 20 21 22 23 24 25 26 27 28 29 30 31 32 33 34 35 36 37 38 39 40 41 42 43 44 45 46 47 48 49 50 51 52 53 54 55 56 57 58 59 60 61 62 63 64 65 66 67 68 69 70 71 72 73
exp
0 0.000000 -0.124553 -0.000038
1 0.000000 0.152892 -0.000011
2 0.000000 0.159171 0.000177
3 0.000000 0.194761 -0.000029
4 0.000000 0.185770 -0.000247
5 0.000000 0.156966 0.000099
6 0.000000 0.128948 0.000006
7 0.000000 0.159063 -0.000137
8 0.000000 0.123768 -0.000112
9 0.000000 0.135815 -0.000061
10 0.000000 0.089886 0.000076
11 0.000000 0.088085 0.000098
12 0.000000 0.030303 0.000111
13 0.000000 0.024391 -0.000002
14 0.000000 -0.018280 -0.000083
15 0.000000 -0.045142 -0.000006
16 0.000000 -0.092861 -0.000086
17 0.000000 -0.076410 -0.000212
18 0.000000 -0.130255 -0.000126
19 0.000000 -0.136016 0.000013
20 0.000000 -0.164420 0.000081
21 0.000000 -0.118044 -0.000010
22 0.000000 -0.144090 -0.000005
23 0.000000 -0.121357 0.000074
24 0.000000 -0.130117 -0.000015
25 0.000000 -0.149952 0.000298
26 0.000000 -0.147469 0.000076
27 0.000000 -0.102909 -0.000060
28 0.000000 -0.136121 -0.000021
29 0.000000 -0.111423 -0.000108
30 0.000000 -0.141014 -0.000048
31 0.000000 -0.114882 -0.000070
32 0.000000 -0.143521 -0.000013
33 0.000000 -0.110172 -0.000124
34 0.000000 -0.165378 0.000144
35 0.000000 -0.123130 -0.000053
36 0.000000 -0.139714 -0.000068
37 0.000000 -0.112784 -0.000056
38 0.000000 -0.155686 0.000094
39 0.000000 -0.122335 -0.000027
40 0.000000 -0.132507 -0.000124
41 0.000000 -0.117755 -0.000019
42 0.000000 -0.185238 0.000338
43 0.000000 -0.143542 0.000120
44 0.000000 -0.135831 -0.000114
45 0.000000 -0.107316 -0.000107
46 0.000000 -0.158554 0.000141
47 0.000000 -0.110447 -0.000111
48 0.000000 -0.129826 -0.000130
49 0.000000 -0.122867 0.000021
50 0.000000 -0.143282 0.000030
51 0.000000 -0.134140 0.000192
52 0.000000 -0.123975 -0.000129
53 0.000000 -0.100835 -0.000159
54 0.000000 -0.127456 -0.000085
55 0.000000 -0.112594 0.000037
56 0.000000 -0.148239 0.000106
57 0.000000 -0.126086 0.000058
58 0.000000 -0.116138 -0.000273
59 0.000000 -0.135319 0.000088
60 0.000000 -0.160028 0.000084
61 0.000000 -0.128601 -0.000009
62 0.000000 -0.134071 -0.000121
63 0.000000 -0.121730 0.000035
64 0.000000 -0.145329 0.000021
65 0.000000 -0.120317 -0.000027
66 0.000000 -0.153981 0.000057
67 0.000000 -0.093563 -0.000282
68 0.000000 -0.132124 -0.000057
69 0.000000 -0.158004 0.000452
70 0.000000 -0.124340 -0.000006
71 0.000000 -0.082510 -0.000217
72 0.000000 -0.359714 0.000177
73 0.000000 -0.574238 0.000167
element 23
poly 0 1 2 3 4 5 6 7 8 9 10 11 12 13 14 15 16 17 18 19 20 21 22 23 24 25 26 27 28 29 30 31 32 33 34 35 36 37 38 39 40 41 42 43 44 45 46 47 48 49 50 51 52 53 54 55 56 57 58 59 60 61 62 63 64 65 66 67 68 69 70 71 72 73
exp
0 0.000000 -0.097556 -0.000136
1 0.000000 0.147308 0.000008
2 0.000000 0.175540 -0.000071
3 0.000000 0.154397 0.000173
4 0.000000 0.129659 0.000110
5 0.000000 0.146924 0.000058
6 0.000000 0.111928 0.000055
7 0.000000 0.143100 -0.000120
8 0.000000 0.103967 -0.000044
9 0.000000 0.105606 0.000051
10 0.000000 0.081600 0.000036
11 0.000000 0.077314 0.000130
12 0.000000 0.051218 -0.000047
13 0.000000 0.057390 -0.000223
14 0.000000 -0.006668 -0.000091
15 0.000000 -0.053951 0.000183
16 0.000000 -0.097342 0.000096
17 0.000000 -0.060762 -0.000193
18 0.000000 -0.144828 0.000135
19 0.000000 -0.148283 0.000206
20 0.000000 -0.132364 -0.000096
21 0.000000 -0.087806 -0.000186
22 0.000000 -0.125179 -0.000092
23 0.000000 -0.095410 -0.000112
24 0.000000 -0.123101 0.000003
25 0.000000 -0.124398 0.000130
26 0.000000 -0.133529 -0.000019
27 0.000000 -0.120335 0.000027
28 0.000000 -0.121207 -0.000183
29 0.000000 -0.111583 -0.000104
30 0.000000 -0.136406 -0.000046
31 0.000000 -0.117401 0.000020
32 0.000000 -0.145717 0.000149
33 0.000000 -0.116655 0.000119
34 0.000000 -0.124236 -0.000023
35 0.000000 -0.129965 0.000202
36 0.000000 -0.114196 -0.000149
37 0.000000 -0.082766 -0.000253
38 0.000000 -0.125535 -0.000058
39 0.000000 -0.102324 -0.000073
40 0.000000 -0.153584 0.000169
41 0.000000 -0.138493 0.000180
42 0.000000 -0.152590 0.000128
43 0.000000 -0.140129 0.000234
44 0.000000 -0.136948 0.000072
45 0.000000 -0.071949 -0.000262
46 0.000000 -0.121877 -0.000033
47 0.000000 -0.116988 0.000080
48 0.000000 -0.147102 0.000155
49 0.000000 -0.139965 0.000277
50 0.000000 -0.134696 0.000009
51 0.000000 -0.099285 -0.000134
52 0.000000 -0.114466 -0.000204
53 0.000000 -0.115859 -0.000016
54 0.000000 -0.148209 0.000097
55 0.000000 -0.107826 -0.000064
56 0.000000 -0.119121 -0.000127
57 0.000000 -0.098183 -0.000123
58 0.000000 -0.129838 -0.000003
59 0.000000 -0.120929 0.000123
60 0.000000 -0.129568 0.000073
61 0.000000 -0.106711 0.000120
62 0.000000 -0.134911 0.000119
63 0.000000 -0.104718 -0.000035
64 0.000000 -0.110824 -0.000206
65 0.000000 -0.114667 -0.000000
66 0.000000 -0.147665 0.000095
67 0.000000 -0.130917 0.000149
68 0.000000 -0.125079 -0.000050
69 0.000000 -0.102356 -0.000069
70 0.000000 -0.128951 0.000127
71 0.000000 -0.085150 0.000007
72 0.000000 -0.299942 -0.000011
73 0.000000 -0.517864 0.000118
element 24
poly 0 1 2 3 4 5 6 7 8 9 10 11 12 13 14 15 16 17 18 19 20 21 22 23 24 25 26 27 28 29 30 31 32 33 34 35 36 37 38 39 40 41 42 43 44 45 46 47 48 49 50 51 52 53 54 55 56 57 58 59 60 61 62 63 64 65 66 67 68 69 70 71 72 73
exp
0 0.000000 -0.149714 0.000211
1 0.000000 0.111271 0.000058
2 0.000000 0.156400 -0.000081
3 0.000000 0.155158 0.000019
4 0.000000 0.128953 0.000010
5 0.000000 0.118228 0.000166
6 0.000000 0.089157 0.000150
7 0.000000 0.123113 -0.000069
8 0.000000 0.107855 -0.000157
9 0.000000 0.091419 0.000101
10 0.000000 0.058418 0.000219
11 0.000000 0.098673 -0.000098
12 0.000000 0.057327 -0.000113
13 0.000000 0.027496 -0.000012
14 0.000000 -0.024077 0.000128
15 0.000000 -0.016804 -0.000052
16 0.000000 -0.050567 -0.000223
17 0.000000 -0.066077 -0.000148
18 0.000000 -0.121358 0.000052
19 0.000000 -0.101653 -0.000026
20 0.000000 -0.129207 0.000097
21 0.000000 -0.084516 -0.000057
22 0.000000 -0.113563 -0.000007
23 0.000000 -0.108564 0.000172
24 0.000000 -0.107111 0.000004
25 0.000000 -0.105054 0.000016
26 0.000000 -0.128011 0.000041
27 0.000000 -0.102166 -0.000020
28 0.000000 -0.109164 -0.000099
29 0.000000 -0.088700 -0.000105
30 0.000000 -0.122304 0.000050
31 0.000000 -0.098887 -0.000017
32 0.000000 -0.116293 -0.000029
33 0.000000 -0.093886 -0.000064
34 0.000000 -0.109991 -0.000056
35 0.000000 -0.091189 -0.000074
36 0.000000 -0.127923 0.000125
37 0.000000 -0.111160 0.000168
38 0.000000 -0.099242 -0.000092
39 0.000000 -0.085908 -0.000029
40 0.000000 -0.129678 0.000122
41 0.000000 -0.104217 -0.000047
42 0.000000 -0.099890 -0.000196
43 0.000000 -0.083370 -0.000124
44 0.000000 -0.141982 0.000216
45 0.000000 -0.102910 -0.000024
46 0.000000 -0.106516 -0.000132
47 0.000000 -0.112137 0.000089
48 0.000000 -0.116858 0.000010
49 0.000000 -0.077400 -0.000136
50 0.000000 -0.111657 0.000002
51 0.000000 -0.116336 0.000173
52 0.000000 -0.132163 0.000156
53 0.000000 -0.078033 -0.000153
54 0.000000 -0.117086 0.000015
55 0.000000 -0.104350 0.000029
56 0.000000 -0.105636 -0.000107
57 0.000000 -0.111275 0.000122
58 0.000000 -0.124312 0.000081
59 0.000000 -0.074377 -0.000212
60 0.000000 -0.099228 -0.000135
61 0.000000 -0.092081 -0.000021
62 0.000000 -0.112281 -0.000002
63 0.000000 -0.105985 0.000087
64 0.000000 -0.126059 0.000064
65 0.000000 -0.090273 -0.000124
66 0.000000 -0.101610 -0.000111
67 0.000000 -0.096917 0.000074
68 0.000000 -0.091815 -0.000116
69 0.000000 -0.082981 -0.000070
70 0.000000 -0.099487 0.000089
71 0.000000 -0.054277 0.000015
72 0.000000 -0.272682 0.000147
73 0.000000 -0.456776 0.000047
element 25
poly 0 1 2 3 4 5 6 7 8 9 10 11 12 13 14 15 16 17 18 19 20 21 22 23 24 25 26 27 28 29 30 31 32 33 34 35 36 37 38 39 40 41 42 43 44 45 46 47 48 49 50 51 52 53 54 55 56 57 58 59 60 61 62 63 64 65 66 67 68 69 70 71 72 73
exp
0 0.000000 -0.198632 0.000070
1 0.000000 0.063910 -0.000082
2 0.000000 0.043452 -0.000012
3 0.000000 0.126645 0.000031
4 0.000000 0.061662 0.000058
5 0.000000 0.129277 -0.000008
6 0.000000 0.051610 0.000041
7 0.000000 0.126725 -0.000049
8 0.000000 0.044604 0.000038
9 0.000000 0.108310 0.000020
10 0.000000 0.052620 -0.000023
11 0.000000 0.108253 0.000008
12 0.000000 0.024672 0.000030
13 0.000000 0.051292 0.000052
14 0.000000 -0.006668 -0.000056
15 0.000000 0.030571 -0.000035
16 0.000000 -0.066081 0.000003
17 0.000000 -0.020128 0.000024
18 0.000000 -0.104136 0.000002
19 0.000000 -0.051934 0.000060
20 0.000000 -0.110423 -0.000073
21 0.000000 -0.043374 0.000024
22 0.000000 -0.125589 0.000051
23 0.000000 -0.045531 -0.000019
24 0.000000 -0.100476 -0.000024
25 0.000000 -0.043540 0.000005
26 0.000000 -0.111935 0.000019
27 0.000000 -0.052469 0.000064
28 0.000000 -0.116902 0.000040
29 0.000000 -0.034126 -0.000126
30 0.000000 -0.115339 0.000035
31 0.000000 -0.050505 0.000050
32 0.000000 -0.098656 -0.000118
33 0.000000 -0.044695 -0.000028
34 0.000000 -0.118082 0.000052
35 0.000000 -0.052936 0.000048
36 0.000000 -0.111919 -0.000008
37 0.000000 -0.048640 0.000021
38 0.000000 -0.105375 -0.000046
39 0.000000 -0.045782 0.000021
40 0.000000 -0.106951 -0.000027
41 0.000000 -0.048935 0.000043
42 0.000000 -0.110075 -0.000005
43 0.000000 -0.036148 -0.000082
44 0.000000 -0.118074 0.000057
45 0.000000 -0.043468 -0.000050
46 0.000000 -0.114979 0.000002
47 0.000000 -0.051604 0.000009
48 0.000000 -0.108924 -0.000053
49 0.000000 -0.051891 0.000020
50 0.000000 -0.123452 0.000091
51 0.000000 -0.043377 -0.000032
52 0.000000 -0.113931 0.000021
53 0.000000 -0.043000 -0.000039
54 0.000000 -0.117686 0.000040
55 0.000000 -0.046116 -0.000031
56 0.000000 -0.113933 0.000009
57 0.000000 -0.042704 -0.000013
58 0.000000 -0.116655 0.000047
59 0.000000 -0.042493 -0.000061
60 0.000000 -0.110402 -0.000032
61 0.000000 -0.060605 0.000095
62 0.000000 -0.103779 -0.000080
63 0.000000 -0.038576 -0.000040
64 0.000000 -0.117049 0.000062
65 0.000000 -0.048700 0.000008
66 0.000000 -0.105684 -0.000045
67 0.000000 -0.047779 0.000069
68 0.000000 -0.102268 -0.000034
69 0.000000 -0.041391 0.000031
70 0.000000 -0.078416 -0.000007
71 0.000000 0.057794 0.000075
72 0.000000 -0.134835 -0.000033
73 0.000000 -0.300232 -0.000001
element 26
poly 0 1 2 3 4 5 6 7 8 9 10 11 12 13 14 15 16 17 18 19 20 21 22 23 24 25 26 27 28 29 30 31 32 33 34 35 36 37 38 39 40 41 42 43 44 45 46 47 48 49 50 51 52 53 54 55 56 57 58 59 60 61 62 63 64 65 66 67 68 69 70 71 72 73
exp
0 0.000000 -0.168842 -0.000087
1 0.000000 0.051830 0.000053
2 0.000000 0.036290 0.000035
3 0.000000 0.117214 -0.000021
4 0.000000 0.063618 -0.000026
5 0.000000 0.124431 -0.000023
6 0.000000 0.047150 0.000050
7 0.000000 0.116987 -0.000040
8 0.000000 0.041448 0.000044
9 0.000000 0.107538 0.000010
10 0.000000 0.056539 -0.000061
11 0.000000 0.098885 0.000026
12 0.000000 0.022177 0.000037
13 0.000000 0.054848 0.000006
14 0.000000 -0.005874 -0.000058
15 0.000000 0.013903 0.000076
16 0.000000 -0.062036 -0.000012
17 0.000000 -0.013213 -0.000023
18 0.000000 -0.095758 -0.000003
19 0.000000 -0.042762 0.000042
20 0.000000 -0.111338 0.000024
21 0.000000 -0.042860 0.000052
22 0.000000 -0.103951 -0.000074
23 0.000000 -0.041471 -0.000004
24 0.000000 -0.105030 0.000069
25 0.000000 -0.046141 0.000021
26 0.000000 -0.098484 -0.000069
27 0.000000 -0.052170 0.000084
28 0.000000 -0.099157 -0.000070
29 0.000000 -0.056016 0.000088
30 0.000000 -0.105936 -0.000009
31 0.000000 -0.046695 0.000036
32 0.000000 -0.098351 -0.000065
33 0.000000 -0.043576 -0.000014
34 0.000000 -0.110870 0.000049
35 0.000000 -0.044216 0.000028
36 0.000000 -0.103147 -0.000025
37 0.000000 -0.047097 0.000001
38 0.000000 -0.107127 -0.000008
39 0.000000 -0.045229 -0.000004
40 0.000000 -0.097364 -0.000078
41 0.000000 -0.040245 -0.000016
42 0.000000 -0.104823 -0.000009
43 0.000000 -0.052144 0.000036
44 0.000000 -0.108864 0.000003
45 0.000000 -0.044691 -0.000005
46 0.000000 -0.106383 -0.000004
47 0.000000 -0.037208 -0.000062
48 0.000000 -0.104922 -0.000026
49 0.000000 -0.056579 0.000065
50 0.000000 -0.106947 -0.000012
51 0.000000 -0.044868 0.000020
52 0.000000 -0.100542 -0.000045
53 0.000000 -0.043226 -0.000013
54 0.000000 -0.110491 0.000038
55 0.000000 -0.044779 -0.000003
56 0.000000 -0.109892 0.000022
57 0.000000 -0.043127 -0.000041
58 0.000000 -0.106533 -0.000016
59 0.000000 -0.056786 0.000084
60 0.000000 -0.106533 -0.000009
61 0.000000 -0.038425 -0.000060
62 0.000000 -0.107802 0.000019
63 0.000000 -0.048497 0.000048
64 0.000000 -0.099716 -0.000044
65 0.000000 -0.047629 0.000039
66 0.000000 -0.102708 -0.000029
67 0.000000 -0.046652 0.000012
68 0.000000 -0.104855 0.000032
69 0.000000 -0.025020 -0.000039
70 0.000000 -0.074835 0.000036
71 0.000000 0.056331 0.000063
72 0.000000 -0.127293 -0.000029
73 0.000000 -0.280419 -0.000022
element 27
poly 0 1 2 3 4 5 6 7 8 9 10 11 12 13 14 15 16 17 18 19 20 21 22 23 24 25 26 27 28 29 30 31 32 33 34 35 36 37 38 39 40 41 42 43 44 45 46 47 48 49 50 51 52 53 54 55 56 57 58 59 60 61 62 63 64 65 66 67 68 69 70 71 72 73
exp
0 0.000000 -0.183883 0.000028
1 0.000000 0.064278 -0.000005
2 0.000000 0.048963 -0.000039
3 0.000000 0.113909 0.000078
4 0.000000 0.067754 -0.000033
5 0.000000 0.130067 -0.000042
6 0.000000 0.045952 0.000066
7 0.000000 0.106777 0.000065
8 0.000000 0.049506 -0.000041
9 0.000000 0.108622 -0.000034
10 0.000000 0.037271 0.000086
11 0.000000 0.107414 -0.000071
12 0.000000 0.021212 0.000029
13 0.000000 0.052278 0.000032
14 0.000000 -0.012034 -0.000011
15 0.000000 0.024071 -0.000033
16 0.000000 -0.070106 0.000040
17 0.000000 -0.013151 -0.000038
18 0.000000 -0.098610 -0.000002
19 0.000000 -0.045340 0.000038
20 0.000000 -0.114057 0.000019
21 0.000000 -0.035094 -0.000036
22 0.000000 -0.115747 0.000017
23 0.000000 -0.044109 0.000024
24 0.000000 -0.096495 0.000001
25 0.000000 -0.043911 0.000033
26 0.000000 -0.104206 -0.000013
27 0.000000 -0.041988 -0.000022
28 0.000000 -0.110658 0.000026
29 0.000000 -0.041728 -0.000025
30 0.000000 -0.104686 -0.000025
31 0.000000 -0.047941 0.000030
32 0.000000 -0.108488 0.000001
33 0.000000 -0.046746 -0.000001
34 0.000000 -0.103817 -0.000040
35 0.000000 -0.045553 0.000005
36 0.000000 -0.110478 0.000028
37 0.000000 -0.047429 0.000032
38 0.000000 -0.105405 -0.000017
39 0.000000 -0.041006 -0.000028
40 0.000000 -0.104320 -0.000019
41 0.000000 -0.043554 0.000025
42 0.000000 -0.108536 0.000016
43 0.000000 -0.045366 -0.000028
44 0.000000 -0.111372 0.000007
45 0.000000 -0.053710 0.000052
46 0.000000 -0.112906 0.000030
47 0.000000 -0.040613 -0.000050
48 0.000000 -0.109617 0.000010
49 0.000000 -0.051262 0.000053
50 0.000000 -0.109335 0.000008
51 0.000000 -0.044027 -0.000012
52 0.000000 -0.108380 0.000005
53 0.000000 -0.038372 -0.000047
54 0.000000 -0.119986 0.000107
55 0.000000 -0.045894 -0.000018
56 0.000000 -0.106957 -0.000032
57 0.000000 -0.053004 0.000039
58 0.000000 -0.106995 -0.000030
59 0.000000 -0.044466 -0.000021
60 0.000000 -0.102039 -0.000042
61 0.000000 -0.035832 -0.000026
62 0.000000 -0.111767 0.000058
63 0.000000 -0.048645 0.000001
64 0.000000 -0.110622 0.000018
65 0.000000 -0.037104 -0.000030
66 0.000000 -0.099601 -0.000066
67 0.000000 -0.055864 0.000075
68 0.000000 -0.110015 0.000034
69 0.000000 -0.032209 -0.000026
70 0.000000 -0.069668 -0.000064
71 0.000000 0.051091 0.000082
72 0.000000 -0.136235 0.000010
73 0.000000 -0.283475 -0.000048
element 28
poly 0 1 2 3 4 5 6 7 8 9 10 11 12 13 14 15 16 17 18 19 20 21 22 23 24 25 26 27 28 29 30 31 32 33 34 35 36 37 38 39 40 41 42 43 44 45 46 47 48 49 50 51 52 53 54 55 56 57 58 59 60 61 62 63 64 65 66 67 68 69 70 71 72 73
exp
0 0.000000 -0.052662 -0.000026
1 0.000000 0.057680 0.000085
2 0.000000 0.067094 0.000011
3 0.000000 0.072624 -0.000050
4 0.000000 0.050171 -0.000001
5 0.000000 0.058296 -0.000013
6 0.000000 0.040946 -0.000003
7 0.000000 0.049428 0.000008
8 0.000000 0.034129 0.000012
9 0.000000 0.046458 -0.000012
10 0.000000 0.035809 -0.000033
11 0.000000 0.027373 0.000072
12 0.000000 0.009775 0.000033
13 0.000000 0.010993 0.000001
14 0.000000 -0.003403 -0.000038
15 0.000000 -0.012435 0.000028
16 0.000000 -0.033229 0.000009
17 0.000000 -0.034965 0.000081
18 0.000000 -0.045779 -0.000002
19 0.000000 -0.028124 -0.000091
20 0.000000 -0.051818 0.000007
21 0.000000 -0.040061 0.000030
22 0.000000 -0.050027 0.000000
23 0.000000 -0.033270 -0.000001
24 0.000000 -0.039690 -0.000013
25 0.000000 -0.037985 0.000034
26 0.000000 -0.047117 0.000005
27 0.000000 -0.030202 -0.000027
28 0.000000 -0.048580 0.000017
29 0.000000 -0.035760 -0.000018
30 0.000000 -0.049797 0.000007
31 0.000000 -0.039297 0.000019
32 0.000000 -0.046314 -0.000008
33 0.000000 -0.031834 -0.000024
34 0.000000 -0.047856 0.000002
35 0.000000 -0.037306 -0.000008
36 0.000000 -0.046931 -0.000017
37 0.000000 -0.035985 0.000005
38 0.000000 -0.049808 0.000021
39 0.000000 -0.040372 0.000032
40 0.000000 -0.047691 -0.000005
41 0.000000 -0.037118 0.000004
42 0.000000 -0.046789 -0.000008
43 0.000000 -0.034058 -0.000016
44 0.000000 -0.044219 -0.000028
45 0.000000 -0.041691 0.000060
46 0.000000 -0.047104 -0.000007
47 0.000000 -0.037249 -0.000012
48 0.000000 -0.053160 0.000019
49 0.000000 -0.042151 0.000012
50 0.000000 -0.043556 -0.000056
51 0.000000 -0.035522 -0.000001
52 0.000000 -0.046271 -0.000001
53 0.000000 -0.033491 -0.000003
54 0.000000 -0.046105 -0.000008
55 0.000000 -0.035490 -0.000017
56 0.000000 -0.048604 0.000001
57 0.000000 -0.037082 -0.000001
58 0.000000 -0.053713 0.000057
59 0.000000 -0.029756 -0.000042
60 0.000000 -0.044692 -0.000018
61 0.000000 -0.040566 0.000038
62 0.000000 -0.049224 0.000010
63 0.000000 -0.029152 -0.000064
64 0.000000 -0.047165 -0.000005
65 0.000000 -0.040040 0.000021
66 0.000000 -0.045017 -0.000018
67 0.000000 -0.036088 0.000032
68 0.000000 -0.047455 0.000032
69 0.000000 -0.036580 0.000038
70 0.000000 -0.032465 0.000001
71 0.000000 0.007096 -0.000069
72 0.000000 -0.097292 0.000030
73 0.000000 -0.198099 0.000043
element 29
poly 0 1 2 3 4 5 6 7 8 9 10 11 12 13 14 15 16 17 18 19 20 21 22 23 24 25 26 27 28 29 30 31 32 33 34 35 36 37 38 39 40 41 42 43 44 45 46 47 48 49 50 51 52 53 54 55 56 57 58 59 60 61 62 63 64 65 66 67 68 69 70 71 72 73
exp
0 0.000000 0.115963 0.000115
1 0.000000 0.502409 0.000010
2 0.000000 0.254888 0.000003
3 0.000000 0.336048 -0.000034
4 0.000000 0.013136 -0.000021
5 0.000000 0.117945 0.000086
6 0.000000 -0.097627 0.000145
7 0.000000 0.051930 -0.000018
8 0.000000 -0.113546 -0.000070
9 0.000000 0.037664 -0.000068
10 0.000000 -0.120464 -0.000048
11 0.000000 0.023836 0.000129
12 0.000000 -0.145180 0.000192
13 0.000000 0.055310 -0.000124
14 0.000000 -0.148569 0.000212
15 0.000000 0.023759 0.000089
16 0.000000 -0.151003 0.000206
17 0.000000 0.035846 0.000055
18 0.000000 -0.134791 0.000118
19 0.000000 0.047004 -0.000050
20 0.000000 -0.120581 0.000002
21 0.000000 0.046756 -0.000002
22 0.000000 -0.129906 0.000116
23 0.000000 0.065418 -0.000190
24 0.000000 -0.114817 -0.000043
25 0.000000 0.059213 -0.000152
26 0.000000 -0.135073 0.000100
27 0.000000 0.048037 -0.000087
28 0.000000 -0.106675 -0.000121
29 0.000000 0.053370 -0.000028
30 0.000000 -0.107683 -0.000076
31 0.000000 0.038286 0.000063
32 0.000000 -0.114522 -0.000030
33 0.000000 0.032104 0.000183
34 0.000000 -0.114412 -0.000022
35 0.000000 0.032091 0.000113
36 0.000000 -0.102383 -0.000199
37 0.000000 0.021247 0.000116
38 0.000000 -0.109032 -0.000116
39 0.000000 0.044656 0.000017
40 0.000000 -0.099439 -0.000177
41 0.000000 0.038843 0.000050
42 0.000000 -0.142973 0.000154
43 0.000000 0.026515 0.000087
44 0.000000 -0.112915 -0.000072
45 0.000000 0.043080 0.000053
46 0.000000 -0.111162 -0.000035
47 0.000000 0.056218 -0.000052
48 0.000000 -0.110375 -0.000095
49 0.000000 0.043328 -0.000074
50 0.000000 -0.089867 -0.000286
51 0.000000 0.068670 -0.000186
52 0.000000 -0.114021 -0.000044
53 0.000000 0.061792 -0.000181
54 0.000000 -0.123750 0.000015
55 0.000000 0.034831 0.000130
56 0.000000 -0.109402 -0.000081
57 0.000000 0.040831 0.000043
58 0.000000 -0.113792 -0.000091
59 0.000000 0.025577 0.000111
60 0.000000 -0.121598 -0.000022
61 0.000000 0.032075 0.000125
62 0.000000 -0.122952 0.000022
63 0.000000 0.045555 -0.000047
64 0.000000 -0.105059 -0.000152
65 0.000000 0.052956 -0.000058
66 0.000000 -0.098867 -0.000166
67 0.000000 0.045127 -0.000020
68 0.000000 -0.122581 0.000027
69 0.000000 0.067510 -0.000171
70 0.000000 -0.133884 0.000150
71 0.000000 0.045065 -0.000025
72 0.000000 -0.276135 0.000181
73 0.000000 -0.435954 -0.000148
element 30
poly 0 1 2 3 4 5 6 7 8 9 10 11 12 13 14 15 16 17 18 19 20 21 22 23 24 25 26 27 28 29 30 31 32 33 34 35 36 37 38 39 40 41 42 43 44 45 46 47 48 49 50 51 52 53 54 55 56 57 58 59 60 61 62 63 64 65 66 67 68 69 70 71 72 73
exp
0 0.000000 -0.863000 0.003151
1 0.000000 1.142607 -0.000088
2 0.000000 -0.373439 0.000965
3 0.000000 1.077088 0.000058
4 0.000000 -0.537922 0.001567
5 0.000000 0.764053 -0.000047
6 0.000000 -0.593016 0.001794
7 0.000000 0.602151 0.000027
8 0.000000 -0.640593 0.001956
9 0.000000 0.537721 0.000101
10 0.000000 -0.711427 0.002425
11 0.000000 0.565315 0.000071
12 0.000000 -0.701606 0.002332
13 0.000000 0.580805 0.000075
14 0.000000 -0.682803 0.002203
15 0.000000 0.551238 0.000131
16 0.000000 -0.727377 0.002507
17 0.000000 0.616585 -0.000148
18 0.000000 -0.705197 0.002401
19 0.000000 0.566158 0.000168
20 0.000000 -0.689275 0.002181
21 0.000000 0.563821 0.000179
22 0.000000 -0.697323 0.002257
23 0.000000 0.572811 0.000088
24 0.000000 -0.704906 0.002388
25 0.000000 0.578868 -0.000093
26 0.000000 -0.702910 0.002369
27 0.000000 0.579696 -0.000143
28 0.000000 -0.713770 0.002424
29 0.000000 0.582904 0.000110
30 0.000000 -0.686319 0.002220
31 0.000000 0.560451 0.000147
32 0.000000 -0.699557 0.002291
33 0.000000 0.594631 -0.000046
34 0.000000 -0.708669 0.002425
35 0.000000 0.591677 -0.000038
36 0.000000 -0.701922 0.002342
37 0.000000 0.575544 0.000050
38 0.000000 -0.707937 0.002387
39 0.000000 0.584039 -0.000024
40 0.000000 -0.716837 0.002426
41 0.000000 0.598341 -0.000107
42 0.000000 -0.716706 0.002462
43 0.000000 0.593377 -0.000091
44 0.000000 -0.705842 0.002355
45 0.000000 0.570923 0.000090
46 0.000000 -0.712737 0.002421
47 0.000000 0.612969 -0.000223
48 0.000000 -0.726522 0.002555
49 0.000000 0.585616 -0.000067
50 0.000000 -0.701413 0.002278
51 0.000000 0.574852 0.000135
52 0.000000 -0.702503 0.002334
53 0.000000 0.582426 0.000038
54 0.000000 -0.707808 0.002364
55 0.000000 0.577645 -0.000006
56 0.000000 -0.713657 0.002420
57 0.000000 0.590717 -0.000030
58 0.000000 -0.709927 0.002424
59 0.000000 0.588451 0.000035
60 0.000000 -0.684241 0.002178
61 0.000000 0.554113 0.000139
62 0.000000 -0.709139 0.002377
63 0.000000 0.582410 0.000057
64 0.000000 -0.713061 0.002441
65 0.000000 0.609394 -0.000241
66 0.000000 -0.712451 0.002407
67 0.000000 0.570288 -0.000040
68 0.000000 -0.724902 0.002499
69 0.000000 0.604515 -0.000076
70 0.000000 -0.707072 0.002379
71 0.000000 0.821280 0.000029
72 0.000000 0.082069 -0.000005
73 0.000000 -0.568920 0.000851
element 31
poly 1 2 3 5 7 9 11 13 15 17 19 21 23 25 27 29 31 33 35 37 39 41 43 45 47 49 51 53 55 57 59 61 63 65 67 69 71 72
exp 0 4 6 8 10 12 14 16 18 20 22 24 26 28 30 32 34 36 38 40 42 44 46 48 50 52 54 56 58 60 62 64 66 68 70 73
0 31.546646 0.150061 0.000326
1 0.000000 4.694085 0.000063
2 0.000000 -0.482544 0.005755
3 0.000000 4.109443 -0.000075
4 25.339950 0.080021 0.061744
5 0.000000 2.795551 -0.000234
6 23.700230 0.086900 0.043236
7 0.000000 2.590581 -0.000671
8 24.288449 0.090853 0.028243
9 0.000000 2.435689 -0.000326
10 24.419801 0.093291 0.017146
11 0.000000 2.493874 -0.000593
12 24.700820 0.092232 0.023969
13 0.000000 2.417029 -0.000303
14 25.378186 0.092996 0.029479
15 0.000000 2.528503 -0.000445
16 24.880190 0.093068 0.022349
17 0.000000 2.558022 -0.000697
18 25.337485 0.094583 0.027654
19 0.000000 2.548381 -0.000586
20 25.351449 0.089629 0.025475
21 0.000000 2.552347 -0.000628
22 25.434046 0.090295 0.026727
23 0.000000 2.460590 -0.000189
24 25.162801 0.091772 0.019188
25 0.000000 2.517425 -0.000695
26 25.077611 0.092617 0.022347
27 0.000000 2.556102 -0.000755
28 25.500366 0.090227 0.027396
29 0.000000 2.494581 -0.000617
30 25.101309 0.090110 0.016485
31 0.000000 2.510935 -0.000183
32 25.426255 0.089949 0.032190
33 0.000000 2.500721 -0.000501
34 25.581543 0.094043 0.023204
35 0.000000 2.556664 -0.000589
36 24.795930 0.094870 0.028075
37 0.000000 2.538168 -0.000841
38 25.090450 0.095698 0.019840
39 0.000000 2.540278 -0.000332
40 24.702990 0.090207 0.025164
41 0.000000 2.545568 -0.000640
42 25.287438 0.093799 0.017787
43 0.000000 2.487393 -0.000409
44 25.138651 0.091226 0.026570
45 0.000000 2.510827 -0.000581
46 25.488454 0.094916 0.023909
47 0.000000 2.597579 -0.000738
48 24.790533 0.095367 0.020783
49 0.000000 2.547252 -0.000876
50 25.037763 0.094091 0.018498
51 0.000000 2.507230 -0.000460
52 25.197868 0.089038 0.027166
53 0.000000 2.463666 -0.000183
54 25.380969 0.089940 0.020776
55 0.000000 2.494565 -0.000466
56 25.432595 0.092195 0.020018
57 0.000000 2.571077 -0.000398
58 24.369384 0.093014 0.021808
59 0.000000 2.500094 -0.000496
60 25.127606 0.091760 0.020767
61 0.000000 2.536480 -0.000544
62 24.842752 0.093559 0.030669
63 0.000000 2.549824 -0.000705
64 25.039734 0.091625 0.028223
65 0.000000 2.533648 -0.000519
66 24.869261 0.094176 0.025198
67 0.000000 2.481867 -0.000470
68 25.626724 0.091751 0.030111
69 0.000000 2.509544 -0.000308
70 25.156028 0.090360 0.021245
71 0.000000 3.733063 -0.002502
72 0.000000 2.285044 -0.022770
73 32.202954 0.078054 0.007652
element 32
poly 1 2 3 5 7 9 11 13 15 17 19 21 23 25 27 29 31 33 35 37 39 41 43 45 47 49 51 53 55 57 59 61 63 65 67 69 71 72
exp 0 4 6 8 10 12 14 16 18 20 22 24 26 28 30 32 34 36 38 40 42 44 46 48 50 52 54 56 58 60 62 64 66 68 70 73
0 31.528025 0.134811 0.000043
1 0.000000 4.691056 -0.000092
2 0.000000 -0.479713 0.005785
3 0.000000 4.064796 0.000105
4 24.871987 0.080650 0.065134
5 0.000000 2.816936 -0.000272
6 23.888096 0.083280 0.058663
7 0.000000 2.515906 -0.000362
8 24.419997 0.087302 0.028446
9 0.000000 2.416064 -0.000469
10 24.382306 0.092340 0.017018
11 0.000000 2.469013 -0.000596
12 25.072775 0.093255 0.029038
13 0.000000 2.485772 -0.000473
14 24.353688 0.091340 0.026754
15 0.000000 2.453712 -0.000531
16 25.280608 0.094335 0.025445
17 0.000000 2.545585 -0.001005
18 25.086290 0.092109 0.031734
19 0.000000 2.507091 -0.000266
20 25.176314 0.088457 0.026822
21 0.000000 2.509626 -0.000100
22 25.365893 0.088695 0.029638
23 0.000000 2.496239 -0.000452
24 25.200918 0.092040 0.019383
25 0.000000 2.489985 -0.000244
26 24.985360 0.089382 0.028245
27 0.000000 2.482650 -0.000328
28 25.810727 0.087180 0.029012
29 0.000000 2.474814 -0.000198
30 25.136953 0.090027 0.022843
31 0.000000 2.553043 -0.000689
32 25.252504 0.090344 0.020749
33 0.000000 2.533972 -0.000436
34 24.977617 0.093389 0.022542
35 0.000000 2.518529 -0.000627
36 24.885246 0.095335 0.021661
37 0.000000 2.550401 -0.000503
38 24.818452 0.090109 0.025541
39 0.000000 2.455865 -0.000205
40 25.238833 0.089106 0.019708
41 0.000000 2.459214 -0.000217
42 25.389218 0.087418 0.030590
43 0.000000 2.502337 -0.000304
44 25.214718 0.093802 0.024494
45 0.000000 2.552703 -0.000408
46 24.765475 0.091183 0.038258
47 0.000000 2.491834 -0.000415
48 24.781768 0.095682 0.021720
49 0.000000 2.533697 -0.000454
50 24.647136 0.092943 0.026490
51 0.000000 2.533264 -0.000453
52 24.889800 0.093592 0.024645
53 0.000000 2.495154 -0.000289
54 25.547745 0.092389 0.021241
55 0.000000 2.526725 -0.000556
56 24.747272 0.097450 0.018511
57 0.000000 2.570247 -0.000881
58 24.974879 0.093335 0.027905
59 0.000000 2.499008 -0.000675
60 25.326871 0.090979 0.018734
61 0.000000 2.488034 -0.000194
62 24.514471 0.092176 0.020620
63 0.000000 2.555310 -0.000418
64 25.399820 0.090250 0.025503
65 0.000000 2.456371 -0.000396
66 25.310677 0.092698 0.025801
67 0.000000 2.507537 -0.000371
68 25.336315 0.088995 0.026324
69 0.000000 2.492307 -0.000443
70 25.854985 0.088246 0.029174
71 0.000000 3.736109 -0.002414
72 0.000000 2.294797 -0.022719
73 32.316695 0.076858 0.009018
