element 0
poly 0 1 2 3 4 5 6 7 8 9 10 11 12 13 14 15 16 17 18 19 20 21 22 23 24 25 26 27 28 29 30 31 32 33 34 35 36 37 38 39 40 41 42 43 44 45 46 47 48 49 50 51 52 53 54 55 56 57 58 59 60 61 62 63 64 65 66 67 68 69 70 71 72 73
exp
0 0.000000 0.037897 0.000005
1 0.000000 0.077007 0.000015
2 0.000000 0.101033 0.000045
3 0.000000 0.114195 0.000016
4 0.000000 0.118617 -0.000005
5 0.000000 0.116742 0.000011
6 0.000000 0.119037 -0.000011
7 0.000000 0.124860 -0.000071
8 0.000000 0.124771 -0.000081
9 0.000000 0.115302 0.000003
10 0.000000 0.113600 0.000028
11 0.000000 0.122522 -0.000048
12 0.000000 0.121757 -0.000050
13 0.000000 0.121247 -0.000044
14 0.000000 0.121252 -0.000038
15 0.000000 0.119650 -0.000024
16 0.000000 0.118667 -0.000019
17 0.000000 0.117214 -0.000008
18 0.000000 0.117781 -0.000009
19 0.000000 0.113238 0.000027
20 0.000000 0.108395 0.000065
21 0.000000 0.114112 0.000014
22 0.000000 0.117938 -0.000020
23 0.000000 0.118720 -0.000024
24 0.000000 0.116995 -0.000003
25 0.000000 0.114534 0.000019
26 0.000000 0.115972 0.000002
27 0.000000 0.118200 -0.000020
28 0.000000 0.117745 -0.000018
29 0.000000 0.117545 -0.000017
30 0.000000 0.119198 -0.000034
31 0.000000 0.116003 -0.000009
32 0.000000 0.111876 0.000030
33 0.000000 0.116541 -0.000007
34 0.000000 0.115695 -0.000001
35 0.000000 0.110015 0.000048
36 0.000000 0.116824 -0.000009
37 0.000000 0.118466 -0.000023
38 0.000000 0.111813 0.000032
39 0.000000 0.110769 0.000039
40 0.000000 0.112298 0.000027
41 0.000000 0.114399 0.000014
42 0.000000 0.121750 -0.000043
43 0.000000 0.125377 -0.000068
44 0.000000 0.117416 0.000002
45 0.000000 0.114584 0.000022
46 0.000000 0.118275 -0.000012
47 0.000000 0.117098 -0.000004
48 0.000000 0.118542 -0.000018
49 0.000000 0.122133 -0.000051
50 0.000000 0.120458 -0.000040
51 0.000000 0.116943 -0.000011
52 0.000000 0.117613 -0.000014
53 0.000000 0.120150 -0.000033
54 0.000000 0.116605 -0.000002
55 0.000000 0.115060 0.000012
56 0.000000 0.116106 0.000002
57 0.000000 0.112357 0.000031
58 0.000000 0.112068 0.000035
59 0.000000 0.116972 -0.000005
60 0.000000 0.116878 -0.000006
61 0.000000 0.113850 0.000024
62 0.000000 0.112531 0.000043
63 0.000000 0.114369 0.000029
64 0.000000 0.118510 -0.000010
65 0.000000 0.121004 -0.000035
66 0.000000 0.121980 -0.000046
67 0.000000 0.120522 -0.000039
68 0.000000 0.112430 0.000023
69 0.000000 0.105845 0.000081
70 0.000000 0.112731 0.000025
71 0.000000 0.113347 -0.000053
72 0.000000 0.081960 -0.000034
73 0.000000 0.041097 -0.000033
element 1
poly 0 1 2 3 4 5 6 7 8 9 10 11 12 13 14 15 16 17 18 19 20 21 22 23 24 25 26 27 28 29 30 31 32 33 34 35 36 37 38 39 40 41 42 43 44 45 46 47 48 49 50 51 52 53 54 55 56 57 58 59 60 61 62 63 64 65 66 67 68 69 70 71 72 73
exp
0 0.000000 0.039023 0.000033
1 0.000000 0.081516 0.000013
2 0.000000 0.107768 0.000030
3 0.000000 0.114131 0.000062
4 0.000000 0.121729 0.000006
5 0.000000 0.122531 -0.000008
6 0.000000 0.116383 0.000039
7 0.000000 0.114335 0.000052
8 0.000000 0.116827 0.000028
9 0.000000 0.118494 0.000013
10 0.000000 0.121127 -0.000009
11 0.000000 0.122175 -0.000017
12 0.000000 0.121227 -0.000010
13 0.000000 0.121882 -0.000019
14 0.000000 0.120087 -0.000007
15 0.000000 0.121730 -0.000023
16 0.000000 0.122291 -0.000027
17 0.000000 0.120163 -0.000007
18 0.000000 0.118783 0.000003
19 0.000000 0.117919 0.000011
20 0.000000 0.118965 -0.000000
21 0.000000 0.115087 0.000029
22 0.000000 0.110636 0.000067
23 0.000000 0.111442 0.000065
24 0.000000 0.116103 0.000028
25 0.000000 0.123969 -0.000040
26 0.000000 0.124826 -0.000043
27 0.000000 0.120472 -0.000004
28 0.000000 0.124056 -0.000036
29 0.000000 0.120248 -0.000007
30 0.000000 0.113897 0.000044
31 0.000000 0.113589 0.000051
32 0.000000 0.115642 0.000032
33 0.000000 0.121480 -0.000022
34 0.000000 0.122498 -0.000032
35 0.000000 0.116016 0.000027
36 0.000000 0.109107 0.000090
37 0.000000 0.113118 0.000056
38 0.000000 0.123391 -0.000033
39 0.000000 0.122182 -0.000023
40 0.000000 0.118357 0.000006
41 0.000000 0.119242 -0.000001
42 0.000000 0.114884 0.000038
43 0.000000 0.114815 0.000041
44 0.000000 0.120063 -0.000004
45 0.000000 0.122663 -0.000024
46 0.000000 0.117174 0.000023
47 0.000000 0.115506 0.000034
48 0.000000 0.121944 -0.000017
49 0.000000 0.119502 0.000005
50 0.000000 0.114379 0.000046
51 0.000000 0.114347 0.000038
52 0.000000 0.115768 0.000026
53 0.000000 0.118576 0.000014
54 0.000000 0.124461 -0.000032
55 0.000000 0.125285 -0.000046
56 0.000000 0.120120 -0.000005
57 0.000000 0.121635 -0.000017
58 0.000000 0.122364 -0.000023
59 0.000000 0.122487 -0.000025
60 0.000000 0.125260 -0.000047
61 0.000000 0.125430 -0.000052
62 0.000000 0.124048 -0.000047
63 0.000000 0.123653 -0.000044
64 0.000000 0.123980 -0.000036
65 0.000000 0.124752 -0.000033
66 0.000000 0.123654 -0.000023
67 0.000000 0.117111 0.000031
68 0.000000 0.115224 0.000043
69 0.000000 0.120148 -0.000000
70 0.000000 0.124732 -0.000055
71 0.000000 0.114126 -0.000061
72 0.000000 0.081731 -0.000034
73 0.000000 0.035618 0.000016
element 2
poly 0 1 2 3 4 5 6 7 8 9 10 11 12 13 14 15 16 17 18 19 20 21 22 23 24 25 26 27 28 29 30 31 32 33 34 35 36 37 38 39 40 41 42 43 44 45 46 47 48 49 50 51 52 53 54 55 56 57 58 59 60 61 62 63 64 65 66 67 68 69 70 71 72 73
exp
0 0.000000 0.049199 0.000005
1 0.000000 0.104940 -0.000016
2 0.000000 0.146177 -0.000051
3 0.000000 0.160554 -0.000064
4 0.000000 0.159570 -0.000039
5 0.000000 0.152501 0.000015
6 0.000000 0.150114 0.000023
7 0.000000 0.148917 0.000021
8 0.000000 0.143404 0.000060
9 0.000000 0.143334 0.000062
10 0.000000 0.149151 0.000019
11 0.000000 0.150914 0.000006
12 0.000000 0.152894 -0.000013
13 0.000000 0.154130 -0.000022
14 0.000000 0.151500 0.000006
15 0.000000 0.147961 0.000036
16 0.000000 0.146431 0.000048
17 0.000000 0.149551 0.000019
18 0.000000 0.149620 0.000009
19 0.000000 0.149748 0.000007
20 0.000000 0.150865 -0.000001
21 0.000000 0.152336 -0.000015
22 0.000000 0.152671 -0.000020
23 0.000000 0.152137 -0.000012
24 0.000000 0.152040 -0.000006
25 0.000000 0.147410 0.000033
26 0.000000 0.148515 0.000020
27 0.000000 0.154056 -0.000030
28 0.000000 0.149055 0.000012
29 0.000000 0.142957 0.000067
30 0.000000 0.142655 0.000069
31 0.000000 0.146624 0.000035
32 0.000000 0.150843 0.000003
33 0.000000 0.148462 0.000029
34 0.000000 0.146292 0.000052
35 0.000000 0.150248 0.000017
36 0.000000 0.155195 -0.000031
37 0.000000 0.152969 -0.000014
38 0.000000 0.147405 0.000034
39 0.000000 0.146906 0.000041
40 0.000000 0.146735 0.000041
41 0.000000 0.145011 0.000053
42 0.000000 0.145678 0.000051
43 0.000000 0.152633 -0.000006
44 0.000000 0.156791 -0.000045
45 0.000000 0.150089 0.000012
46 0.000000 0.143847 0.000068
47 0.000000 0.142175 0.000077
48 0.000000 0.143541 0.000058
49 0.000000 0.147958 0.000016
50 0.000000 0.146873 0.000028
51 0.000000 0.145099 0.000051
52 0.000000 0.151402 0.000004
53 0.000000 0.153665 -0.000012
54 0.000000 0.153257 -0.000008
55 0.000000 0.151395 0.000011
56 0.000000 0.147179 0.000048
57 0.000000 0.150541 0.000014
58 0.000000 0.153700 -0.000022
59 0.000000 0.143517 0.000061
60 0.000000 0.138129 0.000104
61 0.000000 0.146062 0.000035
62 0.000000 0.149342 0.000009
63 0.000000 0.145649 0.000042
64 0.000000 0.150676 0.000007
65 0.000000 0.152907 -0.000008
66 0.000000 0.147115 0.000037
67 0.000000 0.146779 0.000036
68 0.000000 0.155797 -0.000042
69 0.000000 0.157133 -0.000053
70 0.000000 0.153522 -0.000031
71 0.000000 0.143695 -0.000047
72 0.000000 0.108133 -0.000059
73 0.000000 0.051218 -0.000020
element 3
poly 0 1 2 3 4 5 6 7 8 9 10 11 12 13 14 15 16 17 18 19 20 21 22 23 24 25 26 27 28 29 30 31 32 33 34 35 36 37 38 39 40 41 42 43 44 45 46 47 48 49 50 51 52 53 54 55 56 57 58 59 60 61 62 63 64 65 66 67 68 69 70 71 72 73
exp
0 0.000000 0.024758 -0.000019
1 0.000000 0.046004 0.000005
2 0.000000 0.064326 -0.000004
3 0.000000 0.075707 -0.000047
4 0.000000 0.074887 -0.000034
5 0.000000 0.068537 0.000014
6 0.000000 0.067688 0.000019
7 0.000000 0.068640 0.000008
8 0.000000 0.067926 0.000012
9 0.000000 0.064215 0.000045
10 0.000000 0.064403 0.000045
11 0.000000 0.071023 -0.000013
12 0.000000 0.067979 0.000010
13 0.000000 0.062875 0.000055
14 0.000000 0.065826 0.000031
15 0.000000 0.069422 -0.000003
16 0.000000 0.066748 0.000017
17 0.000000 0.064349 0.000043
18 0.000000 0.064735 0.000044
19 0.000000 0.068482 0.000010
20 0.000000 0.071958 -0.000026
21 0.000000 0.066741 0.000017
22 0.000000 0.064324 0.000040
23 0.000000 0.074796 -0.000045
24 0.000000 0.077209 -0.000065
25 0.000000 0.070360 -0.000008
26 0.000000 0.070871 -0.000010
27 0.000000 0.071001 -0.000010
28 0.000000 0.070057 -0.000002
29 0.000000 0.070170 -0.000004
30 0.000000 0.069515 -0.000002
31 0.000000 0.069644 -0.000005
32 0.000000 0.071009 -0.000014
33 0.000000 0.069207 0.000000
34 0.000000 0.069987 -0.000008
35 0.000000 0.074245 -0.000040
36 0.000000 0.074296 -0.000037
37 0.000000 0.073714 -0.000032
38 0.000000 0.072827 -0.000026
39 0.000000 0.071060 -0.000012
40 0.000000 0.068587 0.000011
41 0.000000 0.068843 0.000011
42 0.000000 0.071297 -0.000010
43 0.000000 0.072827 -0.000025
44 0.000000 0.073156 -0.000030
45 0.000000 0.074294 -0.000040
46 0.000000 0.075388 -0.000045
47 0.000000 0.075082 -0.000042
48 0.000000 0.070645 -0.000010
49 0.000000 0.068743 0.000005
50 0.000000 0.068474 0.000011
51 0.000000 0.064672 0.000043
52 0.000000 0.064977 0.000042
53 0.000000 0.067553 0.000021
54 0.000000 0.066031 0.000028
55 0.000000 0.071455 -0.000022
56 0.000000 0.076458 -0.000061
57 0.000000 0.071494 -0.000017
58 0.000000 0.069973 -0.000002
59 0.000000 0.070739 -0.000010
60 0.000000 0.069876 -0.000005
61 0.000000 0.070012 -0.000006
62 0.000000 0.068750 0.000004
63 0.000000 0.068699 0.000001
64 0.000000 0.073815 -0.000038
65 0.000000 0.077788 -0.000064
66 0.000000 0.072391 -0.000018
67 0.000000 0.066615 0.000031
68 0.000000 0.068797 0.000012
69 0.000000 0.071594 -0.000016
70 0.000000 0.071237 -0.000019
71 0.000000 0.061167 0.000022
72 0.000000 0.040493 0.000053
73 0.000000 0.019529 0.000025
element 4
poly 0 1 2 3 4 5 6 7 8 9 10 11 12 13 14 15 16 17 18 19 20 21 22 23 24 25 26 27 28 29 30 31 32 33 34 35 36 37 38 39 40 41 42 43 44 45 46 47 48 49 50 51 52 53 54 55 56 57 58 59 60 61 62 63 64 65 66 67 68 69 70 71 72 73
exp
0 0.000000 0.037446 -0.000025
1 0.000000 0.071061 -0.000002
2 0.000000 0.099068 -0.000021
3 0.000000 0.110123 -0.000034
4 0.000000 0.111325 -0.000036
5 0.000000 0.110440 -0.000034
6 0.000000 0.108559 -0.000021
7 0.000000 0.103597 0.000015
8 0.000000 0.100626 0.000036
9 0.000000 0.100915 0.000033
10 0.000000 0.103994 0.000007
11 0.000000 0.107854 -0.000029
12 0.000000 0.106412 -0.000019
13 0.000000 0.103062 0.000011
14 0.000000 0.099922 0.000040
15 0.000000 0.099164 0.000049
16 0.000000 0.100262 0.000041
17 0.000000 0.102362 0.000022
18 0.000000 0.103727 0.000010
19 0.000000 0.101279 0.000026
20 0.000000 0.101235 0.000022
21 0.000000 0.099308 0.000038
22 0.000000 0.094555 0.000081
23 0.000000 0.101074 0.000027
24 0.000000 0.104939 -0.000005
25 0.000000 0.099269 0.000043
26 0.000000 0.097607 0.000052
27 0.000000 0.098531 0.000042
28 0.000000 0.100799 0.000031
29 0.000000 0.108828 -0.000030
30 0.000000 0.111068 -0.000052
31 0.000000 0.107585 -0.000028
32 0.000000 0.107619 -0.000027
33 0.000000 0.105198 -0.000003
34 0.000000 0.104121 0.000006
35 0.000000 0.104648 0.000001
36 0.000000 0.100518 0.000033
37 0.000000 0.096790 0.000066
38 0.000000 0.099272 0.000048
39 0.000000 0.103328 0.000013
40 0.000000 0.102622 0.000017
41 0.000000 0.102780 0.000017
42 0.000000 0.109994 -0.000041
43 0.000000 0.114953 -0.000085
44 0.000000 0.112953 -0.000073
45 0.000000 0.106486 -0.000020
46 0.000000 0.098128 0.000052
47 0.000000 0.098567 0.000050
48 0.000000 0.100623 0.000033
49 0.000000 0.096858 0.000064
50 0.000000 0.097034 0.000062
51 0.000000 0.099395 0.000041
52 0.000000 0.102917 0.000007
53 0.000000 0.105126 -0.000013
54 0.000000 0.104301 -0.000001
55 0.000000 0.106937 -0.000017
56 0.000000 0.114231 -0.000075
57 0.000000 0.115844 -0.000091
58 0.000000 0.104699 0.000002
59 0.000000 0.098288 0.000062
60 0.000000 0.100879 0.000045
61 0.000000 0.103767 0.000019
62 0.000000 0.106260 -0.000006
63 0.000000 0.105716 -0.000004
64 0.000000 0.102196 0.000025
65 0.000000 0.099947 0.000039
66 0.000000 0.105602 -0.000011
67 0.000000 0.112217 -0.000059
68 0.000000 0.112178 -0.000054
69 0.000000 0.110011 -0.000037
70 0.000000 0.104183 0.000004
71 0.000000 0.091238 0.000043
72 0.000000 0.066367 0.000035
73 0.000000 0.034571 -0.000004
element 5
poly 0 1 2 3 4 5 6 7 8 9 10 11 12 13 14 15 16 17 18 19 20 21 22 23 24 25 26 27 28 29 30 31 32 33 34 35 36 37 38 39 40 41 42 43 44 45 46 47 48 49 50 51 52 53 54 55 56 57 58 59 60 61 62 63 64 65 66 67 68 69 70 71 72 73
exp
0 0.000000 0.034200 -0.000011
1 0.000000 0.071835 -0.000033
2 0.000000 0.091178 0.000011
3 0.000000 0.096924 0.000038
4 0.000000 0.101827 0.000013
5 0.000000 0.104276 -0.000010
6 0.000000 0.097551 0.000043
7 0.000000 0.091844 0.000089
8 0.000000 0.097919 0.000027
9 0.000000 0.100809 -0.000005
10 0.000000 0.096990 0.000032
11 0.000000 0.098778 0.000020
12 0.000000 0.100794 0.000002
13 0.000000 0.103549 -0.000020
14 0.000000 0.104281 -0.000028
15 0.000000 0.099293 0.000011
16 0.000000 0.099110 0.000014
17 0.000000 0.101101 -0.000003
18 0.000000 0.101596 -0.000010
19 0.000000 0.100480 0.000002
20 0.000000 0.094797 0.000052
21 0.000000 0.095206 0.000047
22 0.000000 0.099246 0.000011
23 0.000000 0.098271 0.000017
24 0.000000 0.099130 0.000009
25 0.000000 0.103237 -0.000022
26 0.000000 0.101271 -0.000003
27 0.000000 0.099191 0.000011
28 0.000000 0.099614 0.000007
29 0.000000 0.094626 0.000050
30 0.000000 0.094830 0.000049
31 0.000000 0.102560 -0.000014
32 0.000000 0.102486 -0.000012
33 0.000000 0.098021 0.000025
34 0.000000 0.098384 0.000017
35 0.000000 0.101798 -0.000014
36 0.000000 0.103792 -0.000028
37 0.000000 0.097724 0.000024
38 0.000000 0.097012 0.000031
39 0.000000 0.100922 -0.000002
40 0.000000 0.101425 -0.000004
41 0.000000 0.100993 0.000001
42 0.000000 0.096495 0.000037
43 0.000000 0.094081 0.000054
44 0.000000 0.096140 0.000035
45 0.000000 0.091809 0.000072
46 0.000000 0.095252 0.000046
47 0.000000 0.105051 -0.000036
48 0.000000 0.104160 -0.000030
49 0.000000 0.100021 0.000004
50 0.000000 0.104093 -0.000027
51 0.000000 0.108037 -0.000061
52 0.000000 0.103257 -0.000022
53 0.000000 0.097471 0.000026
54 0.000000 0.096012 0.000033
55 0.000000 0.095843 0.000034
56 0.000000 0.099416 0.000010
57 0.000000 0.105935 -0.000040
58 0.000000 0.106450 -0.000047
59 0.000000 0.103600 -0.000027
60 0.000000 0.101758 -0.000011
61 0.000000 0.102857 -0.000020
62 0.000000 0.104708 -0.000033
63 0.000000 0.104041 -0.000027
64 0.000000 0.096962 0.000026
65 0.000000 0.094582 0.000048
66 0.000000 0.097505 0.000033
67 0.000000 0.099040 0.000021
68 0.000000 0.100119 0.000006
69 0.000000 0.100808 -0.000002
70 0.000000 0.101016 -0.000011
71 0.000000 0.092986 -0.000009
72 0.000000 0.067492 0.000000
73 0.000000 0.030490 0.000017
element 6
poly 0 1 2 3 4 5 6 7 8 9 10 11 12 13 14 15 16 17 18 19 20 21 22 23 24 25 26 27 28 29 30 31 32 33 34 35 36 37 38 39 40 41 42 43 44 45 46 47 48 49 50 51 52 53 54 55 56 57 58 59 60 61 62 63 64 65 66 67 68 69 70 71 72 73
exp
0 0.000000 0.017197 0.000030
1 0.000000 0.039577 0.000026
2 0.000000 0.051613 0.000048
3 0.000000 0.054371 0.000057
4 0.000000 0.057920 0.000024
5 0.000000 0.062167 -0.000015
6 0.000000 0.057770 0.000021
7 0.000000 0.052695 0.000061
8 0.000000 0.058192 0.000012
9 0.000000 0.065111 -0.000047
10 0.000000 0.065142 -0.000046
11 0.000000 0.058906 0.000007
12 0.000000 0.055783 0.000028
13 0.000000 0.056332 0.000014
14 0.000000 0.055724 0.000016
15 0.000000 0.059186 -0.000007
16 0.000000 0.063420 -0.000035
17 0.000000 0.059301 0.000001
18 0.000000 0.052017 0.000062
19 0.000000 0.051177 0.000068
20 0.000000 0.048975 0.000080
21 0.000000 0.051520 0.000057
22 0.000000 0.055135 0.000029
23 0.000000 0.057812 0.000006
24 0.000000 0.058547 0.000000
25 0.000000 0.060322 -0.000012
26 0.000000 0.057081 0.000015
27 0.000000 0.051209 0.000061
28 0.000000 0.058068 0.000007
29 0.000000 0.063877 -0.000037
30 0.000000 0.064672 -0.000041
31 0.000000 0.063327 -0.000033
32 0.000000 0.057413 0.000016
33 0.000000 0.052467 0.000057
34 0.000000 0.053171 0.000050
35 0.000000 0.056128 0.000025
36 0.000000 0.059576 -0.000005
37 0.000000 0.062553 -0.000031
38 0.000000 0.060879 -0.000017
39 0.000000 0.056753 0.000021
40 0.000000 0.057671 0.000014
41 0.000000 0.064655 -0.000040
42 0.000000 0.059621 0.000005
43 0.000000 0.056072 0.000029
44 0.000000 0.057289 0.000016
45 0.000000 0.055689 0.000033
46 0.000000 0.058356 0.000009
47 0.000000 0.064457 -0.000041
48 0.000000 0.068858 -0.000077
49 0.000000 0.061534 -0.000021
50 0.000000 0.056376 0.000020
51 0.000000 0.056571 0.000023
52 0.000000 0.058492 0.000008
53 0.000000 0.061270 -0.000020
54 0.000000 0.059710 -0.000010
55 0.000000 0.059153 -0.000005
56 0.000000 0.060595 -0.000014
57 0.000000 0.057060 0.000017
58 0.000000 0.058117 0.000006
59 0.000000 0.060409 -0.000012
60 0.000000 0.058640 0.000006
61 0.000000 0.053209 0.000050
62 0.000000 0.056468 0.000023
63 0.000000 0.059665 -0.000003
64 0.000000 0.059142 0.000002
65 0.000000 0.058305 0.000005
66 0.000000 0.058758 -0.000001
67 0.000000 0.059571 -0.000003
68 0.000000 0.061050 -0.000014
69 0.000000 0.058595 0.000002
70 0.000000 0.059551 -0.000008
71 0.000000 0.055311 -0.000012
72 0.000000 0.041765 -0.000030
73 0.000000 0.020829 -0.000036
element 7
poly 0 1 2 3 4 5 6 7 8 9 10 11 12 13 14 15 16 17 18 19 20 21 22 23 24 25 26 27 28 29 30 31 32 33 34 35 36 37 38 39 40 41 42 43 44 45 46 47 48 49 50 51 52 53 54 55 56 57 58 59 60 61 62 63 64 65 66 67 68 69 70 71 72 73
exp
0 0.000000 0.016291 0.000060
1 0.000000 0.044926 0.000032
2 0.000000 0.057669 0.000065
3 0.000000 0.057687 0.000103
4 0.000000 0.060572 0.000081
5 0.000000 0.068509 0.000005
6 0.000000 0.072050 -0.000034
7 0.000000 0.074724 -0.000055
8 0.000000 0.072067 -0.000034
9 0.000000 0.065846 0.000011
10 0.000000 0.068024 -0.000006
11 0.000000 0.067765 0.000003
12 0.000000 0.062984 0.000045
13 0.000000 0.067358 0.000007
14 0.000000 0.070440 -0.000018
15 0.000000 0.070899 -0.000017
16 0.000000 0.070338 -0.000014
17 0.000000 0.064125 0.000035
18 0.000000 0.059414 0.000075
19 0.000000 0.061798 0.000056
20 0.000000 0.067209 0.000011
21 0.000000 0.071404 -0.000021
22 0.000000 0.067432 0.000012
23 0.000000 0.065863 0.000023
24 0.000000 0.070370 -0.000018
25 0.000000 0.070781 -0.000022
26 0.000000 0.069422 -0.000012
27 0.000000 0.074321 -0.000053
28 0.000000 0.073352 -0.000039
29 0.000000 0.068963 -0.000001
30 0.000000 0.068282 0.000000
31 0.000000 0.070625 -0.000024
32 0.000000 0.066809 0.000005
33 0.000000 0.063464 0.000034
34 0.000000 0.062553 0.000046
35 0.000000 0.066359 0.000020
36 0.000000 0.065158 0.000029
37 0.000000 0.065455 0.000020
38 0.000000 0.070389 -0.000024
39 0.000000 0.068189 -0.000002
40 0.000000 0.069369 -0.000006
41 0.000000 0.072909 -0.000036
42 0.000000 0.069238 -0.000009
43 0.000000 0.065958 0.000016
44 0.000000 0.065934 0.000015
45 0.000000 0.064054 0.000027
46 0.000000 0.068025 -0.000003
47 0.000000 0.074171 -0.000048
48 0.000000 0.072104 -0.000029
49 0.000000 0.068943 -0.000007
50 0.000000 0.061786 0.000051
51 0.000000 0.062350 0.000047
52 0.000000 0.065247 0.000018
53 0.000000 0.064510 0.000020
54 0.000000 0.066582 0.000006
55 0.000000 0.068384 -0.000007
56 0.000000 0.070855 -0.000027
57 0.000000 0.070179 -0.000018
58 0.000000 0.067606 0.000007
59 0.000000 0.071024 -0.000021
60 0.000000 0.069085 -0.000003
61 0.000000 0.067559 0.000007
62 0.000000 0.068173 0.000002
63 0.000000 0.067465 0.000009
64 0.000000 0.069450 -0.000008
65 0.000000 0.072923 -0.000041
66 0.000000 0.071384 -0.000032
67 0.000000 0.067655 0.000002
68 0.000000 0.067374 0.000010
69 0.000000 0.071244 -0.000025
70 0.000000 0.074536 -0.000062
71 0.000000 0.066811 -0.000041
72 0.000000 0.048247 -0.000028
73 0.000000 0.019488 -0.000002
element 8
poly 0 1 2 3 4 5 6 7 8 9 10 11 12 13 14 15 16 17 18 19 20 21 22 23 24 25 26 27 28 29 30 31 32 33 34 35 36 37 38 39 40 41 42 43 44 45 46 47 48 49 50 51 52 53 54 55 56 57 58 59 60 61 62 63 64 65 66 67 68 69 70 71 72 73
exp
0 0.000000 0.058085 -0.000026
1 0.000000 0.114500 -0.000011
2 0.000000 0.146588 0.000037
3 0.000000 0.159059 0.000008
4 0.000000 0.160793 -0.000004
5 0.000000 0.160188 0.000003
6 0.000000 0.163019 -0.000026
7 0.000000 0.166955 -0.000069
8 0.000000 0.157405 0.000007
9 0.000000 0.148376 0.000084
10 0.000000 0.151339 0.000061
11 0.000000 0.164564 -0.000054
12 0.000000 0.165050 -0.000070
13 0.000000 0.151910 0.000030
14 0.000000 0.148016 0.000061
15 0.000000 0.154722 0.000009
16 0.000000 0.160723 -0.000038
17 0.000000 0.160181 -0.000032
18 0.000000 0.159051 -0.000017
19 0.000000 0.156950 0.000001
20 0.000000 0.154536 0.000014
21 0.000000 0.156157 -0.000001
22 0.000000 0.157153 -0.000003
23 0.000000 0.159395 -0.000019
24 0.000000 0.155893 0.000010
25 0.000000 0.152178 0.000041
26 0.000000 0.155187 0.000016
27 0.000000 0.163209 -0.000052
28 0.000000 0.166594 -0.000080
29 0.000000 0.163606 -0.000054
30 0.000000 0.161086 -0.000033
31 0.000000 0.159829 -0.000025
32 0.000000 0.154120 0.000019
33 0.000000 0.150090 0.000053
34 0.000000 0.156456 -0.000002
35 0.000000 0.159430 -0.000028
36 0.000000 0.155829 0.000004
37 0.000000 0.160093 -0.000030
38 0.000000 0.160926 -0.000037
39 0.000000 0.156490 0.000004
40 0.000000 0.154568 0.000020
41 0.000000 0.158090 -0.000018
42 0.000000 0.155947 -0.000003
43 0.000000 0.156093 0.000003
44 0.000000 0.158525 -0.000013
45 0.000000 0.155915 0.000010
46 0.000000 0.151612 0.000046
47 0.000000 0.155460 0.000009
48 0.000000 0.158728 -0.000029
49 0.000000 0.159055 -0.000033
50 0.000000 0.164268 -0.000073
51 0.000000 0.158317 -0.000020
52 0.000000 0.151557 0.000043
53 0.000000 0.153432 0.000031
54 0.000000 0.154682 0.000019
55 0.000000 0.151156 0.000048
56 0.000000 0.146081 0.000094
57 0.000000 0.146087 0.000095
58 0.000000 0.156891 0.000001
59 0.000000 0.158269 -0.000015
60 0.000000 0.153646 0.000020
61 0.000000 0.152230 0.000030
62 0.000000 0.154851 0.000010
63 0.000000 0.157951 -0.000014
64 0.000000 0.156971 -0.000003
65 0.000000 0.156400 -0.000001
66 0.000000 0.155970 0.000006
67 0.000000 0.159696 -0.000023
68 0.000000 0.162353 -0.000046
69 0.000000 0.155311 0.000012
70 0.000000 0.150135 0.000046
71 0.000000 0.144609 -0.000016
72 0.000000 0.109297 -0.000060
73 0.000000 0.047881 -0.000025
element 9
poly 0 1 2 3 4 5 6 7 8 9 10 11 12 13 14 15 16 17 18 19 20 21 22 23 24 25 26 27 28 29 30 31 32 33 34 35 36 37 38 39 40 41 42 43 44 45 46 47 48 49 50 51 52 53 54 55 56 57 58 59 60 61 62 63 64 65 66 67 68 69 70 71 72 73
exp
0 0.000000 0.025076 -0.000032
1 0.000000 0.047757 -0.000031
2 0.000000 0.059651 0.000001
3 0.000000 0.063015 0.000007
4 0.000000 0.062680 0.000009
5 0.000000 0.059448 0.000036
6 0.000000 0.060178 0.000022
7 0.000000 0.064688 -0.000022
8 0.000000 0.063775 -0.000012
9 0.000000 0.064028 -0.000014
10 0.000000 0.066827 -0.000038
11 0.000000 0.059758 0.000019
12 0.000000 0.058102 0.000030
13 0.000000 0.064844 -0.000027
14 0.000000 0.064348 -0.000022
15 0.000000 0.059967 0.000017
16 0.000000 0.061947 0.000003
17 0.000000 0.065283 -0.000029
18 0.000000 0.063268 -0.000014
19 0.000000 0.065476 -0.000029
20 0.000000 0.067922 -0.000050
21 0.000000 0.061876 -0.000002
22 0.000000 0.057067 0.000033
23 0.000000 0.055680 0.000046
24 0.000000 0.056834 0.000045
25 0.000000 0.057033 0.000046
26 0.000000 0.061592 0.000003
27 0.000000 0.058870 0.000024
28 0.000000 0.054195 0.000065
29 0.000000 0.059163 0.000025
30 0.000000 0.065987 -0.000034
31 0.000000 0.069262 -0.000056
32 0.000000 0.067557 -0.000040
33 0.000000 0.061173 0.000003
34 0.000000 0.058841 0.000023
35 0.000000 0.061581 0.000010
36 0.000000 0.062343 0.000008
37 0.000000 0.061300 0.000011
38 0.000000 0.059990 0.000019
39 0.000000 0.062896 -0.000003
40 0.000000 0.066787 -0.000035
41 0.000000 0.065253 -0.000022
42 0.000000 0.064277 -0.000017
43 0.000000 0.065526 -0.000033
44 0.000000 0.060952 0.000008
45 0.000000 0.058208 0.000033
46 0.000000 0.065193 -0.000025
47 0.000000 0.073761 -0.000096
48 0.000000 0.068466 -0.000052
49 0.000000 0.062557 -0.000003
50 0.000000 0.063318 -0.000011
51 0.000000 0.068102 -0.000053
52 0.000000 0.060448 0.000014
53 0.000000 0.053353 0.000076
54 0.000000 0.062581 -0.000004
55 0.000000 0.069912 -0.000066
56 0.000000 0.069101 -0.000054
57 0.000000 0.067904 -0.000041
58 0.000000 0.065919 -0.000030
59 0.000000 0.061490 -0.000003
60 0.000000 0.060868 0.000003
61 0.000000 0.063071 -0.000012
62 0.000000 0.063295 -0.000014
63 0.000000 0.059176 0.000025
64 0.000000 0.057199 0.000044
65 0.000000 0.060995 0.000010
66 0.000000 0.062077 -0.000001
67 0.000000 0.064882 -0.000027
68 0.000000 0.064929 -0.000027
69 0.000000 0.061781 0.000002
70 0.000000 0.061749 0.000001
71 0.000000 0.058525 -0.000014
72 0.000000 0.033903 0.000058
73 0.000000 0.013926 0.000032
element 10
poly 0 1 2 3 4 5 6 7 8 9 10 11 12 13 14 15 16 17 18 19 20 21 22 23 24 25 26 27 28 29 30 31 32 33 34 35 36 37 38 39 40 41 42 43 44 45 46 47 48 49 50 51 52 53 54 55 56 57 58 59 60 61 62 63 64 65 66 67 68 69 70 71 72 73
exp
0 0.000000 0.027438 -0.000022
1 0.000000 0.049956 0.000007
2 0.000000 0.063389 0.000038
3 0.000000 0.071384 0.000011
4 0.000000 0.071687 0.000004
5 0.000000 0.070688 0.000005
6 0.000000 0.071961 -0.000009
7 0.000000 0.072842 -0.000019
8 0.000000 0.066459 0.000031
9 0.000000 0.061283 0.000076
10 0.000000 0.065598 0.000039
11 0.000000 0.070060 -0.000002
12 0.000000 0.073096 -0.000023
13 0.000000 0.073265 -0.000023
14 0.000000 0.071424 -0.000012
15 0.000000 0.070933 -0.000007
16 0.000000 0.071382 -0.000011
17 0.000000 0.065045 0.000041
18 0.000000 0.063214 0.000059
19 0.000000 0.065738 0.000043
20 0.000000 0.063739 0.000061
21 0.000000 0.061637 0.000071
22 0.000000 0.063987 0.000049
23 0.000000 0.067255 0.000022
24 0.000000 0.076200 -0.000053
25 0.000000 0.082633 -0.000103
26 0.000000 0.077793 -0.000060
27 0.000000 0.068486 0.000020
28 0.000000 0.067270 0.000028
29 0.000000 0.067957 0.000015
30 0.000000 0.067124 0.000021
31 0.000000 0.067195 0.000025
32 0.000000 0.067581 0.000025
33 0.000000 0.070732 -0.000003
34 0.000000 0.073143 -0.000024
35 0.000000 0.068845 0.000015
36 0.000000 0.066634 0.000034
37 0.000000 0.063744 0.000060
38 0.000000 0.062050 0.000075
39 0.000000 0.070146 0.000002
40 0.000000 0.074543 -0.000039
41 0.000000 0.067837 0.000016
42 0.000000 0.065951 0.000032
43 0.000000 0.067897 0.000012
44 0.000000 0.066449 0.000026
45 0.000000 0.064658 0.000045
46 0.000000 0.067536 0.000022
47 0.000000 0.070466 -0.000003
48 0.000000 0.074896 -0.000036
49 0.000000 0.069980 0.000005
50 0.000000 0.066922 0.000034
51 0.000000 0.069418 0.000016
52 0.000000 0.074460 -0.000024
53 0.000000 0.074121 -0.000027
54 0.000000 0.072912 -0.000019
55 0.000000 0.073038 -0.000020
56 0.000000 0.075168 -0.000038
57 0.000000 0.073291 -0.000024
58 0.000000 0.073163 -0.000025
59 0.000000 0.069531 0.000003
60 0.000000 0.066381 0.000032
61 0.000000 0.063036 0.000060
62 0.000000 0.066830 0.000026
63 0.000000 0.071008 -0.000005
64 0.000000 0.066371 0.000042
65 0.000000 0.060195 0.000097
66 0.000000 0.060840 0.000088
67 0.000000 0.064955 0.000049
68 0.000000 0.067950 0.000017
69 0.000000 0.068602 0.000005
70 0.000000 0.063023 0.000051
71 0.000000 0.056627 0.000064
72 0.000000 0.043452 0.000019
73 0.000000 0.023538 -0.000031
element 11
poly 0 1 2 3 4 5 6 7 8 9 10 11 12 13 14 15 16 17 18 19 20 21 22 23 24 25 26 27 28 29 30 31 32 33 34 35 36 37 38 39 40 41 42 43 44 45 46 47 48 49 50 51 52 53 54 55 56 57 58 59 60 61 62 63 64 65 66 67 68 69 70 71 72 73
exp
0 0.000000 0.023553 0.000000
1 0.000000 0.050568 0.000014
2 0.000000 0.064819 0.000054
3 0.000000 0.073886 0.000022
4 0.000000 0.076933 -0.000006
5 0.000000 0.074377 0.000011
6 0.000000 0.075764 -0.000006
7 0.000000 0.083869 -0.000082
8 0.000000 0.082714 -0.000077
9 0.000000 0.072888 0.000008
10 0.000000 0.070649 0.000032
11 0.000000 0.080225 -0.000046
12 0.000000 0.080031 -0.000053
13 0.000000 0.079147 -0.000045
14 0.000000 0.078200 -0.000027
15 0.000000 0.076825 -0.000015
16 0.000000 0.075724 -0.000011
17 0.000000 0.075887 -0.000016
18 0.000000 0.076061 -0.000014
19 0.000000 0.071936 0.000019
20 0.000000 0.066492 0.000060
21 0.000000 0.072548 0.000010
22 0.000000 0.076264 -0.000020
23 0.000000 0.076737 -0.000021
24 0.000000 0.074965 -0.000004
25 0.000000 0.072243 0.000019
26 0.000000 0.073497 0.000007
27 0.000000 0.076361 -0.000021
28 0.000000 0.076867 -0.000032
29 0.000000 0.076250 -0.000025
30 0.000000 0.077876 -0.000035
31 0.000000 0.073661 -0.000001
32 0.000000 0.070127 0.000029
33 0.000000 0.075566 -0.000017
34 0.000000 0.075182 -0.000017
35 0.000000 0.068419 0.000042
36 0.000000 0.075409 -0.000013
37 0.000000 0.077332 -0.000027
38 0.000000 0.070018 0.000031
39 0.000000 0.069707 0.000030
40 0.000000 0.071135 0.000018
41 0.000000 0.071885 0.000019
42 0.000000 0.079716 -0.000041
43 0.000000 0.083326 -0.000069
44 0.000000 0.074752 0.000002
45 0.000000 0.071232 0.000033
46 0.000000 0.075629 -0.000007
47 0.000000 0.074671 -0.000001
48 0.000000 0.075129 -0.000003
49 0.000000 0.079402 -0.000038
50 0.000000 0.077882 -0.000031
51 0.000000 0.074051 0.000001
52 0.000000 0.075409 -0.000012
53 0.000000 0.079061 -0.000046
54 0.000000 0.074611 -0.000006
55 0.000000 0.072376 0.000020
56 0.000000 0.073447 0.000012
57 0.000000 0.069954 0.000038
58 0.000000 0.069714 0.000040
59 0.000000 0.074790 0.000000
60 0.000000 0.075192 -0.000008
61 0.000000 0.071974 0.000020
62 0.000000 0.070222 0.000040
63 0.000000 0.071975 0.000026
64 0.000000 0.075697 -0.000005
65 0.000000 0.078247 -0.000028
66 0.000000 0.079667 -0.000043
67 0.000000 0.079158 -0.000043
68 0.000000 0.070522 0.000025
69 0.000000 0.063828 0.000081
70 0.000000 0.072345 0.000021
71 0.000000 0.077841 -0.000060
72 0.000000 0.054133 -0.000026
73 0.000000 0.025144 -0.000025
element 12
poly 0 1 2 3 4 5 6 7 8 9 10 11 12 13 14 15 16 17 18 19 20 21 22 23 24 25 26 27 28 29 30 31 32 33 34 35 36 37 38 39 40 41 42 43 44 45 46 47 48 49 50 51 52 53 54 55 56 57 58 59 60 61 62 63 64 65 66 67 68 69 70 71 72 73
exp
0 0.000000 0.019793 0.000014
1 0.000000 0.044759 0.000008
2 0.000000 0.060062 0.000011
3 0.000000 0.060501 0.000030
4 0.000000 0.062973 -0.000005
5 0.000000 0.062701 -0.000014
6 0.000000 0.058648 0.000017
7 0.000000 0.057331 0.000025
8 0.000000 0.059066 0.000008
9 0.000000 0.059678 0.000004
10 0.000000 0.060797 -0.000005
11 0.000000 0.061479 -0.000012
12 0.000000 0.060655 -0.000003
13 0.000000 0.060750 -0.000005
14 0.000000 0.059774 0.000003
15 0.000000 0.060338 -0.000004
16 0.000000 0.061493 -0.000014
17 0.000000 0.059950 0.000000
18 0.000000 0.059558 0.000003
19 0.000000 0.058857 0.000009
20 0.000000 0.059977 -0.000000
21 0.000000 0.057894 0.000015
22 0.000000 0.055655 0.000033
23 0.000000 0.056013 0.000033
24 0.000000 0.058505 0.000012
25 0.000000 0.062555 -0.000024
26 0.000000 0.062927 -0.000023
27 0.000000 0.059705 0.000006
28 0.000000 0.062109 -0.000019
29 0.000000 0.060922 -0.000010
30 0.000000 0.056519 0.000029
31 0.000000 0.057127 0.000027
32 0.000000 0.057981 0.000018
33 0.000000 0.061079 -0.000011
34 0.000000 0.061729 -0.000016
35 0.000000 0.058632 0.000010
36 0.000000 0.054685 0.000045
37 0.000000 0.056508 0.000031
38 0.000000 0.062374 -0.000018
39 0.000000 0.061694 -0.000014
40 0.000000 0.058869 0.000007
41 0.000000 0.060075 -0.000002
42 0.000000 0.057928 0.000016
43 0.000000 0.057335 0.000023
44 0.000000 0.060648 -0.000006
45 0.000000 0.062128 -0.000017
46 0.000000 0.058941 0.000012
47 0.000000 0.056838 0.000029
48 0.000000 0.061712 -0.000013
49 0.000000 0.060809 -0.000006
50 0.000000 0.057465 0.000022
51 0.000000 0.057334 0.000021
52 0.000000 0.057913 0.000016
53 0.000000 0.059690 0.000004
54 0.000000 0.063135 -0.000024
55 0.000000 0.063035 -0.000025
56 0.000000 0.059589 0.000003
57 0.000000 0.060512 -0.000004
58 0.000000 0.061372 -0.000011
59 0.000000 0.060690 -0.000006
60 0.000000 0.062835 -0.000026
61 0.000000 0.062461 -0.000023
62 0.000000 0.061420 -0.000016
63 0.000000 0.060805 -0.000010
64 0.000000 0.061562 -0.000011
65 0.000000 0.062337 -0.000014
66 0.000000 0.062323 -0.000013
67 0.000000 0.058553 0.000019
68 0.000000 0.057236 0.000027
69 0.000000 0.060243 -0.000002
70 0.000000 0.063383 -0.000029
71 0.000000 0.058969 -0.000029
72 0.000000 0.040802 -0.000012
73 0.000000 0.013907 0.000011
element 13
poly 0 1 2 3 4 5 6 7 8 9 10 11 12 13 14 15 16 17 18 19 20 21 22 23 24 25 26 27 28 29 30 31 32 33 34 35 36 37 38 39 40 41 42 43 44 45 46 47 48 49 50 51 52 53 54 55 56 57 58 59 60 61 62 63 64 65 66 67 68 69 70 71 72 73
exp
0 0.000000 0.013337 -0.000000
1 0.000000 0.029225 -0.000009
2 0.000000 0.041023 -0.000029
3 0.000000 0.043158 -0.000032
4 0.000000 0.040876 -0.000018
5 0.000000 0.036633 0.000012
6 0.000000 0.036025 0.000011
7 0.000000 0.036227 0.000006
8 0.000000 0.033452 0.000029
9 0.000000 0.032828 0.000035
10 0.000000 0.036870 0.000001
11 0.000000 0.037340 -0.000003
12 0.000000 0.037268 0.000000
13 0.000000 0.037906 -0.000003
14 0.000000 0.036293 0.000011
15 0.000000 0.035147 0.000019
16 0.000000 0.034143 0.000026
17 0.000000 0.036719 0.000003
18 0.000000 0.036671 0.000001
19 0.000000 0.036655 0.000000
20 0.000000 0.037354 -0.000005
21 0.000000 0.037476 -0.000005
22 0.000000 0.038114 -0.000011
23 0.000000 0.037627 -0.000008
24 0.000000 0.037732 -0.000006
25 0.000000 0.035498 0.000012
26 0.000000 0.035190 0.000014
27 0.000000 0.038693 -0.000014
28 0.000000 0.035998 0.000010
29 0.000000 0.032957 0.000033
30 0.000000 0.033231 0.000031
31 0.000000 0.034499 0.000023
32 0.000000 0.037358 -0.000002
33 0.000000 0.036285 0.000006
34 0.000000 0.034322 0.000025
35 0.000000 0.036131 0.000011
36 0.000000 0.038908 -0.000014
37 0.000000 0.038378 -0.000012
38 0.000000 0.035309 0.000012
39 0.000000 0.035090 0.000016
40 0.000000 0.035105 0.000017
41 0.000000 0.034204 0.000025
42 0.000000 0.034318 0.000025
43 0.000000 0.037650 -0.000004
44 0.000000 0.039883 -0.000021
45 0.000000 0.036151 0.000010
46 0.000000 0.032951 0.000036
47 0.000000 0.033059 0.000033
48 0.000000 0.033950 0.000023
49 0.000000 0.036337 0.000002
50 0.000000 0.036398 0.000002
51 0.000000 0.034166 0.000022
52 0.000000 0.037381 -0.000002
53 0.000000 0.038582 -0.000011
54 0.000000 0.037352 0.000001
55 0.000000 0.036819 0.000006
56 0.000000 0.034607 0.000023
57 0.000000 0.036371 0.000006
58 0.000000 0.039098 -0.000018
59 0.000000 0.034049 0.000023
60 0.000000 0.030923 0.000047
61 0.000000 0.035131 0.000013
62 0.000000 0.037012 0.000002
63 0.000000 0.033522 0.000033
64 0.000000 0.036406 0.000009
65 0.000000 0.038401 -0.000011
66 0.000000 0.035588 0.000011
67 0.000000 0.034508 0.000019
68 0.000000 0.040031 -0.000028
69 0.000000 0.040222 -0.000027
70 0.000000 0.037736 -0.000006
71 0.000000 0.035620 -0.000014
72 0.000000 0.027038 -0.000027
73 0.000000 0.010363 -0.000012
element 14
poly 0 1 2 3 4 5 6 7 8 9 10 11 12 13 14 15 16 17 18 19 20 21 22 23 24 25 26 27 28 29 30 31 32 33 34 35 36 37 38 39 40 41 42 43 44 45 46 47 48 49 50 51 52 53 54 55 56 57 58 59 60 61 62 63 64 65 66 67 68 69 70 71 72 73
exp
0 0.000000 0.009721 -0.000013
1 0.000000 0.016892 0.000005
2 0.000000 0.023084 0.000004
3 0.000000 0.027080 -0.000020
4 0.000000 0.026363 -0.000019
5 0.000000 0.021902 0.000014
6 0.000000 0.021716 0.000015
7 0.000000 0.022801 0.000002
8 0.000000 0.022623 0.000002
9 0.000000 0.020955 0.000018
10 0.000000 0.020215 0.000024
11 0.000000 0.024267 -0.000009
12 0.000000 0.022930 0.000000
13 0.000000 0.019806 0.000027
14 0.000000 0.021198 0.000016
15 0.000000 0.023910 -0.000010
16 0.000000 0.022191 0.000004
17 0.000000 0.020588 0.000021
18 0.000000 0.021009 0.000018
19 0.000000 0.023000 -0.000000
20 0.000000 0.024643 -0.000015
21 0.000000 0.022272 0.000005
22 0.000000 0.019997 0.000024
23 0.000000 0.025632 -0.000021
24 0.000000 0.027836 -0.000040
25 0.000000 0.022782 0.000002
26 0.000000 0.023239 0.000001
27 0.000000 0.023716 -0.000004
28 0.000000 0.023163 0.000001
29 0.000000 0.023220 -0.000000
30 0.000000 0.023401 -0.000005
31 0.000000 0.023271 -0.000005
32 0.000000 0.024138 -0.000010
33 0.000000 0.023088 -0.000001
34 0.000000 0.022869 0.000001
35 0.000000 0.025549 -0.000020
36 0.000000 0.025390 -0.000019
37 0.000000 0.024972 -0.000016
38 0.000000 0.024343 -0.000010
39 0.000000 0.023689 -0.000005
40 0.000000 0.022594 0.000004
41 0.000000 0.022617 0.000005
42 0.000000 0.023927 -0.000006
43 0.000000 0.024851 -0.000014
44 0.000000 0.024535 -0.000012
45 0.000000 0.025054 -0.000015
46 0.000000 0.025494 -0.000019
47 0.000000 0.025701 -0.000020
48 0.000000 0.023472 -0.000004
49 0.000000 0.022340 0.000005
50 0.000000 0.022769 0.000003
51 0.000000 0.020940 0.000019
52 0.000000 0.020440 0.000024
53 0.000000 0.022615 0.000007
54 0.000000 0.021660 0.000011
55 0.000000 0.023763 -0.000008
56 0.000000 0.027330 -0.000037
57 0.000000 0.023902 -0.000007
58 0.000000 0.022579 0.000006
59 0.000000 0.023547 -0.000002
60 0.000000 0.022983 0.000001
61 0.000000 0.023392 -0.000003
62 0.000000 0.022605 0.000004
63 0.000000 0.022470 0.000004
64 0.000000 0.024745 -0.000014
65 0.000000 0.027262 -0.000033
66 0.000000 0.024687 -0.000013
67 0.000000 0.021165 0.000016
68 0.000000 0.022696 0.000005
69 0.000000 0.024097 -0.000008
70 0.000000 0.024344 -0.000013
71 0.000000 0.019933 0.000009
72 0.000000 0.011973 0.000024
73 0.000000 0.004094 0.000012
element 15
poly 0 1 2 3 4 5 6 7 8 9 10 11 12 13 14 15 16 17 18 19 20 21 22 23 24 25 26 27 28 29 30 31 32 33 34 35 36 37 38 39 40 41 42 43 44 45 46 47 48 49 50 51 52 53 54 55 56 57 58 59 60 61 62 63 64 65 66 67 68 69 70 71 72 73
exp
0 0.000000 -0.008799 -0.000033
1 0.000000 0.007847 0.000029
2 0.000000 0.026146 -0.000003
3 0.000000 0.032035 -0.000031
4 0.000000 0.032094 -0.000045
5 0.000000 0.029362 -0.000022
6 0.000000 0.028008 -0.000001
7 0.000000 0.024670 0.000029
8 0.000000 0.022638 0.000033
9 0.000000 0.024308 0.000019
10 0.000000 0.024210 0.000020
11 0.000000 0.028379 -0.000036
12 0.000000 0.024930 -0.000038
13 0.000000 0.016115 0.000014
14 0.000000 0.009131 0.000047
15 0.000000 0.004654 0.000048
16 0.000000 0.004204 0.000019
17 0.000000 0.005260 -0.000015
18 0.000000 0.004260 -0.000021
19 0.000000 -0.001265 0.000022
20 0.000000 -0.003166 0.000035
21 0.000000 -0.000793 0.000016
22 0.000000 -0.007497 0.000082
23 0.000000 0.001703 0.000011
24 0.000000 0.010221 -0.000063
25 0.000000 0.000661 0.000014
26 0.000000 -0.004487 0.000057
27 0.000000 -0.003532 0.000045
28 0.000000 0.000115 0.000016
29 0.000000 0.010231 -0.000064
30 0.000000 0.012303 -0.000080
31 0.000000 0.001489 0.000008
32 0.000000 0.002119 0.000004
33 0.000000 0.002615 0.000000
34 0.000000 0.001573 0.000010
35 0.000000 0.002722 0.000003
36 0.000000 -0.002619 0.000047
37 0.000000 -0.005647 0.000069
38 0.000000 0.000461 0.000014
39 0.000000 0.004015 -0.000012
40 0.000000 0.000781 0.000015
41 0.000000 0.001395 0.000000
42 0.000000 0.009112 -0.000058
43 0.000000 0.014038 -0.000092
44 0.000000 0.007989 -0.000043
45 0.000000 0.000290 0.000014
46 0.000000 -0.006598 0.000076
47 0.000000 -0.004790 0.000061
48 0.000000 0.002697 -0.000007
49 0.000000 -0.003655 0.000054
50 0.000000 -0.003558 0.000052
51 0.000000 -0.000420 0.000020
52 0.000000 0.000939 0.000014
53 0.000000 0.005485 -0.000026
54 0.000000 0.003085 -0.000010
55 0.000000 0.003720 -0.000003
56 0.000000 0.011258 -0.000064
57 0.000000 0.014208 -0.000093
58 0.000000 -0.001789 0.000033
59 0.000000 -0.009020 0.000096
60 0.000000 -0.000809 0.000031
61 0.000000 0.002471 0.000004
62 0.000000 0.005990 -0.000030
63 0.000000 0.006006 -0.000027
64 0.000000 0.000810 0.000015
65 0.000000 -0.003601 0.000048
66 0.000000 0.001776 0.000007
67 0.000000 0.010397 -0.000058
68 0.000000 0.008912 -0.000055
69 0.000000 0.004690 -0.000020
70 0.000000 0.002094 0.000009
71 0.000000 -0.005981 0.000045
72 0.000000 -0.019348 0.000037
73 0.000000 -0.034723 -0.000006
element 16
poly 0 1 2 3 4 5 6 7 8 9 10 11 12 13 14 15 16 17 18 19 20 21 22 23 24 25 26 27 28 29 30 31 32 33 34 35 36 37 38 39 40 41 42 43 44 45 46 47 48 49 50 51 52 53 54 55 56 57 58 59 60 61 62 63 64 65 66 67 68 69 70 71 72 73
exp
0 0.000000 -0.009891 -0.000010
1 0.000000 0.006085 -0.000022
2 0.000000 0.012433 0.000007
3 0.000000 0.012952 0.000019
4 0.000000 0.013896 0.000001
5 0.000000 0.015494 -0.000018
6 0.000000 0.013224 0.000006
7 0.000000 0.010957 0.000028
8 0.000000 0.012984 0.000006
9 0.000000 0.014682 -0.000010
10 0.000000 0.012540 0.000007
11 0.000000 0.012001 0.000007
12 0.000000 0.011352 -0.000000
13 0.000000 0.010722 -0.000009
14 0.000000 0.009019 -0.000010
15 0.000000 0.004697 0.000010
16 0.000000 0.002850 0.000008
17 0.000000 0.002944 -0.000009
18 0.000000 0.001315 -0.000005
19 0.000000 0.000687 -0.000001
20 0.000000 -0.001333 0.000015
21 0.000000 -0.001070 0.000013
22 0.000000 0.001139 -0.000003
23 0.000000 0.001251 0.000000
24 0.000000 0.001149 0.000005
25 0.000000 0.002681 -0.000007
26 0.000000 0.001927 -0.000005
27 0.000000 0.000423 0.000005
28 0.000000 0.001364 -0.000003
29 0.000000 -0.000918 0.000020
30 0.000000 -0.000634 0.000016
31 0.000000 0.002873 -0.000015
32 0.000000 0.003049 -0.000014
33 0.000000 0.000085 0.000010
34 0.000000 0.000713 0.000001
35 0.000000 0.001345 -0.000004
36 0.000000 0.002593 -0.000013
37 0.000000 0.000033 0.000008
38 0.000000 0.000313 0.000005
39 0.000000 0.001657 -0.000004
40 0.000000 0.001607 -0.000000
41 0.000000 0.001253 0.000002
42 0.000000 0.000923 0.000000
43 0.000000 -0.000421 0.000013
44 0.000000 0.001538 -0.000003
45 0.000000 -0.000818 0.000017
46 0.000000 -0.000636 0.000016
47 0.000000 0.003125 -0.000015
48 0.000000 0.002870 -0.000017
49 0.000000 -0.000187 0.000010
50 0.000000 0.001325 0.000000
51 0.000000 0.003832 -0.000021
52 0.000000 0.001979 -0.000007
53 0.000000 0.000352 0.000006
54 0.000000 -0.000111 0.000008
55 0.000000 -0.000088 0.000010
56 0.000000 0.000140 0.000009
57 0.000000 0.002884 -0.000012
58 0.000000 0.002489 -0.000010
59 0.000000 0.002101 -0.000008
60 0.000000 0.000674 0.000003
61 0.000000 0.001345 -0.000001
62 0.000000 0.002253 -0.000007
63 0.000000 0.002676 -0.000012
64 0.000000 -0.000330 0.000011
65 0.000000 -0.001146 0.000020
66 0.000000 0.001431 0.000001
67 0.000000 0.002001 -0.000004
68 0.000000 0.001097 0.000003
69 0.000000 0.001399 -0.000001
70 0.000000 0.003267 -0.000000
71 0.000000 0.005051 -0.000008
72 0.000000 -0.002462 -0.000004
73 0.000000 -0.016546 0.000003
element 17
poly 0 1 2 3 4 5 6 7 8 9 10 11 12 13 14 15 16 17 18 19 20 21 22 23 24 25 26 27 28 29 30 31 32 33 34 35 36 37 38 39 40 41 42 43 44 45 46 47 48 49 50 51 52 53 54 55 56 57 58 59 60 61 62 63 64 65 66 67 68 69 70 71 72 73
exp
0 0.000000 -0.014014 0.000005
1 0.000000 0.004665 -0.000001
2 0.000000 0.015165 0.000007
3 0.000000 0.016322 0.000013
4 0.000000 0.016027 0.000005
5 0.000000 0.017701 -0.000013
6 0.000000 0.016718 0.000002
7 0.000000 0.014433 0.000021
8 0.000000 0.015949 0.000004
9 0.000000 0.018872 -0.000020
10 0.000000 0.018457 -0.000018
11 0.000000 0.015271 0.000001
12 0.000000 0.012652 0.000009
13 0.000000 0.010783 0.000007
14 0.000000 0.007157 0.000016
15 0.000000 0.007092 -0.000005
16 0.000000 0.006684 -0.000019
17 0.000000 0.003345 -0.000006
18 0.000000 -0.000897 0.000018
19 0.000000 -0.000538 0.000009
20 0.000000 -0.001652 0.000018
21 0.000000 -0.000712 0.000012
22 0.000000 0.000935 -0.000000
23 0.000000 0.001400 -0.000002
24 0.000000 0.001796 0.000000
25 0.000000 0.002785 -0.000007
26 0.000000 0.002236 -0.000004
27 0.000000 -0.001121 0.000022
28 0.000000 0.000939 0.000005
29 0.000000 0.002839 -0.000010
30 0.000000 0.003173 -0.000012
31 0.000000 0.003109 -0.000014
32 0.000000 0.001383 0.000001
33 0.000000 -0.000041 0.000012
34 0.000000 -0.000593 0.000018
35 0.000000 0.001122 0.000004
36 0.000000 0.001253 0.000003
37 0.000000 0.002956 -0.000013
38 0.000000 0.001652 -0.000004
39 0.000000 0.000265 0.000008
40 0.000000 0.000327 0.000009
41 0.000000 0.003507 -0.000016
42 0.000000 0.002008 -0.000002
43 0.000000 0.000390 0.000010
44 0.000000 0.001382 -0.000000
45 0.000000 0.000252 0.000010
46 0.000000 0.000874 0.000006
47 0.000000 0.002352 -0.000007
48 0.000000 0.004842 -0.000028
49 0.000000 0.002164 -0.000007
50 0.000000 -0.000200 0.000014
51 0.000000 0.000024 0.000014
52 0.000000 0.001599 -0.000002
53 0.000000 0.002254 -0.000009
54 0.000000 0.001509 -0.000002
55 0.000000 0.000744 0.000003
56 0.000000 0.002364 -0.000010
57 0.000000 0.000311 0.000010
58 0.000000 0.000894 0.000007
59 0.000000 0.002133 -0.000002
60 0.000000 0.002284 -0.000006
61 0.000000 -0.000471 0.000014
62 0.000000 0.001087 0.000003
63 0.000000 0.001882 -0.000002
64 0.000000 0.001947 -0.000002
65 0.000000 0.000952 0.000003
66 0.000000 0.001619 -0.000004
67 0.000000 0.001875 -0.000004
68 0.000000 0.002814 -0.000009
69 0.000000 0.000844 0.000008
70 0.000000 0.003735 0.000004
71 0.000000 0.005531 -0.000003
72 0.000000 -0.002926 -0.000006
73 0.000000 -0.018295 -0.000011
element 18
poly 0 1 2 3 4 5 6 7 8 9 10 11 12 13 14 15 16 17 18 19 20 21 22 23 24 25 26 27 28 29 30 31 32 33 34 35 36 37 38 39 40 41 42 43 44 45 46 47 48 49 50 51 52 53 54 55 56 57 58 59 60 61 62 63 64 65 66 67 68 69 70 71 72 73
exp
0 0.000000 -0.018991 0.000017
1 0.000000 0.006641 -0.000007
2 0.000000 0.019247 0.000007
3 0.000000 0.019514 0.000026
4 0.000000 0.018865 0.000015
5 0.000000 0.020346 -0.000003
6 0.000000 0.021359 -0.000003
7 0.000000 0.023274 -0.000020
8 0.000000 0.021719 -0.000013
9 0.000000 0.019148 0.000012
10 0.000000 0.020234 0.000001
11 0.000000 0.019687 -0.000005
12 0.000000 0.015529 0.000015
13 0.000000 0.014643 0.000001
14 0.000000 0.012345 -0.000003
15 0.000000 0.009714 -0.000005
16 0.000000 0.007275 -0.000010
17 0.000000 0.002977 0.000002
18 0.000000 -0.000764 0.000021
19 0.000000 -0.000775 0.000016
20 0.000000 0.000778 0.000002
21 0.000000 0.003354 -0.000017
22 0.000000 0.001590 -0.000000
23 0.000000 0.000967 0.000009
24 0.000000 0.002920 -0.000004
25 0.000000 0.003478 -0.000007
26 0.000000 0.001374 0.000006
27 0.000000 0.004010 -0.000020
28 0.000000 0.002706 -0.000007
29 0.000000 0.001294 0.000006
30 0.000000 0.000749 0.000009
31 0.000000 0.003270 -0.000015
32 0.000000 0.001204 0.000003
33 0.000000 0.000099 0.000013
34 0.000000 0.000365 0.000011
35 0.000000 0.002358 -0.000005
36 0.000000 0.001583 0.000004
37 0.000000 0.000958 0.000007
38 0.000000 0.002533 -0.000010
39 0.000000 0.000847 0.000006
40 0.000000 0.001652 0.000002
41 0.000000 0.003427 -0.000012
42 0.000000 0.001618 0.000002
43 0.000000 0.001141 0.000004
44 0.000000 0.001674 -0.000002
45 0.000000 0.000864 0.000004
46 0.000000 0.000910 0.000006
47 0.000000 0.003861 -0.000015
48 0.000000 0.003288 -0.000010
49 0.000000 0.002379 -0.000005
50 0.000000 -0.000243 0.000016
51 0.000000 0.000461 0.000010
52 0.000000 0.001742 -0.000002
53 0.000000 0.000892 0.000005
54 0.000000 0.000619 0.000008
55 0.000000 0.001957 -0.000003
56 0.000000 0.002937 -0.000010
57 0.000000 0.002923 -0.000010
58 0.000000 0.000988 0.000007
59 0.000000 0.002986 -0.000009
60 0.000000 0.002576 -0.000003
61 0.000000 0.002305 -0.000001
62 0.000000 0.002159 -0.000001
63 0.000000 0.001532 0.000003
64 0.000000 0.001690 0.000004
65 0.000000 0.003229 -0.000009
66 0.000000 0.003329 -0.000013
67 0.000000 0.001453 0.000002
68 0.000000 0.000823 0.000008
69 0.000000 0.001968 -0.000001
70 0.000000 0.006409 -0.000012
71 0.000000 0.006942 -0.000003
72 0.000000 -0.002505 -0.000016
73 0.000000 -0.024623 -0.000002
element 19
poly 0 1 2 3 4 5 6 7 8 9 10 11 12 13 14 15 16 17 18 19 20 21 22 23 24 25 26 27 28 29 30 31 32 33 34 35 36 37 38 39 40 41 42 43 44 45 46 47 48 49 50 51 52 53 54 55 56 57 58 59 60 61 62 63 64 65 66 67 68 69 70 71 72 73
exp
0 0.000000 -0.016752 -0.000015
1 0.000000 0.007761 -0.000011
2 0.000000 0.020065 0.000017
3 0.000000 0.024245 0.000000
4 0.000000 0.022120 0.000003
5 0.000000 0.021708 0.000005
6 0.000000 0.023645 -0.000002
7 0.000000 0.026847 -0.000029
8 0.000000 0.022904 -0.000004
9 0.000000 0.019430 0.000029
10 0.000000 0.019933 0.000025
11 0.000000 0.023764 -0.000020
12 0.000000 0.022615 -0.000034
13 0.000000 0.014107 0.000011
14 0.000000 0.009382 0.000025
15 0.000000 0.008782 0.000003
16 0.000000 0.007583 -0.000014
17 0.000000 0.004318 -0.000009
18 0.000000 0.001937 -0.000001
19 0.000000 0.001206 -0.000001
20 0.000000 -0.000172 0.000005
21 0.000000 0.000829 -0.000002
22 0.000000 0.001407 0.000001
23 0.000000 0.002855 -0.000001
24 0.000000 0.002418 0.000005
25 0.000000 0.001236 0.000013
26 0.000000 0.001378 0.000007
27 0.000000 0.003133 -0.000008
28 0.000000 0.004732 -0.000021
29 0.000000 0.003000 -0.000005
30 0.000000 0.002739 -0.000006
31 0.000000 0.003269 -0.000013
32 0.000000 0.000718 0.000010
33 0.000000 -0.000677 0.000023
34 0.000000 0.002030 -0.000003
35 0.000000 0.002959 -0.000010
36 0.000000 0.000124 0.000016
37 0.000000 0.003071 -0.000009
38 0.000000 0.003226 -0.000011
39 0.000000 0.002002 -0.000001
40 0.000000 0.001212 0.000005
41 0.000000 0.002513 -0.000005
42 0.000000 0.001021 0.000008
43 0.000000 0.001721 0.000000
44 0.000000 0.003164 -0.000009
45 0.000000 0.001647 0.000007
46 0.000000 0.000610 0.000014
47 0.000000 0.001783 0.000001
48 0.000000 0.002082 -0.000002
49 0.000000 0.001644 0.000001
50 0.000000 0.004900 -0.000026
51 0.000000 0.002561 -0.000006
52 0.000000 0.000367 0.000012
53 0.000000 0.000925 0.000011
54 0.000000 0.002676 -0.000003
55 0.000000 0.001114 0.000011
56 0.000000 -0.000173 0.000020
57 0.000000 -0.000718 0.000025
58 0.000000 0.003524 -0.000011
59 0.000000 0.003475 -0.000012
60 0.000000 0.001170 0.000005
61 0.000000 0.000951 0.000006
62 0.000000 0.001649 0.000002
63 0.000000 0.002474 -0.000003
64 0.000000 0.002090 -0.000000
65 0.000000 0.001615 0.000003
66 0.000000 0.001665 0.000002
67 0.000000 0.002684 -0.000004
68 0.000000 0.004245 -0.000017
69 0.000000 0.001526 0.000004
70 0.000000 0.003606 0.000013
71 0.000000 0.006734 0.000004
72 0.000000 -0.003026 -0.000012
73 0.000000 -0.025920 -0.000008
element 20
poly 0 1 2 3 4 5 6 7 8 9 10 11 12 13 14 15 16 17 18 19 20 21 22 23 24 25 26 27 28 29 30 31 32 33 34 35 36 37 38 39 40 41 42 43 44 45 46 47 48 49 50 51 52 53 54 55 56 57 58 59 60 61 62 63 64 65 66 67 68 69 70 71 72 73
exp
0 0.000000 -0.017085 -0.000002
1 0.000000 0.006344 -0.000007
2 0.000000 0.019894 0.000002
3 0.000000 0.022628 0.000001
4 0.000000 0.020972 0.000001
5 0.000000 0.019107 0.000014
6 0.000000 0.020408 0.000010
7 0.000000 0.021982 -0.000004
8 0.000000 0.021129 -0.000006
9 0.000000 0.021448 -0.000006
10 0.000000 0.022782 -0.000018
11 0.000000 0.018619 0.000007
12 0.000000 0.015337 0.000019
13 0.000000 0.015752 -0.000006
14 0.000000 0.012761 -0.000005
15 0.000000 0.008013 0.000007
16 0.000000 0.005789 -0.000000
17 0.000000 0.003926 -0.000007
18 0.000000 0.001148 0.000003
19 0.000000 0.001344 -0.000006
20 0.000000 0.003101 -0.000021
21 0.000000 0.000396 0.000002
22 0.000000 -0.000605 0.000012
23 0.000000 0.000407 0.000010
24 0.000000 0.001388 0.000010
25 0.000000 0.001621 0.000009
26 0.000000 0.003231 -0.000010
27 0.000000 0.001892 -0.000001
28 0.000000 -0.000378 0.000018
29 0.000000 0.001309 0.000004
30 0.000000 0.002667 -0.000007
31 0.000000 0.004093 -0.000018
32 0.000000 0.004109 -0.000018
33 0.000000 0.001424 0.000004
34 0.000000 0.000176 0.000017
35 0.000000 0.002186 0.000002
36 0.000000 0.003075 -0.000004
37 0.000000 0.001789 0.000004
38 0.000000 0.000676 0.000010
39 0.000000 0.002103 -0.000002
40 0.000000 0.003547 -0.000013
41 0.000000 0.002954 -0.000009
42 0.000000 0.001673 0.000001
43 0.000000 0.002700 -0.000009
44 0.000000 0.000724 0.000008
45 0.000000 -0.000051 0.000013
46 0.000000 0.001763 -0.000002
47 0.000000 0.005851 -0.000035
48 0.000000 0.003136 -0.000010
49 0.000000 0.000328 0.000013
50 0.000000 0.000475 0.000008
51 0.000000 0.003892 -0.000022
52 0.000000 0.001745 -0.000001
53 0.000000 -0.002034 0.000034
54 0.000000 0.001734 0.000004
55 0.000000 0.004570 -0.000020
56 0.000000 0.003920 -0.000016
57 0.000000 0.002916 -0.000007
58 0.000000 0.002496 -0.000004
59 0.000000 0.000984 0.000006
60 0.000000 0.001192 0.000001
61 0.000000 0.002883 -0.000012
62 0.000000 0.002232 -0.000005
63 0.000000 0.000436 0.000012
64 0.000000 0.000188 0.000014
65 0.000000 0.002584 -0.000005
66 0.000000 0.001497 0.000003
67 0.000000 0.002746 -0.000010
68 0.000000 0.002490 -0.000008
69 0.000000 0.001773 -0.000000
70 0.000000 0.004432 0.000006
71 0.000000 0.008268 -0.000010
72 0.000000 -0.007142 0.000026
73 0.000000 -0.026473 0.000012
element 21
poly 0 1 2 3 4 5 6 7 8 9 10 11 12 13 14 15 16 17 18 19 20 21 22 23 24 25 26 27 28 29 30 31 32 33 34 35 36 37 38 39 40 41 42 43 44 45 46 47 48 49 50 51 52 53 54 55 56 57 58 59 60 61 62 63 64 65 66 67 68 69 70 71 72 73
exp
0 0.000000 -0.018400 -0.000016
1 0.000000 0.006601 0.000002
2 0.000000 0.021671 0.000020
3 0.000000 0.027106 -0.000001
4 0.000000 0.024958 -0.000002
5 0.000000 0.022707 0.000008
6 0.000000 0.024615 -0.000001
7 0.000000 0.026248 -0.000014
8 0.000000 0.023822 -0.000000
9 0.000000 0.021123 0.000026
10 0.000000 0.022594 0.000013
11 0.000000 0.022604 -0.000001
12 0.000000 0.021730 -0.000014
13 0.000000 0.018174 -0.000009
14 0.000000 0.013618 0.000003
15 0.000000 0.010313 -0.000001
16 0.000000 0.008049 -0.000016
17 0.000000 0.002200 0.000009
18 0.000000 0.000099 0.000015
19 0.000000 0.000751 0.000004
20 0.000000 0.000167 0.000008
21 0.000000 -0.000428 0.000014
22 0.000000 0.000353 0.000009
23 0.000000 0.000648 0.000012
24 0.000000 0.004121 -0.000012
25 0.000000 0.007015 -0.000032
26 0.000000 0.004890 -0.000016
27 0.000000 0.000979 0.000011
28 0.000000 0.001162 0.000006
29 0.000000 0.001456 0.000003
30 0.000000 0.001417 0.000005
31 0.000000 0.001295 0.000007
32 0.000000 0.001897 0.000003
33 0.000000 0.002761 -0.000002
34 0.000000 0.003553 -0.000011
35 0.000000 0.001878 0.000003
36 0.000000 0.002433 0.000000
37 0.000000 0.001376 0.000012
38 0.000000 -0.000047 0.000023
39 0.000000 0.002375 -0.000002
40 0.000000 0.004794 -0.000024
41 0.000000 0.000963 0.000010
42 0.000000 0.000768 0.000010
43 0.000000 0.001587 0.000002
44 0.000000 0.002231 -0.000002
45 0.000000 0.000291 0.000013
46 0.000000 0.001335 0.000002
47 0.000000 0.001801 -0.000002
48 0.000000 0.004154 -0.000018
49 0.000000 0.001725 0.000006
50 0.000000 0.001529 0.000009
51 0.000000 0.002109 0.000003
52 0.000000 0.003781 -0.000011
53 0.000000 0.002535 -0.000001
54 0.000000 0.003045 -0.000003
55 0.000000 0.002717 -0.000001
56 0.000000 0.003378 -0.000008
57 0.000000 0.001878 0.000002
58 0.000000 0.003214 -0.000010
59 0.000000 0.002234 -0.000001
60 0.000000 0.001248 0.000007
61 0.000000 -0.000466 0.000020
62 0.000000 0.001488 0.000002
63 0.000000 0.003687 -0.000015
64 0.000000 0.001937 0.000003
65 0.000000 0.000409 0.000017
66 0.000000 0.000358 0.000019
67 0.000000 0.001691 0.000006
68 0.000000 0.001678 0.000003
69 0.000000 0.002838 -0.000006
70 0.000000 0.004561 0.000011
71 0.000000 0.006240 0.000010
72 0.000000 -0.006845 0.000012
73 0.000000 -0.027876 -0.000011
element 22
poly 0 1 2 3 4 5 6 7 8 9 10 11 12 13 14 15 16 17 18 19 20 21 22 23 24 25 26 27 28 29 30 31 32 33 34 35 36 37 38 39 40 41 42 43 44 45 46 47 48 49 50 51 52 53 54 55 56 57 58 59 60 61 62 63 64 65 66 67 68 69 70 71 72 73
exp
0 0.000000 -0.020474 -0.000004
1 0.000000 0.007461 -0.000004
2 0.000000 0.022727 0.000017
3 0.000000 0.027486 0.000002
4 0.000000 0.027171 -0.000011
5 0.000000 0.024859 0.000004
6 0.000000 0.025277 0.000009
7 0.000000 0.029086 -0.000026
8 0.000000 0.027964 -0.000025
9 0.000000 0.024719 0.000009
10 0.000000 0.023159 0.000024
11 0.000000 0.025984 -0.000016
12 0.000000 0.022666 -0.000012
13 0.000000 0.019061 -0.000006
14 0.000000 0.016165 -0.000007
15 0.000000 0.011216 0.000003
16 0.000000 0.007000 0.000004
17 0.000000 0.004268 -0.000004
18 0.000000 0.002888 -0.000007
19 0.000000 0.001192 0.000003
20 0.000000 -0.001584 0.000022
21 0.000000 0.000974 -0.000000
22 0.000000 0.002292 -0.000009
23 0.000000 0.003429 -0.000010
24 0.000000 0.003691 -0.000001
25 0.000000 0.002484 0.000012
26 0.000000 0.001969 0.000008
27 0.000000 0.002707 -0.000005
28 0.000000 0.002600 -0.000008
29 0.000000 0.001752 -0.000000
30 0.000000 0.002874 -0.000009
31 0.000000 0.001946 -0.000000
32 0.000000 0.000481 0.000014
33 0.000000 0.002407 -0.000002
34 0.000000 0.002988 -0.000007
35 0.000000 -0.000222 0.000020
36 0.000000 0.003019 -0.000007
37 0.000000 0.004737 -0.000021
38 0.000000 0.001206 0.000008
39 0.000000 0.000568 0.000013
40 0.000000 0.001313 0.000007
41 0.000000 0.001165 0.000009
42 0.000000 0.004182 -0.000015
43 0.000000 0.005747 -0.000024
44 0.000000 0.002282 0.000008
45 0.000000 0.000952 0.000017
46 0.000000 0.003491 -0.000008
47 0.000000 0.002272 0.000001
48 0.000000 0.001846 0.000002
49 0.000000 0.004277 -0.000020
50 0.000000 0.003329 -0.000013
51 0.000000 0.001472 0.000004
52 0.000000 0.001741 0.000005
53 0.000000 0.003675 -0.000009
54 0.000000 0.002386 0.000002
55 0.000000 0.001613 0.000008
56 0.000000 0.002231 0.000001
57 0.000000 0.001243 0.000006
58 0.000000 0.001116 0.000006
59 0.000000 0.003235 -0.000010
60 0.000000 0.002651 -0.000003
61 0.000000 0.001260 0.000010
62 0.000000 0.001404 0.000011
63 0.000000 0.002493 0.000004
64 0.000000 0.003478 -0.000004
65 0.000000 0.003481 -0.000007
66 0.000000 0.003708 -0.000012
67 0.000000 0.004041 -0.000016
68 0.000000 0.000526 0.000013
69 0.000000 -0.002003 0.000034
70 0.000000 0.005387 0.000006
71 0.000000 0.011354 -0.000025
72 0.000000 -0.004910 -0.000005
73 0.000000 -0.030854 -0.000002
element 23
poly 0 1 2 3 4 5 6 7 8 9 10 11 12 13 14 15 16 17 18 19 20 21 22 23 24 25 26 27 28 29 30 31 32 33 34 35 36 37 38 39 40 41 42 43 44 45 46 47 48 49 50 51 52 53 54 55 56 57 58 59 60 61 62 63 64 65 66 67 68 69 70 71 72 73
exp
0 0.000000 -0.021936 0.000003
1 0.000000 0.007370 -0.000003
2 0.000000 0.025523 -0.000000
3 0.000000 0.026032 0.000025
4 0.000000 0.027201 -0.000007
5 0.000000 0.027196 -0.000018
6 0.000000 0.025197 0.000010
7 0.000000 0.024566 0.000018
8 0.000000 0.025251 0.000003
9 0.000000 0.026173 -0.000002
10 0.000000 0.026337 -0.000006
11 0.000000 0.024783 -0.000007
12 0.000000 0.022445 -0.000007
13 0.000000 0.018525 -0.000000
14 0.000000 0.014575 0.000002
15 0.000000 0.010752 0.000000
16 0.000000 0.008386 -0.000013
17 0.000000 0.003581 0.000000
18 0.000000 0.001318 0.000004
19 0.000000 0.000310 0.000006
20 0.000000 0.001769 -0.000009
21 0.000000 0.000532 0.000002
22 0.000000 -0.000533 0.000017
23 0.000000 0.000330 0.000017
24 0.000000 0.002386 0.000005
25 0.000000 0.005202 -0.000018
26 0.000000 0.004213 -0.000014
27 0.000000 0.001794 0.000008
28 0.000000 0.003209 -0.000004
29 0.000000 0.002971 -0.000005
30 0.000000 0.000234 0.000017
31 0.000000 0.000959 0.000012
32 0.000000 0.000987 0.000012
33 0.000000 0.003222 -0.000009
34 0.000000 0.004580 -0.000021
35 0.000000 0.002095 0.000003
36 0.000000 -0.001819 0.000035
37 0.000000 0.000507 0.000015
38 0.000000 0.005226 -0.000023
39 0.000000 0.003627 -0.000009
40 0.000000 0.001306 0.000008
41 0.000000 0.002697 -0.000005
42 0.000000 0.001294 0.000007
43 0.000000 -0.000053 0.000018
44 0.000000 0.003169 -0.000007
45 0.000000 0.004096 -0.000013
46 0.000000 0.001875 0.000006
47 0.000000 0.000094 0.000022
48 0.000000 0.003945 -0.000011
49 0.000000 0.003599 -0.000011
50 0.000000 0.000968 0.000012
51 0.000000 0.000672 0.000016
52 0.000000 0.001028 0.000011
53 0.000000 0.002317 -0.000001
54 0.000000 0.004567 -0.000020
55 0.000000 0.003665 -0.000012
56 0.000000 0.001753 0.000004
57 0.000000 0.001845 0.000005
58 0.000000 0.002774 -0.000004
59 0.000000 0.001809 0.000002
60 0.000000 0.003954 -0.000015
61 0.000000 0.003249 -0.000009
62 0.000000 0.002490 -0.000005
63 0.000000 0.001266 0.000005
64 0.000000 0.002693 -0.000005
65 0.000000 0.003765 -0.000008
66 0.000000 0.004482 -0.000012
67 0.000000 0.001795 0.000008
68 0.000000 -0.000273 0.000023
69 0.000000 0.001961 0.000006
70 0.000000 0.008069 -0.000013
71 0.000000 0.011233 -0.000022
72 0.000000 -0.004283 -0.000005
73 0.000000 -0.031177 0.000003
element 24
poly 0 1 2 3 4 5 6 7 8 9 10 11 12 13 14 15 16 17 18 19 20 21 22 23 24 25 26 27 28 29 30 31 32 33 34 35 36 37 38 39 40 41 42 43 44 45 46 47 48 49 50 51 52 53 54 55 56 57 58 59 60 61 62 63 64 65 66 67 68 69 70 71 72 73
exp
0 0.000000 -0.021936 -0.000005
1 0.000000 0.007854 -0.000004
2 0.000000 0.028212 -0.000013
3 0.000000 0.031695 -0.000013
4 0.000000 0.028899 -0.000010
5 0.000000 0.025340 0.000010
6 0.000000 0.026738 0.000007
7 0.000000 0.027571 -0.000000
8 0.000000 0.024983 0.000012
9 0.000000 0.025208 0.000016
10 0.000000 0.027174 -0.000002
11 0.000000 0.025915 -0.000004
12 0.000000 0.022856 -0.000002
13 0.000000 0.021060 -0.000015
14 0.000000 0.015808 0.000000
15 0.000000 0.010863 0.000010
16 0.000000 0.006299 0.000013
17 0.000000 0.004222 -0.000001
18 0.000000 0.001877 -0.000001
19 0.000000 0.000306 0.000004
20 0.000000 0.000430 0.000003
21 0.000000 0.001382 -0.000002
22 0.000000 0.001979 -0.000005
23 0.000000 0.002653 -0.000003
24 0.000000 0.004212 -0.000008
25 0.000000 0.002758 0.000006
26 0.000000 0.001302 0.000012
27 0.000000 0.003716 -0.000013
28 0.000000 0.002186 -0.000003
29 0.000000 0.000081 0.000016
30 0.000000 0.000874 0.000012
31 0.000000 0.001344 0.000009
32 0.000000 0.002929 -0.000003
33 0.000000 0.002725 -0.000001
34 0.000000 0.001347 0.000013
35 0.000000 0.002781 0.000001
36 0.000000 0.004073 -0.000011
37 0.000000 0.003414 -0.000009
38 0.000000 0.001486 0.000005
39 0.000000 0.001855 0.000005
40 0.000000 0.002077 0.000004
41 0.000000 0.000640 0.000015
42 0.000000 0.000456 0.000018
43 0.000000 0.003230 -0.000007
44 0.000000 0.005425 -0.000027
45 0.000000 0.002137 0.000004
46 0.000000 0.000089 0.000023
47 0.000000 0.000181 0.000020
48 0.000000 0.001140 0.000007
49 0.000000 0.002470 -0.000007
50 0.000000 0.001833 -0.000001
51 0.000000 0.000198 0.000017
52 0.000000 0.002888 -0.000001
53 0.000000 0.003495 -0.000006
54 0.000000 0.003402 -0.000005
55 0.000000 0.002765 0.000001
56 0.000000 0.001091 0.000015
57 0.000000 0.002145 0.000002
58 0.000000 0.005175 -0.000024
59 0.000000 0.000201 0.000019
60 0.000000 -0.001566 0.000031
61 0.000000 0.001574 0.000004
62 0.000000 0.003626 -0.000013
63 0.000000 -0.000376 0.000022
64 0.000000 0.002707 -0.000002
65 0.000000 0.004385 -0.000016
66 0.000000 0.001598 0.000005
67 0.000000 0.000233 0.000016
68 0.000000 0.004154 -0.000017
69 0.000000 0.004287 -0.000015
70 0.000000 0.006019 0.000003
71 0.000000 0.009095 -0.000007
72 0.000000 -0.004418 -0.000012
73 0.000000 -0.032119 -0.000003
element 25
poly 0 1 2 3 4 5 6 7 8 9 10 11 12 13 14 15 16 17 18 19 20 21 22 23 24 25 26 27 28 29 30 31 32 33 34 35 36 37 38 39 40 41 42 43 44 45 46 47 48 49 50 51 52 53 54 55 56 57 58 59 60 61 62 63 64 65 66 67 68 69 70 71 72 73
exp
0 0.000000 -0.280254 -0.000072
1 0.000000 0.261764 0.000026
2 0.000000 0.578453 0.000036
3 0.000000 0.582968 -0.000101
4 0.000000 0.470314 -0.000079
5 0.000000 0.384752 0.000073
6 0.000000 0.384174 0.000048
7 0.000000 0.381823 0.000004
8 0.000000 0.356469 0.000007
9 0.000000 0.360393 0.000052
10 0.000000 0.348768 0.000106
11 0.000000 0.336654 -0.000082
12 0.000000 0.281029 -0.000039
13 0.000000 0.212779 0.000098
14 0.000000 0.164443 0.000042
15 0.000000 0.115164 -0.000062
16 0.000000 0.045361 0.000021
17 0.000000 -0.007879 0.000079
18 0.000000 -0.022365 0.000047
19 0.000000 -0.018412 -0.000020
20 0.000000 -0.009766 -0.000082
21 0.000000 -0.015513 0.000057
22 0.000000 -0.006254 0.000157
23 0.000000 0.042769 -0.000056
24 0.000000 0.068040 -0.000149
25 0.000000 0.041606 0.000083
26 0.000000 0.030433 0.000016
27 0.000000 0.027471 -0.000010
28 0.000000 0.025148 0.000018
29 0.000000 0.025674 -0.000009
30 0.000000 0.024562 0.000017
31 0.000000 0.028651 0.000026
32 0.000000 0.036288 -0.000032
33 0.000000 0.028875 0.000015
34 0.000000 0.022200 0.000068
35 0.000000 0.035365 -0.000040
36 0.000000 0.035004 -0.000036
37 0.000000 0.033037 -0.000017
38 0.000000 0.029162 0.000009
39 0.000000 0.028739 0.000014
40 0.000000 0.027323 0.000031
41 0.000000 0.026671 0.000044
42 0.000000 0.034255 0.000010
43 0.000000 0.040111 -0.000041
44 0.000000 0.032454 0.000007
45 0.000000 0.034639 -0.000011
46 0.000000 0.038210 -0.000033
47 0.000000 0.037505 -0.000035
48 0.000000 0.023955 0.000053
49 0.000000 0.024974 0.000028
50 0.000000 0.033476 -0.000026
51 0.000000 0.025445 0.000071
52 0.000000 0.026288 0.000093
53 0.000000 0.036944 -0.000015
54 0.000000 0.022054 0.000063
55 0.000000 0.024359 0.000013
56 0.000000 0.042519 -0.000135
57 0.000000 0.025673 0.000041
58 0.000000 0.024222 0.000068
59 0.000000 0.029183 -0.000011
60 0.000000 0.022625 0.000009
61 0.000000 0.025109 0.000018
62 0.000000 0.027921 0.000028
63 0.000000 0.023042 0.000057
64 0.000000 0.029957 -0.000026
65 0.000000 0.039190 -0.000108
66 0.000000 0.031463 -0.000032
67 0.000000 0.018758 0.000111
68 0.000000 0.032448 0.000031
69 0.000000 0.040730 -0.000015
70 0.000000 0.122651 -0.000059
71 0.000000 0.193473 0.000024
72 0.000000 -0.051779 0.000087
73 0.000000 -0.566723 0.000106
element 26
poly 0 1 2 3 4 5 6 7 8 9 10 11 12 13 14 15 16 17 18 19 20 21 22 23 24 25 26 27 28 29 30 31 32 33 34 35 36 37 38 39 40 41 42 43 44 45 46 47 48 49 50 51 52 53 54 55 56 57 58 59 60 61 62 63 64 65 66 67 68 69 70 71 72 73
exp
0 0.000000 -0.313067 -0.000041
1 0.000000 0.354583 0.000073
2 0.000000 0.733551 0.000023
3 0.000000 0.691745 -0.000061
4 0.000000 0.519208 -0.000044
5 0.000000 0.414340 0.000007
6 0.000000 0.411069 -0.000006
7 0.000000 0.387839 0.000036
8 0.000000 0.339330 0.000066
9 0.000000 0.348112 0.000064
10 0.000000 0.348555 0.000046
11 0.000000 0.327241 -0.000053
12 0.000000 0.271937 -0.000040
13 0.000000 0.204307 0.000037
14 0.000000 0.142266 0.000081
15 0.000000 0.082512 0.000093
16 0.000000 0.020070 0.000091
17 0.000000 -0.032693 0.000082
18 0.000000 -0.048694 0.000037
19 0.000000 -0.056342 0.000104
20 0.000000 -0.043275 0.000100
21 0.000000 -0.020616 0.000063
22 0.000000 -0.017860 0.000240
23 0.000000 0.027023 0.000075
24 0.000000 0.063646 -0.000075
25 0.000000 0.050017 0.000077
26 0.000000 0.022130 0.000126
27 0.000000 0.008377 0.000148
28 0.000000 0.011170 0.000135
29 0.000000 0.037043 -0.000053
30 0.000000 0.041995 -0.000078
31 0.000000 0.020439 0.000096
32 0.000000 0.024170 0.000069
33 0.000000 0.026654 0.000072
34 0.000000 0.023885 0.000089
35 0.000000 0.029929 0.000019
36 0.000000 0.022947 0.000092
37 0.000000 0.015657 0.000177
38 0.000000 0.026196 0.000091
39 0.000000 0.033757 0.000006
40 0.000000 0.024719 0.000047
41 0.000000 0.016203 0.000126
42 0.000000 0.030176 0.000038
43 0.000000 0.041566 -0.000053
44 0.000000 0.037889 -0.000032
45 0.000000 0.026588 0.000049
46 0.000000 0.010695 0.000182
47 0.000000 0.016943 0.000143
48 0.000000 0.030302 0.000021
49 0.000000 0.019926 0.000107
50 0.000000 0.023625 0.000109
51 0.000000 0.025619 0.000096
52 0.000000 0.021606 0.000071
53 0.000000 0.027227 -0.000002
54 0.000000 0.022638 0.000079
55 0.000000 0.023877 0.000102
56 0.000000 0.040730 -0.000045
57 0.000000 0.048055 -0.000122
58 0.000000 0.021495 0.000136
59 0.000000 0.013614 0.000220
60 0.000000 0.027957 0.000072
61 0.000000 0.030054 0.000072
62 0.000000 0.035164 0.000055
63 0.000000 0.035008 0.000011
64 0.000000 0.022952 0.000064
65 0.000000 0.007825 0.000172
66 0.000000 0.016717 0.000122
67 0.000000 0.040160 -0.000049
68 0.000000 0.036520 -0.000011
69 0.000000 0.038055 0.000025
70 0.000000 0.157018 0.000039
71 0.000000 0.280832 0.000114
72 0.000000 -0.000529 0.000102
73 0.000000 -0.633358 0.000188
element 27
poly 0 1 2 3 4 5 6 7 8 9 10 11 12 13 14 15 16 17 18 19 20 21 22 23 24 25 26 27 28 29 30 31 32 33 34 35 36 37 38 39 40 41 42 43 44 45 46 47 48 49 50 51 52 53 54 55 56 57 58 59 60 61 62 63 64 65 66 67 68 69 70 71 72 73
exp
0 0.000000 -0.140079 -0.000012
1 0.000000 0.048555 -0.000023
2 0.000000 0.164717 0.000009
3 0.000000 0.185994 0.000023
4 0.000000 0.175167 0.000003
5 0.000000 0.171292 -0.000017
6 0.000000 0.174411 0.000009
7 0.000000 0.173188 0.000029
8 0.000000 0.169683 0.000003
9 0.000000 0.172802 -0.000011
10 0.000000 0.168527 0.000005
11 0.000000 0.159062 0.000002
12 0.000000 0.143566 0.000000
13 0.000000 0.124053 -0.000010
14 0.000000 0.100322 -0.000014
15 0.000000 0.071677 0.000009
16 0.000000 0.046537 0.000007
17 0.000000 0.026712 -0.000008
18 0.000000 0.012747 0.000002
19 0.000000 0.006799 -0.000006
20 0.000000 0.002475 0.000013
21 0.000000 0.004782 0.000015
22 0.000000 0.010939 -0.000002
23 0.000000 0.016201 0.000002
24 0.000000 0.019837 0.000008
25 0.000000 0.022548 -0.000011
26 0.000000 0.017874 -0.000007
27 0.000000 0.014242 0.000005
28 0.000000 0.014309 -0.000002
29 0.000000 0.011946 0.000021
30 0.000000 0.012870 0.000021
31 0.000000 0.017587 -0.000016
32 0.000000 0.018234 -0.000020
33 0.000000 0.014161 0.000012
34 0.000000 0.013468 0.000009
35 0.000000 0.014127 -0.000005
36 0.000000 0.016314 -0.000023
37 0.000000 0.013579 0.000012
38 0.000000 0.014631 0.000014
39 0.000000 0.016563 -0.000001
40 0.000000 0.016691 -0.000004
41 0.000000 0.016336 -0.000003
42 0.000000 0.014955 0.000004
43 0.000000 0.012830 0.000019
44 0.000000 0.015138 -0.000001
45 0.000000 0.012502 0.000026
46 0.000000 0.013259 0.000018
47 0.000000 0.017671 -0.000025
48 0.000000 0.016873 -0.000018
49 0.000000 0.013836 0.000015
50 0.000000 0.015858 -0.000004
51 0.000000 0.018173 -0.000026
52 0.000000 0.015766 -0.000004
53 0.000000 0.013984 0.000006
54 0.000000 0.012857 0.000013
55 0.000000 0.013110 0.000013
56 0.000000 0.013848 0.000010
57 0.000000 0.017360 -0.000021
58 0.000000 0.016410 -0.000015
59 0.000000 0.015668 -0.000011
60 0.000000 0.014325 0.000007
61 0.000000 0.015727 0.000000
62 0.000000 0.017390 -0.000012
63 0.000000 0.017450 -0.000016
64 0.000000 0.012961 0.000021
65 0.000000 0.012900 0.000024
66 0.000000 0.016543 -0.000002
67 0.000000 0.017090 -0.000002
68 0.000000 0.015873 0.000005
69 0.000000 0.017109 -0.000004
70 0.000000 0.041385 -0.000001
71 0.000000 0.054316 -0.000007
72 0.000000 -0.036405 -0.000006
73 0.000000 -0.205873 0.000002
element 28
poly 0 1 2 3 4 5 6 7 8 9 10 11 12 13 14 15 16 17 18 19 20 21 22 23 24 25 26 27 28 29 30 31 32 33 34 35 36 37 38 39 40 41 42 43 44 45 46 47 48 49 50 51 52 53 54 55 56 57 58 59 60 61 62 63 64 65 66 67 68 69 70 71 72 73
exp
0 0.000000 -0.034691 0.000004
1 0.000000 0.011564 -0.000003
2 0.000000 0.039589 0.000006
3 0.000000 0.043711 0.000016
4 0.000000 0.041572 0.000004
5 0.000000 0.042162 -0.000012
6 0.000000 0.042235 0.000002
7 0.000000 0.040417 0.000021
8 0.000000 0.041161 0.000004
9 0.000000 0.044235 -0.000017
10 0.000000 0.043442 -0.000018
11 0.000000 0.038857 -0.000002
12 0.000000 0.033604 0.000010
13 0.000000 0.028521 0.000008
14 0.000000 0.021248 0.000016
15 0.000000 0.017420 -0.000004
16 0.000000 0.013732 -0.000018
17 0.000000 0.007443 -0.000006
18 0.000000 0.000997 0.000021
19 0.000000 0.000383 0.000009
20 0.000000 -0.001028 0.000019
21 0.000000 0.000052 0.000014
22 0.000000 0.002151 0.000002
23 0.000000 0.003340 0.000001
24 0.000000 0.004739 -0.000001
25 0.000000 0.005996 -0.000008
26 0.000000 0.004836 -0.000005
27 0.000000 0.000957 0.000024
28 0.000000 0.003013 0.000007
29 0.000000 0.005065 -0.000011
30 0.000000 0.005429 -0.000012
31 0.000000 0.005203 -0.000011
32 0.000000 0.003532 0.000000
33 0.000000 0.001805 0.000013
34 0.000000 0.001901 0.000013
35 0.000000 0.003673 0.000002
36 0.000000 0.003666 0.000005
37 0.000000 0.005260 -0.000013
38 0.000000 0.003747 -0.000004
39 0.000000 0.002119 0.000010
40 0.000000 0.002621 0.000008
41 0.000000 0.006176 -0.000020
42 0.000000 0.004573 -0.000005
43 0.000000 0.002527 0.000012
44 0.000000 0.003460 0.000003
45 0.000000 0.002631 0.000008
46 0.000000 0.003216 0.000003
47 0.000000 0.004732 -0.000008
48 0.000000 0.007117 -0.000028
49 0.000000 0.004118 -0.000004
50 0.000000 0.001842 0.000017
51 0.000000 0.002474 0.000014
52 0.000000 0.003707 0.000000
53 0.000000 0.004209 -0.000010
54 0.000000 0.003538 -0.000007
55 0.000000 0.002536 0.000006
56 0.000000 0.004110 -0.000003
57 0.000000 0.002528 0.000010
58 0.000000 0.003555 0.000002
59 0.000000 0.004869 -0.000006
60 0.000000 0.004769 -0.000007
61 0.000000 0.001378 0.000019
62 0.000000 0.003321 0.000003
63 0.000000 0.004509 -0.000004
64 0.000000 0.004633 -0.000003
65 0.000000 0.002992 0.000007
66 0.000000 0.003596 -0.000003
67 0.000000 0.004079 -0.000006
68 0.000000 0.005356 -0.000011
69 0.000000 0.003316 0.000010
70 0.000000 0.009909 0.000003
71 0.000000 0.013477 -0.000004
72 0.000000 -0.008276 -0.000006
73 0.000000 -0.048528 -0.000012
element 29
poly 0 1 2 3 4 5 6 7 8 9 10 11 12 13 14 15 16 17 18 19 20 21 22 23 24 25 26 27 28 29 30 31 32 33 34 35 36 37 38 39 40 41 42 43 44 45 46 47 48 49 50 51 52 53 54 55 56 57 58 59 60 61 62 63 64 65 66 67 68 69 70 71 72 73
exp
0 0.000000 0.144501 -0.000007
1 0.000000 0.496801 0.000022
2 0.000000 0.509636 0.000029
3 0.000000 0.336513 0.000062
4 0.000000 0.147305 0.000015
5 0.000000 0.076076 -0.000021
6 0.000000 0.019996 0.000015
7 0.000000 -0.005747 -0.000058
8 0.000000 -0.044165 -0.000007
9 0.000000 -0.060023 0.000048
10 0.000000 -0.052182 -0.000046
11 0.000000 -0.056391 0.000015
12 0.000000 -0.059597 0.000024
13 0.000000 -0.055497 -0.000013
14 0.000000 -0.052861 0.000006
15 0.000000 -0.048069 -0.000012
16 0.000000 -0.046916 -0.000028
17 0.000000 -0.057482 0.000044
18 0.000000 -0.055560 0.000016
19 0.000000 -0.054935 0.000037
20 0.000000 -0.049239 -0.000002
21 0.000000 -0.047563 -0.000019
22 0.000000 -0.052928 0.000008
23 0.000000 -0.055315 0.000018
24 0.000000 -0.050160 -0.000041
25 0.000000 -0.055474 0.000028
26 0.000000 -0.048910 -0.000029
27 0.000000 -0.052997 0.000003
28 0.000000 -0.045028 -0.000052
29 0.000000 -0.057684 0.000063
30 0.000000 -0.048012 -0.000061
31 0.000000 -0.058058 0.000020
32 0.000000 -0.051164 -0.000010
33 0.000000 -0.056526 0.000038
34 0.000000 -0.054823 0.000022
35 0.000000 -0.048754 -0.000030
36 0.000000 -0.056137 0.000058
37 0.000000 -0.050316 -0.000006
38 0.000000 -0.054422 -0.000008
39 0.000000 -0.056195 0.000006
40 0.000000 -0.050997 -0.000007
41 0.000000 -0.045508 -0.000047
42 0.000000 -0.055005 0.000028
43 0.000000 -0.053664 0.000003
44 0.000000 -0.049497 -0.000036
45 0.000000 -0.061185 0.000074
46 0.000000 -0.045074 -0.000056
47 0.000000 -0.048542 0.000001
48 0.000000 -0.046911 -0.000033
49 0.000000 -0.053783 -0.000004
50 0.000000 -0.060905 0.000060
51 0.000000 -0.050765 -0.000013
52 0.000000 -0.055610 0.000029
53 0.000000 -0.055631 0.000028
54 0.000000 -0.052019 -0.000027
55 0.000000 -0.056727 0.000028
56 0.000000 -0.045562 -0.000054
57 0.000000 -0.052577 0.000022
58 0.000000 -0.049014 -0.000008
59 0.000000 -0.047047 -0.000016
60 0.000000 -0.048446 0.000002
61 0.000000 -0.051364 0.000013
62 0.000000 -0.050188 -0.000018
63 0.000000 -0.056022 0.000020
64 0.000000 -0.052520 -0.000015
65 0.000000 -0.050300 -0.000026
66 0.000000 -0.052786 -0.000006
67 0.000000 -0.051782 -0.000014
68 0.000000 -0.056229 0.000029
69 0.000000 -0.048726 -0.000041
70 0.000000 -0.052280 -0.000001
71 0.000000 -0.057227 -0.000039
72 0.000000 -0.203773 -0.000008
73 0.000000 -0.544729 -0.000013
element 30
poly 0 1 2 3 4 5 6 7 8 9 10 11 12 13 14 15 16 17 18 19 20 21 22 23 24 25 26 27 28 29 30 31 32 33 34 35 36 37 38 39 40 41 42 43 44 45 46 47 48 49 50 51 52 53 54 55 56 57 58 59 60 61 62 63 64 65 66 67 68 69 70 71 72 73
exp
0 0.000000 0.088842 -0.000058
1 0.000000 0.237067 0.000007
2 0.000000 0.303531 0.000033
3 0.000000 0.264292 0.000036
4 0.000000 0.179720 -0.000031
5 0.000000 0.091033 0.000011
6 0.000000 0.046248 -0.000071
7 0.000000 0.011159 -0.000049
8 0.000000 -0.017192 0.000017
9 0.000000 -0.039062 0.000091
10 0.000000 -0.041941 0.000056
11 0.000000 -0.024850 -0.000114
12 0.000000 -0.034795 -0.000047
13 0.000000 -0.048053 0.000048
14 0.000000 -0.049566 0.000061
15 0.000000 -0.035677 -0.000030
16 0.000000 -0.030018 -0.000056
17 0.000000 -0.033736 -0.000007
18 0.000000 -0.029685 -0.000039
19 0.000000 -0.036733 0.000019
20 0.000000 -0.034938 -0.000007
21 0.000000 -0.038111 0.000018
22 0.000000 -0.034274 -0.000009
23 0.000000 -0.032712 -0.000022
24 0.000000 -0.038618 0.000020
25 0.000000 -0.040903 0.000038
26 0.000000 -0.037129 0.000016
27 0.000000 -0.027895 -0.000058
28 0.000000 -0.025449 -0.000086
29 0.000000 -0.029400 -0.000062
30 0.000000 -0.034148 -0.000027
31 0.000000 -0.033263 -0.000043
32 0.000000 -0.042365 0.000042
33 0.000000 -0.047186 0.000090
34 0.000000 -0.032823 -0.000035
35 0.000000 -0.038485 0.000015
36 0.000000 -0.036152 0.000000
37 0.000000 -0.032077 -0.000029
38 0.000000 -0.029426 -0.000061
39 0.000000 -0.038532 0.000021
40 0.000000 -0.034966 -0.000009
41 0.000000 -0.034846 -0.000019
42 0.000000 -0.037557 -0.000001
43 0.000000 -0.038889 0.000024
44 0.000000 -0.033614 -0.000004
45 0.000000 -0.035786 0.000020
46 0.000000 -0.041452 0.000053
47 0.000000 -0.033169 -0.000035
48 0.000000 -0.038945 0.000003
49 0.000000 -0.035978 -0.000021
50 0.000000 -0.027867 -0.000087
51 0.000000 -0.035226 -0.000019
52 0.000000 -0.042722 0.000066
53 0.000000 -0.035965 0.000022
54 0.000000 -0.040505 0.000061
55 0.000000 -0.038438 0.000038
56 0.000000 -0.050819 0.000141
57 0.000000 -0.044804 0.000085
58 0.000000 -0.033513 -0.000019
59 0.000000 -0.036577 -0.000004
60 0.000000 -0.039525 0.000002
61 0.000000 -0.041999 0.000021
62 0.000000 -0.036866 -0.000010
63 0.000000 -0.037465 0.000014
64 0.000000 -0.035709 0.000002
65 0.000000 -0.035300 -0.000006
66 0.000000 -0.035941 0.000001
67 0.000000 -0.030490 -0.000038
68 0.000000 -0.030649 -0.000036
69 0.000000 -0.036853 0.000003
70 0.000000 -0.044441 0.000062
71 0.000000 -0.045221 -0.000060
72 0.000000 -0.133349 -0.000029
73 0.000000 -0.274715 -0.000038
element 31
poly 0 1 2 3 4 5 6 7 8 9 10 11 12 13 14 15 16 17 18 19 20 21 22 23 24 25 26 27 28 29 30 31 32 33 34 35 36 37 38 39 40 41 42 43 44 45 46 47 48 49 50 51 52 53 54 55 56 57 58 59 60 61 62 63 64 65 66 67 68 69 70 71 72
exp 73
0 0.000000 -0.127797 -0.000028
1 0.000000 1.513455 0.000012
2 0.000000 1.034865 -0.000021
3 0.000000 0.376732 0.000305
4 0.000000 -0.154320 0.001409
5 0.000000 0.069630 0.000852
6 0.000000 0.034859 0.000988
7 0.000000 0.012178 0.000890
8 0.000000 -0.115581 0.001379
9 0.000000 -0.106361 0.001246
10 0.000000 -0.101716 0.001232
11 0.000000 -0.098690 0.001299
12 0.000000 -0.115721 0.001296
13 0.000000 -0.114055 0.001299
14 0.000000 -0.098089 0.001244
15 0.000000 -0.102240 0.001302
16 0.000000 -0.108720 0.001267
17 0.000000 -0.104246 0.001256
18 0.000000 -0.111083 0.001360
19 0.000000 -0.094289 0.001157
20 0.000000 -0.104494 0.001272
21 0.000000 -0.102575 0.001248
22 0.000000 -0.115439 0.001334
23 0.000000 -0.101147 0.001206
24 0.000000 -0.103907 0.001283
25 0.000000 -0.108650 0.001299
26 0.000000 -0.093232 0.001181
27 0.000000 -0.113378 0.001326
28 0.000000 -0.100214 0.001291
29 0.000000 -0.101509 0.001245
30 0.000000 -0.109571 0.001288
31 0.000000 -0.101527 0.001237
32 0.000000 -0.094933 0.001208
33 0.000000 -0.109868 0.001324
34 0.000000 -0.098423 0.001294
35 0.000000 -0.103606 0.001245
36 0.000000 -0.104971 0.001300
37 0.000000 -0.104321 0.001297
38 0.000000 -0.108625 0.001334
39 0.000000 -0.103990 0.001260
40 0.000000 -0.102071 0.001265
41 0.000000 -0.106278 0.001299
42 0.000000 -0.104765 0.001239
43 0.000000 -0.106165 0.001344
44 0.000000 -0.101240 0.001215
45 0.000000 -0.122775 0.001447
46 0.000000 -0.085623 0.001107
47 0.000000 -0.106714 0.001328
48 0.000000 -0.096452 0.001231
49 0.000000 -0.107696 0.001296
50 0.000000 -0.108764 0.001303
51 0.000000 -0.096264 0.001158
52 0.000000 -0.110484 0.001342
53 0.000000 -0.099468 0.001274
54 0.000000 -0.094578 0.001256
55 0.000000 -0.100964 0.001251
56 0.000000 -0.107395 0.001322
57 0.000000 -0.102268 0.001238
58 0.000000 -0.105215 0.001296
59 0.000000 -0.108702 0.001268
60 0.000000 -0.100838 0.001237
61 0.000000 -0.111636 0.001294
62 0.000000 -0.094532 0.001202
63 0.000000 -0.114256 0.001388
64 0.000000 -0.094460 0.001203
65 0.000000 -0.105555 0.001311
66 0.000000 -0.104003 0.001222
67 0.000000 -0.113674 0.001342
68 0.000000 -0.092069 0.001164
69 0.000000 -0.117186 0.001412
70 0.000000 -0.090615 0.001162
71 0.000000 0.066862 0.000857
72 0.000000 0.061041 0.000541
73 127.406389 0.020003 0.488213
element 32
poly 0 1 2 3 4 5 6 7 8 9 10 11 12 13 14 15 16 17 18 19 20 21 22 23 24 25 26 27 28 29 30 31 32 33 34 35 36 37 38 39 40 41 42 43 44 45 46 47 48 49 50 51 52 53 54 55 56 57 58 59 60 61 62 63 64 65 66 67 68 69 70 71 72 73
exp
0 0.000000 0.400298 -0.000051
1 0.000000 1.017101 0.000072
2 0.000000 1.023800 0.000001
3 0.000000 0.681643 -0.000003
4 0.000000 0.254323 0.000009
5 0.000000 0.006106 0.000013
6 0.000000 -0.080991 0.000017
7 0.000000 -0.103707 -0.000046
8 0.000000 -0.118823 0.000070
9 0.000000 -0.122531 0.000034
10 0.000000 -0.123837 0.000021
11 0.000000 -0.106801 -0.000018
12 0.000000 -0.101984 0.000008
13 0.000000 -0.087184 -0.000035
14 0.000000 -0.094935 0.000039
15 0.000000 -0.079935 -0.000022
16 0.000000 -0.088430 0.000006
17 0.000000 -0.093593 0.000052
18 0.000000 -0.090667 0.000025
19 0.000000 -0.087711 -0.000005
20 0.000000 -0.092145 0.000064
21 0.000000 -0.088424 0.000016
22 0.000000 -0.092360 0.000034
23 0.000000 -0.091723 0.000010
24 0.000000 -0.088093 -0.000032
25 0.000000 -0.079533 -0.000085
26 0.000000 -0.087652 0.000017
27 0.000000 -0.090282 0.000047
28 0.000000 -0.091099 0.000019
29 0.000000 -0.091868 0.000001
30 0.000000 -0.093859 0.000048
31 0.000000 -0.087857 -0.000001
32 0.000000 -0.090564 0.000040
33 0.000000 -0.081934 -0.000023
34 0.000000 -0.084662 0.000001
35 0.000000 -0.090922 0.000043
36 0.000000 -0.087176 0.000008
37 0.000000 -0.090607 0.000026
38 0.000000 -0.097646 0.000069
39 0.000000 -0.086349 -0.000058
40 0.000000 -0.089847 0.000004
41 0.000000 -0.091602 0.000036
42 0.000000 -0.094647 0.000050
43 0.000000 -0.086181 -0.000037
44 0.000000 -0.098058 0.000085
45 0.000000 -0.085235 -0.000035
46 0.000000 -0.097318 0.000075
47 0.000000 -0.081674 -0.000056
48 0.000000 -0.087229 0.000009
49 0.000000 -0.086074 0.000019
50 0.000000 -0.088741 0.000057
51 0.000000 -0.081274 -0.000033
52 0.000000 -0.089824 0.000017
53 0.000000 -0.084871 -0.000034
54 0.000000 -0.093809 0.000064
55 0.000000 -0.081747 -0.000057
56 0.000000 -0.097143 0.000048
57 0.000000 -0.089687 -0.000043
58 0.000000 -0.095053 0.000038
59 0.000000 -0.087894 -0.000002
60 0.000000 -0.093670 0.000041
61 0.000000 -0.093087 0.000050
62 0.000000 -0.087794 0.000007
63 0.000000 -0.086325 -0.000022
64 0.000000 -0.091291 0.000032
65 0.000000 -0.093751 0.000069
66 0.000000 -0.086504 0.000008
67 0.000000 -0.093031 0.000050
68 0.000000 -0.086590 -0.000027
69 0.000000 -0.096092 0.000061
70 0.000000 -0.089575 -0.000001
71 0.000000 -0.126988 0.000073
72 0.000000 -0.458730 0.000004
73 0.000000 -1.113462 0.000698
