element 0
poly 0 1 2 3 4 5 6 7 8 9 10 11 12 13 14 15 16 17 18 19 20 21 22 23 24 25 26 27 28 29 30 31 32 33 34 35 36 37 38 39 40 41 42 43 44 45 46 47 48 49 50 51 52 53 54 55 56 57 58 59 60 61 62 63 64 65 66 67 68 69 70 71 72 73
exp
0 0.000000 0.151705 0.000025
1 0.000000 0.494808 0.000085
2 0.000000 0.681526 0.000116
3 0.000000 0.707087 -0.000074
4 0.000000 0.657520 -0.000094
5 0.000000 0.570618 0.000055
6 0.000000 0.491252 0.000055
7 0.000000 0.428916 -0.000017
8 0.000000 0.374771 -0.000097
9 0.000000 0.304600 -0.000043
10 0.000000 0.243990 -0.000064
11 0.000000 0.182097 -0.000032
12 0.000000 0.111264 0.000100
13 0.000000 0.072332 -0.000057
14 0.000000 0.012343 -0.000013
15 0.000000 -0.049950 0.000059
16 0.000000 -0.097561 0.000008
17 0.000000 -0.149248 -0.000008
18 0.000000 -0.192706 -0.000051
19 0.000000 -0.230411 0.000019
20 0.000000 -0.242874 0.000026
21 0.000000 -0.235172 -0.000022
22 0.000000 -0.235957 0.000011
23 0.000000 -0.236510 0.000054
24 0.000000 -0.220786 0.000037
25 0.000000 -0.205877 -0.000064
26 0.000000 -0.217826 -0.000010
27 0.000000 -0.228134 0.000026
28 0.000000 -0.226932 -0.000050
29 0.000000 -0.240396 0.000039
30 0.000000 -0.244769 0.000067
31 0.000000 -0.229654 -0.000056
32 0.000000 -0.234048 0.000014
33 0.000000 -0.230986 -0.000010
34 0.000000 -0.231180 -0.000024
35 0.000000 -0.233463 0.000002
36 0.000000 -0.232084 -0.000000
37 0.000000 -0.219739 -0.000098
38 0.000000 -0.228619 0.000016
39 0.000000 -0.235741 0.000098
40 0.000000 -0.223902 -0.000031
41 0.000000 -0.232210 0.000003
42 0.000000 -0.243619 0.000097
43 0.000000 -0.224970 -0.000035
44 0.000000 -0.216381 -0.000073
45 0.000000 -0.224145 0.000005
46 0.000000 -0.227184 0.000001
47 0.000000 -0.224149 -0.000045
48 0.000000 -0.231443 0.000016
49 0.000000 -0.231482 -0.000010
50 0.000000 -0.239936 0.000058
51 0.000000 -0.235707 0.000047
52 0.000000 -0.233581 0.000048
53 0.000000 -0.224211 -0.000037
54 0.000000 -0.219023 -0.000074
55 0.000000 -0.228624 0.000014
56 0.000000 -0.240805 0.000098
57 0.000000 -0.233324 0.000002
58 0.000000 -0.228528 -0.000049
59 0.000000 -0.242545 0.000068
60 0.000000 -0.234118 -0.000032
61 0.000000 -0.236547 -0.000013
62 0.000000 -0.240667 0.000026
63 0.000000 -0.240001 0.000006
64 0.000000 -0.246128 0.000068
65 0.000000 -0.232983 -0.000043
66 0.000000 -0.223126 -0.000110
67 0.000000 -0.233120 0.000004
68 0.000000 -0.229994 0.000000
69 0.000000 -0.223761 -0.000051
70 0.000000 -0.226171 0.000055
71 0.000000 -0.224921 0.000116
72 0.000000 -0.382247 -0.000056
73 0.000000 -0.729865 -0.000086
element 1
poly 0 1 2 3 4 5 6 7 8 9 10 11 12 13 14 15 16 17 18 19 20 21 22 23 24 25 26 27 28 29 30 31 32 33 34 35 36 37 38 39 40 41 42 43 44 45 46 47 48 49 50 51 52 53 54 55 56 57 58 59 60 61 62 63 64 65 66 67 68 69 70 71 72 73
exp
0 0.000000 0.166396 -0.000015
1 0.000000 0.531288 0.000059
2 0.000000 0.744411 -0.000057
3 0.000000 0.739217 -0.000030
4 0.000000 0.669308 0.000049
5 0.000000 0.601579 0.000022
6 0.000000 0.531439 -0.000032
7 0.000000 0.457844 -0.000008
8 0.000000 0.389876 0.000015
9 0.000000 0.320325 0.000042
10 0.000000 0.261223 -0.000012
11 0.000000 0.191651 0.000054
12 0.000000 0.137435 -0.000020
13 0.000000 0.075801 -0.000042
14 0.000000 0.011338 -0.000009
15 0.000000 -0.044029 -0.000018
16 0.000000 -0.096805 -0.000044
17 0.000000 -0.149005 -0.000058
18 0.000000 -0.218093 0.000115
19 0.000000 -0.250249 0.000092
20 0.000000 -0.249347 -0.000019
21 0.000000 -0.243458 -0.000019
22 0.000000 -0.239110 -0.000037
23 0.000000 -0.239215 -0.000027
24 0.000000 -0.237489 0.000025
25 0.000000 -0.235161 0.000012
26 0.000000 -0.237505 -0.000037
27 0.000000 -0.243966 -0.000045
28 0.000000 -0.259628 0.000087
29 0.000000 -0.247447 -0.000013
30 0.000000 -0.245444 -0.000016
31 0.000000 -0.248810 0.000026
32 0.000000 -0.245009 0.000005
33 0.000000 -0.242187 -0.000016
34 0.000000 -0.233535 -0.000101
35 0.000000 -0.242918 -0.000035
36 0.000000 -0.262587 0.000105
37 0.000000 -0.239067 -0.000124
38 0.000000 -0.238885 -0.000122
39 0.000000 -0.263898 0.000107
40 0.000000 -0.260575 0.000113
41 0.000000 -0.242703 -0.000030
42 0.000000 -0.251973 0.000051
43 0.000000 -0.253059 0.000064
44 0.000000 -0.254376 0.000081
45 0.000000 -0.248696 0.000043
46 0.000000 -0.242049 -0.000013
47 0.000000 -0.251232 0.000040
48 0.000000 -0.248077 -0.000002
49 0.000000 -0.248687 0.000033
50 0.000000 -0.251509 0.000062
51 0.000000 -0.250815 0.000023
52 0.000000 -0.253504 0.000054
53 0.000000 -0.246774 0.000025
54 0.000000 -0.236624 -0.000061
55 0.000000 -0.243490 0.000006
56 0.000000 -0.240371 -0.000020
57 0.000000 -0.242845 -0.000022
58 0.000000 -0.243462 -0.000016
59 0.000000 -0.242214 -0.000007
60 0.000000 -0.240342 -0.000008
61 0.000000 -0.239170 -0.000005
62 0.000000 -0.231424 -0.000084
63 0.000000 -0.256342 0.000112
64 0.000000 -0.243390 -0.000034
65 0.000000 -0.232435 -0.000105
66 0.000000 -0.238554 -0.000026
67 0.000000 -0.249637 0.000037
68 0.000000 -0.247214 -0.000006
69 0.000000 -0.246334 -0.000016
70 0.000000 -0.233743 -0.000040
71 0.000000 -0.230337 0.000005
72 0.000000 -0.407165 -0.000083
73 0.000000 -0.784941 -0.000036
element 2
poly 0 1 2 3 4 5 6 7 8 9 10 11 12 13 14 15 16 17 18 19 20 21 22 23 24 25 26 27 28 29 30 31 32 33 34 35 36 37 38 39 40 41 42 43 44 45 46 47 48 49 50 51 52 53 54 55 56 57 58 59 60 61 62 63 64 65 66 67 68 69 70 71 72 73
exp
0 0.000000 0.182366 0.000008
1 0.000000 0.582383 0.000011
2 0.000000 0.782488 -0.000001
3 0.000000 0.783210 -0.000082
4 0.000000 0.700914 0.000091
5 0.000000 0.626190 0.000052
6 0.000000 0.545562 0.000044
7 0.000000 0.469005 0.000020
8 0.000000 0.396957 -0.000017
9 0.000000 0.326815 -0.000045
10 0.000000 0.257998 -0.000017
11 0.000000 0.196937 -0.000031
12 0.000000 0.129636 -0.000009
13 0.000000 0.071649 -0.000046
14 0.000000 0.010118 -0.000037
15 0.000000 -0.050068 0.000008
16 0.000000 -0.102258 0.000005
17 0.000000 -0.169258 0.000087
18 0.000000 -0.218617 0.000023
19 0.000000 -0.252411 -0.000019
20 0.000000 -0.280622 0.000104
21 0.000000 -0.262875 0.000001
22 0.000000 -0.255495 -0.000023
23 0.000000 -0.244204 -0.000083
24 0.000000 -0.233823 -0.000034
25 0.000000 -0.244592 0.000084
26 0.000000 -0.244423 0.000001
27 0.000000 -0.247055 -0.000058
28 0.000000 -0.266435 0.000029
29 0.000000 -0.264298 0.000008
30 0.000000 -0.255654 0.000003
31 0.000000 -0.254104 0.000012
32 0.000000 -0.266940 0.000086
33 0.000000 -0.259365 0.000003
34 0.000000 -0.253131 -0.000040
35 0.000000 -0.266284 0.000104
36 0.000000 -0.256809 0.000028
37 0.000000 -0.248067 -0.000050
38 0.000000 -0.250733 -0.000024
39 0.000000 -0.255707 -0.000010
40 0.000000 -0.262699 0.000054
41 0.000000 -0.258944 0.000012
42 0.000000 -0.256025 -0.000063
43 0.000000 -0.271456 0.000088
44 0.000000 -0.262078 0.000053
45 0.000000 -0.242402 -0.000117
46 0.000000 -0.252772 -0.000053
47 0.000000 -0.271421 0.000089
48 0.000000 -0.270089 0.000049
49 0.000000 -0.263706 -0.000005
50 0.000000 -0.253437 -0.000055
51 0.000000 -0.248835 -0.000083
52 0.000000 -0.264135 0.000061
53 0.000000 -0.254006 0.000011
54 0.000000 -0.243458 -0.000082
55 0.000000 -0.250329 -0.000023
56 0.000000 -0.255301 0.000029
57 0.000000 -0.242328 -0.000124
58 0.000000 -0.265520 0.000065
59 0.000000 -0.273350 0.000149
60 0.000000 -0.249898 -0.000066
61 0.000000 -0.257043 0.000006
62 0.000000 -0.259579 0.000030
63 0.000000 -0.245950 -0.000095
64 0.000000 -0.252843 -0.000012
65 0.000000 -0.257221 0.000019
66 0.000000 -0.253193 -0.000053
67 0.000000 -0.253358 -0.000058
68 0.000000 -0.257814 -0.000006
69 0.000000 -0.264132 0.000080
70 0.000000 -0.240184 -0.000026
71 0.000000 -0.233954 -0.000028
72 0.000000 -0.442626 0.000012
73 0.000000 -0.833415 -0.000111
element 3
poly 0 1 2 3 4 5 6 7 8 9 10 11 12 13 14 15 16 17 18 19 20 21 22 23 24 25 26 27 28 29 30 31 32 33 34 35 36 37 38 39 40 41 42 43 44 45 46 47 48 49 50 51 52 53 54 55 56 57 58 59 60 61 62 63 64 65 66 67 68 69 70 71 72 73
exp
0 0.000000 0.136788 -0.000047
1 0.000000 0.554651 -0.000075
2 0.000000 0.763484 -0.000069
3 0.000000 0.748679 0.000005
4 0.000000 0.689512 -0.000030
5 0.000000 0.616337 -0.000064
6 0.000000 0.532569 -0.000038
7 0.000000 0.450745 0.000019
8 0.000000 0.386387 -0.000027
9 0.000000 0.318025 -0.000033
10 0.000000 0.248572 0.000004
11 0.000000 0.189892 0.000008
12 0.000000 0.132678 -0.000002
13 0.000000 0.079162 -0.000070
14 0.000000 0.018455 -0.000036
15 0.000000 -0.047571 0.000055
16 0.000000 -0.088777 -0.000069
17 0.000000 -0.146460 -0.000037
18 0.000000 -0.208585 0.000047
19 0.000000 -0.245990 0.000054
20 0.000000 -0.249228 -0.000035
21 0.000000 -0.250579 0.000043
22 0.000000 -0.252287 0.000072
23 0.000000 -0.245385 0.000015
24 0.000000 -0.233701 0.000059
25 0.000000 -0.229815 0.000041
26 0.000000 -0.229225 -0.000042
27 0.000000 -0.243683 0.000039
28 0.000000 -0.249247 0.000050
29 0.000000 -0.233846 -0.000085
30 0.000000 -0.235707 -0.000016
31 0.000000 -0.239212 0.000039
32 0.000000 -0.240255 -0.000006
33 0.000000 -0.251515 0.000051
34 0.000000 -0.245716 0.000019
35 0.000000 -0.238971 -0.000019
36 0.000000 -0.239607 -0.000034
37 0.000000 -0.247611 0.000023
38 0.000000 -0.247941 0.000038
39 0.000000 -0.244818 0.000014
40 0.000000 -0.241582 -0.000030
41 0.000000 -0.237873 -0.000066
42 0.000000 -0.234842 -0.000101
43 0.000000 -0.246529 0.000011
44 0.000000 -0.254533 0.000110
45 0.000000 -0.239453 -0.000007
46 0.000000 -0.241737 0.000029
47 0.000000 -0.234576 -0.000035
48 0.000000 -0.236285 -0.000051
49 0.000000 -0.238579 -0.000051
50 0.000000 -0.250135 0.000065
51 0.000000 -0.253151 0.000082
52 0.000000 -0.241379 -0.000045
53 0.000000 -0.251902 0.000037
54 0.000000 -0.240007 -0.000067
55 0.000000 -0.239362 -0.000039
56 0.000000 -0.251259 0.000119
57 0.000000 -0.240656 0.000072
58 0.000000 -0.240955 0.000044
59 0.000000 -0.238893 -0.000050
60 0.000000 -0.245178 -0.000041
61 0.000000 -0.262464 0.000099
62 0.000000 -0.249651 0.000023
63 0.000000 -0.234251 -0.000072
64 0.000000 -0.249412 0.000068
65 0.000000 -0.250832 0.000075
66 0.000000 -0.246554 0.000028
67 0.000000 -0.242541 -0.000011
68 0.000000 -0.226557 -0.000071
69 0.000000 -0.223059 -0.000026
70 0.000000 -0.204921 0.000007
71 0.000000 -0.185497 0.000088
72 0.000000 -0.371931 -0.000046
73 0.000000 -0.791512 -0.000011
element 4
poly 0 1 2 3 4 5 6 7 8 9 10 11 12 13 14 15 16 17 18 19 20 21 22 23 24 25 26 27 28 29 30 31 32 33 34 35 36 37 38 39 40 41 42 43 44 45 46 47 48 49 50 51 52 53 54 55 56 57 58 59 60 61 62 63 64 65 66 67 68 69 70 71 72 73
exp
0 0.000000 0.126169 0.000007
1 0.000000 0.517905 0.000081
2 0.000000 0.733001 -0.000011
3 0.000000 0.717186 0.000092
4 0.000000 0.658577 0.000032
5 0.000000 0.595931 -0.000109
6 0.000000 0.500998 0.000047
7 0.000000 0.435887 0.000007
8 0.000000 0.383670 -0.000121
9 0.000000 0.309157 -0.000021
10 0.000000 0.246479 -0.000002
11 0.000000 0.174751 0.000117
12 0.000000 0.114565 0.000104
13 0.000000 0.073173 -0.000097
14 0.000000 0.018399 -0.000081
15 0.000000 -0.033606 -0.000021
16 0.000000 -0.085213 -0.000002
17 0.000000 -0.148702 0.000100
18 0.000000 -0.193539 0.000046
19 0.000000 -0.212712 -0.000122
20 0.000000 -0.238999 -0.000019
21 0.000000 -0.245425 0.000069
22 0.000000 -0.238192 0.000004
23 0.000000 -0.232635 -0.000019
24 0.000000 -0.226851 0.000085
25 0.000000 -0.217091 -0.000017
26 0.000000 -0.233058 0.000031
27 0.000000 -0.226302 -0.000050
28 0.000000 -0.232293 -0.000026
29 0.000000 -0.240475 0.000024
30 0.000000 -0.239287 0.000047
31 0.000000 -0.242283 0.000090
32 0.000000 -0.230692 -0.000048
33 0.000000 -0.238495 -0.000025
34 0.000000 -0.244443 0.000006
35 0.000000 -0.237733 -0.000021
36 0.000000 -0.240295 0.000051
37 0.000000 -0.230654 -0.000032
38 0.000000 -0.230476 -0.000059
39 0.000000 -0.235487 -0.000018
40 0.000000 -0.234096 -0.000013
41 0.000000 -0.240011 0.000061
42 0.000000 -0.239082 0.000066
43 0.000000 -0.240920 0.000085
44 0.000000 -0.225771 -0.000072
45 0.000000 -0.229180 -0.000034
46 0.000000 -0.233502 0.000015
47 0.000000 -0.232684 -0.000021
48 0.000000 -0.249273 0.000088
49 0.000000 -0.248722 0.000066
50 0.000000 -0.237306 -0.000018
51 0.000000 -0.236485 -0.000001
52 0.000000 -0.242754 0.000065
53 0.000000 -0.232579 -0.000010
54 0.000000 -0.228413 -0.000042
55 0.000000 -0.238696 0.000054
56 0.000000 -0.224961 -0.000050
57 0.000000 -0.223365 -0.000034
58 0.000000 -0.235816 0.000075
59 0.000000 -0.234911 0.000035
60 0.000000 -0.236016 0.000003
61 0.000000 -0.250325 0.000106
62 0.000000 -0.245127 0.000082
63 0.000000 -0.233324 0.000011
64 0.000000 -0.240803 0.000069
65 0.000000 -0.239929 0.000020
66 0.000000 -0.237323 -0.000026
67 0.000000 -0.236172 -0.000024
68 0.000000 -0.236715 0.000045
69 0.000000 -0.233621 0.000097
70 0.000000 -0.196320 -0.000037
71 0.000000 -0.175133 0.000020
72 0.000000 -0.375800 0.000109
73 0.000000 -0.765298 -0.000007
element 5
poly 0 1 2 3 4 5 6 7 8 9 10 11 12 13 14 15 16 17 18 19 20 21 22 23 24 25 26 27 28 29 30 31 32 33 34 35 36 37 38 39 40 41 42 43 44 45 46 47 48 49 50 51 52 53 54 55 56 57 58 59 60 61 62 63 64 65 66 67 68 69 70 71 72 73
exp
0 0.000000 0.138941 -0.000068
1 0.000000 0.519238 0.000128
2 0.000000 0.726268 0.000048
3 0.000000 0.721869 0.000006
4 0.000000 0.661090 0.000009
5 0.000000 0.592215 -0.000041
6 0.000000 0.517326 -0.000072
7 0.000000 0.439421 0.000002
8 0.000000 0.353926 0.000137
9 0.000000 0.291117 0.000083
10 0.000000 0.241147 0.000019
11 0.000000 0.184808 0.000034
12 0.000000 0.126819 0.000018
13 0.000000 0.072453 -0.000022
14 0.000000 0.007288 0.000058
15 0.000000 -0.036999 -0.000042
16 0.000000 -0.093637 0.000016
17 0.000000 -0.151335 0.000074
18 0.000000 -0.196624 0.000012
19 0.000000 -0.232585 0.000017
20 0.000000 -0.247750 0.000038
21 0.000000 -0.238670 -0.000009
22 0.000000 -0.234775 -0.000034
23 0.000000 -0.233208 0.000018
24 0.000000 -0.222443 0.000070
25 0.000000 -0.214617 -0.000023
26 0.000000 -0.226403 0.000009
27 0.000000 -0.231519 0.000049
28 0.000000 -0.233018 0.000007
29 0.000000 -0.251113 0.000111
30 0.000000 -0.242176 0.000002
31 0.000000 -0.232403 -0.000090
32 0.000000 -0.240832 0.000029
33 0.000000 -0.248312 0.000119
34 0.000000 -0.237791 0.000009
35 0.000000 -0.224744 -0.000098
36 0.000000 -0.227286 -0.000058
37 0.000000 -0.230482 -0.000015
38 0.000000 -0.230057 -0.000016
39 0.000000 -0.238687 0.000029
40 0.000000 -0.236142 -0.000005
41 0.000000 -0.239744 0.000027
42 0.000000 -0.230735 -0.000074
43 0.000000 -0.227919 -0.000091
44 0.000000 -0.239327 0.000054
45 0.000000 -0.244222 0.000121
46 0.000000 -0.229055 -0.000042
47 0.000000 -0.225194 -0.000087
48 0.000000 -0.237352 0.000049
49 0.000000 -0.231106 -0.000006
50 0.000000 -0.227764 -0.000062
51 0.000000 -0.244937 0.000074
52 0.000000 -0.231280 -0.000042
53 0.000000 -0.238155 0.000020
54 0.000000 -0.250233 0.000115
55 0.000000 -0.226434 -0.000103
56 0.000000 -0.233680 -0.000013
57 0.000000 -0.234104 0.000001
58 0.000000 -0.234481 -0.000016
59 0.000000 -0.241716 0.000028
60 0.000000 -0.241025 0.000012
61 0.000000 -0.234290 -0.000040
62 0.000000 -0.239134 0.000027
63 0.000000 -0.237559 -0.000001
64 0.000000 -0.240988 0.000014
65 0.000000 -0.231850 -0.000047
66 0.000000 -0.232090 -0.000027
67 0.000000 -0.234284 -0.000027
68 0.000000 -0.230901 0.000015
69 0.000000 -0.218838 -0.000003
70 0.000000 -0.202562 0.000043
71 0.000000 -0.170852 -0.000010
72 0.000000 -0.366719 0.000011
73 0.000000 -0.773238 0.000054
element 6
poly 0 1 2 3 4 5 6 7 8 9 10 11 12 13 14 15 16 17 18 19 20 21 22 23 24 25 26 27 28 29 30 31 32 33 34 35 36 37 38 39 40 41 42 43 44 45 46 47 48 49 50 51 52 53 54 55 56 57 58 59 60 61 62 63 64 65 66 67 68 69 70 71 72 73
exp
0 0.000000 0.129305 0.000029
1 0.000000 0.544806 -0.000006
2 0.000000 0.751051 -0.000004
3 0.000000 0.745840 0.000016
4 0.000000 0.695885 -0.000071
5 0.000000 0.611546 0.000006
6 0.000000 0.516241 0.000124
7 0.000000 0.455519 0.000010
8 0.000000 0.380442 0.000083
9 0.000000 0.309794 0.000084
10 0.000000 0.249013 0.000016
11 0.000000 0.191974 -0.000035
12 0.000000 0.135047 -0.000062
13 0.000000 0.067196 0.000013
14 0.000000 0.014432 -0.000016
15 0.000000 -0.035562 -0.000045
16 0.000000 -0.102157 0.000067
17 0.000000 -0.154081 0.000025
18 0.000000 -0.201134 -0.000038
19 0.000000 -0.238822 -0.000003
20 0.000000 -0.254931 0.000041
21 0.000000 -0.241189 -0.000049
22 0.000000 -0.237369 -0.000075
23 0.000000 -0.242241 0.000036
24 0.000000 -0.229531 0.000033
25 0.000000 -0.244055 0.000100
26 0.000000 -0.244577 0.000027
27 0.000000 -0.229588 -0.000115
28 0.000000 -0.236166 -0.000079
29 0.000000 -0.259179 0.000114
30 0.000000 -0.252738 0.000064
31 0.000000 -0.235697 -0.000079
32 0.000000 -0.242523 -0.000020
33 0.000000 -0.252940 0.000084
34 0.000000 -0.245778 0.000066
35 0.000000 -0.234221 0.000000
36 0.000000 -0.239650 0.000023
37 0.000000 -0.246743 0.000060
38 0.000000 -0.232288 -0.000069
39 0.000000 -0.240705 -0.000012
40 0.000000 -0.242290 -0.000006
41 0.000000 -0.234276 -0.000059
42 0.000000 -0.230962 -0.000058
43 0.000000 -0.247252 0.000095
44 0.000000 -0.237912 -0.000029
45 0.000000 -0.241554 -0.000029
46 0.000000 -0.240729 -0.000049
47 0.000000 -0.245554 0.000004
48 0.000000 -0.253683 0.000069
49 0.000000 -0.247171 0.000022
50 0.000000 -0.224896 -0.000149
51 0.000000 -0.243708 0.000025
52 0.000000 -0.256896 0.000138
53 0.000000 -0.247834 0.000045
54 0.000000 -0.249537 0.000030
55 0.000000 -0.244650 -0.000018
56 0.000000 -0.243642 -0.000011
57 0.000000 -0.231097 -0.000109
58 0.000000 -0.233851 -0.000034
59 0.000000 -0.244347 0.000063
60 0.000000 -0.245829 0.000022
61 0.000000 -0.246664 -0.000027
62 0.000000 -0.252765 0.000035
63 0.000000 -0.249972 0.000036
64 0.000000 -0.245447 -0.000007
65 0.000000 -0.244998 0.000013
66 0.000000 -0.240195 -0.000020
67 0.000000 -0.237640 -0.000089
68 0.000000 -0.243007 -0.000009
69 0.000000 -0.239853 0.000064
70 0.000000 -0.209664 0.000010
71 0.000000 -0.168109 -0.000115
72 0.000000 -0.382802 0.000037
73 0.000000 -0.804301 0.000121
element 7
poly 0 1 2 3 4 5 6 7 8 9 10 11 12 13 14 15 16 17 18 19 20 21 22 23 24 25 26 27 28 29 30 31 32 33 34 35 36 37 38 39 40 41 42 43 44 45 46 47 48 49 50 51 52 53 54 55 56 57 58 59 60 61 62 63 64 65 66 67 68 69 70 71 72 73
exp
0 0.000000 0.173622 -0.000021
1 0.000000 0.559196 -0.000046
2 0.000000 0.755631 0.000021
3 0.000000 0.750314 0.000069
4 0.000000 0.692248 0.000043
5 0.000000 0.618793 -0.000003
6 0.000000 0.537077 -0.000012
7 0.000000 0.461098 0.000011
8 0.000000 0.396800 -0.000042
9 0.000000 0.322063 0.000001
10 0.000000 0.252850 0.000066
11 0.000000 0.195599 0.000040
12 0.000000 0.141411 -0.000042
13 0.000000 0.068790 0.000031
14 0.000000 0.006917 0.000017
15 0.000000 -0.047156 -0.000017
16 0.000000 -0.103175 -0.000011
17 0.000000 -0.150253 -0.000087
18 0.000000 -0.194278 -0.000150
19 0.000000 -0.249190 0.000064
20 0.000000 -0.247790 -0.000065
21 0.000000 -0.248259 -0.000052
22 0.000000 -0.263312 0.000101
23 0.000000 -0.240958 -0.000053
24 0.000000 -0.232665 -0.000015
25 0.000000 -0.236895 0.000008
26 0.000000 -0.244516 -0.000013
27 0.000000 -0.247088 -0.000038
28 0.000000 -0.253374 -0.000024
29 0.000000 -0.251641 -0.000070
30 0.000000 -0.252719 -0.000041
31 0.000000 -0.255096 0.000033
32 0.000000 -0.262770 0.000122
33 0.000000 -0.255036 0.000029
34 0.000000 -0.253810 0.000001
35 0.000000 -0.251093 -0.000022
36 0.000000 -0.251540 -0.000021
37 0.000000 -0.257374 0.000039
38 0.000000 -0.253316 0.000019
39 0.000000 -0.240272 -0.000106
40 0.000000 -0.245596 -0.000072
41 0.000000 -0.263155 0.000093
42 0.000000 -0.247125 -0.000069
43 0.000000 -0.242904 -0.000102
44 0.000000 -0.254369 0.000040
45 0.000000 -0.254076 0.000066
46 0.000000 -0.253787 0.000045
47 0.000000 -0.259361 0.000056
48 0.000000 -0.257443 0.000042
49 0.000000 -0.246265 -0.000048
50 0.000000 -0.249228 -0.000013
51 0.000000 -0.256310 0.000057
52 0.000000 -0.254072 0.000035
53 0.000000 -0.238677 -0.000096
54 0.000000 -0.244025 -0.000048
55 0.000000 -0.258201 0.000082
56 0.000000 -0.266771 0.000170
57 0.000000 -0.245395 -0.000044
58 0.000000 -0.239221 -0.000106
59 0.000000 -0.249575 -0.000008
60 0.000000 -0.248528 0.000013
61 0.000000 -0.253988 0.000089
62 0.000000 -0.260143 0.000115
63 0.000000 -0.264621 0.000121
64 0.000000 -0.252890 -0.000000
65 0.000000 -0.249462 -0.000034
66 0.000000 -0.252828 0.000011
67 0.000000 -0.255343 0.000014
68 0.000000 -0.250329 -0.000027
69 0.000000 -0.251460 0.000022
70 0.000000 -0.248111 0.000100
71 0.000000 -0.233730 0.000029
72 0.000000 -0.418214 -0.000028
73 0.000000 -0.799612 -0.000032
element 8
poly 0 1 2 3 4 5 6 7 8 9 10 11 12 13 14 15 16 17 18 19 20 21 22 23 24 25 26 27 28 29 30 31 32 33 34 35 36 37 38 39 40 41 42 43 44 45 46 47 48 49 50 51 52 53 54 55 56 57 58 59 60 61 62 63 64 65 66 67 68 69 70 71 72 73
exp
0 0.000000 0.070226 0.000034
1 0.000000 0.257808 0.000035
2 0.000000 0.363510 -0.000033
3 0.000000 0.366274 -0.000057
4 0.000000 0.333679 -0.000009
5 0.000000 0.295184 0.000013
6 0.000000 0.256929 -0.000013
7 0.000000 0.217147 0.000017
8 0.000000 0.184348 0.000027
9 0.000000 0.156876 -0.000001
10 0.000000 0.129398 -0.000024
11 0.000000 0.095902 0.000004
12 0.000000 0.064095 0.000012
13 0.000000 0.034153 0.000020
14 0.000000 0.010515 -0.000018
15 0.000000 -0.016186 -0.000040
16 0.000000 -0.045813 -0.000012
17 0.000000 -0.068677 -0.000014
18 0.000000 -0.095341 0.000012
19 0.000000 -0.113449 0.000010
20 0.000000 -0.118175 -0.000007
21 0.000000 -0.116545 -0.000011
22 0.000000 -0.120645 0.000015
23 0.000000 -0.126066 0.000074
24 0.000000 -0.119141 0.000068
25 0.000000 -0.107845 -0.000045
26 0.000000 -0.113907 -0.000061
27 0.000000 -0.125656 0.000007
28 0.000000 -0.124956 0.000028
29 0.000000 -0.110371 -0.000075
30 0.000000 -0.115407 -0.000040
31 0.000000 -0.126184 0.000051
32 0.000000 -0.124028 0.000051
33 0.000000 -0.116335 -0.000020
34 0.000000 -0.118670 -0.000009
35 0.000000 -0.120436 0.000006
36 0.000000 -0.123251 0.000040
37 0.000000 -0.121458 0.000032
38 0.000000 -0.115001 -0.000024
39 0.000000 -0.119071 0.000017
40 0.000000 -0.122751 0.000049
41 0.000000 -0.118438 -0.000006
42 0.000000 -0.119863 -0.000008
43 0.000000 -0.123485 0.000020
44 0.000000 -0.123409 0.000021
45 0.000000 -0.120581 0.000003
46 0.000000 -0.117808 -0.000011
47 0.000000 -0.121409 0.000028
48 0.000000 -0.121730 0.000033
49 0.000000 -0.115128 -0.000042
50 0.000000 -0.117777 -0.000017
51 0.000000 -0.120789 0.000027
52 0.000000 -0.115776 -0.000022
53 0.000000 -0.119209 -0.000012
54 0.000000 -0.123872 0.000018
55 0.000000 -0.120309 -0.000008
56 0.000000 -0.115155 -0.000042
57 0.000000 -0.120211 0.000009
58 0.000000 -0.121236 0.000021
59 0.000000 -0.120007 0.000009
60 0.000000 -0.124827 0.000051
61 0.000000 -0.122644 0.000040
62 0.000000 -0.116225 -0.000015
63 0.000000 -0.121508 0.000024
64 0.000000 -0.124121 0.000038
65 0.000000 -0.120705 0.000003
66 0.000000 -0.121192 -0.000001
67 0.000000 -0.119513 -0.000009
68 0.000000 -0.116564 -0.000006
69 0.000000 -0.114353 -0.000002
70 0.000000 -0.109058 0.000026
71 0.000000 -0.102766 0.000034
72 0.000000 -0.194740 -0.000004
73 0.000000 -0.379834 -0.000011
element 9
poly 0 1 2 3 4 5 6 7 8 9 10 11 12 13 14 15 16 17 18 19 20 21 22 23 24 25 26 27 28 29 30 31 32 33 34 35 36 37 38 39 40 41 42 43 44 45 46 47 48 49 50 51 52 53 54 55 56 57 58 59 60 61 62 63 64 65 66 67 68 69 70 71 72 73
exp
0 0.000000 0.076039 0.000004
1 0.000000 0.265395 0.000055
2 0.000000 0.376021 -0.000016
3 0.000000 0.379800 -0.000050
4 0.000000 0.343037 -0.000007
5 0.000000 0.300844 0.000022
6 0.000000 0.264254 0.000007
7 0.000000 0.227738 0.000019
8 0.000000 0.201601 -0.000058
9 0.000000 0.164651 -0.000041
10 0.000000 0.124608 0.000018
11 0.000000 0.092559 0.000025
12 0.000000 0.066141 -0.000005
13 0.000000 0.038376 -0.000021
14 0.000000 0.006831 -0.000003
15 0.000000 -0.024159 0.000013
16 0.000000 -0.052055 0.000019
17 0.000000 -0.076223 -0.000003
18 0.000000 -0.100903 -0.000004
19 0.000000 -0.118884 -0.000001
20 0.000000 -0.125230 -0.000003
21 0.000000 -0.126194 0.000035
22 0.000000 -0.123672 0.000015
23 0.000000 -0.121045 -0.000010
24 0.000000 -0.116217 0.000006
25 0.000000 -0.112558 -0.000011
26 0.000000 -0.113533 -0.000041
27 0.000000 -0.115847 -0.000047
28 0.000000 -0.119000 -0.000024
29 0.000000 -0.118189 -0.000028
30 0.000000 -0.128026 0.000052
31 0.000000 -0.130201 0.000049
32 0.000000 -0.125072 0.000009
33 0.000000 -0.119940 -0.000029
34 0.000000 -0.118040 -0.000050
35 0.000000 -0.119797 -0.000032
36 0.000000 -0.122140 -0.000014
37 0.000000 -0.120663 -0.000027
38 0.000000 -0.118481 -0.000036
39 0.000000 -0.120607 -0.000021
40 0.000000 -0.121898 -0.000002
41 0.000000 -0.120340 -0.000011
42 0.000000 -0.123041 0.000004
43 0.000000 -0.124233 0.000004
44 0.000000 -0.119613 -0.000044
45 0.000000 -0.120759 -0.000030
46 0.000000 -0.126869 0.000020
47 0.000000 -0.125235 0.000010
48 0.000000 -0.124720 0.000022
49 0.000000 -0.126238 0.000038
50 0.000000 -0.119106 -0.000029
51 0.000000 -0.119215 -0.000021
52 0.000000 -0.119855 -0.000010
53 0.000000 -0.121560 -0.000003
54 0.000000 -0.121599 -0.000020
55 0.000000 -0.122088 -0.000028
56 0.000000 -0.126280 0.000017
57 0.000000 -0.124375 0.000012
58 0.000000 -0.123901 0.000018
59 0.000000 -0.127921 0.000064
60 0.000000 -0.120909 0.000008
61 0.000000 -0.117403 -0.000015
62 0.000000 -0.121154 0.000011
63 0.000000 -0.123505 0.000011
64 0.000000 -0.123091 -0.000006
65 0.000000 -0.124458 0.000009
66 0.000000 -0.120192 -0.000027
67 0.000000 -0.125116 0.000021
68 0.000000 -0.123328 0.000022
69 0.000000 -0.117968 -0.000013
70 0.000000 -0.108034 -0.000011
71 0.000000 -0.103730 0.000041
72 0.000000 -0.204171 0.000056
73 0.000000 -0.392711 0.000009
element 10
poly 0 1 2 3 4 5 6 7 8 9 10 11 12 13 14 15 16 17 18 19 20 21 22 23 24 25 26 27 28 29 30 31 32 33 34 35 36 37 38 39 40 41 42 43 44 45 46 47 48 49 50 51 52 53 54 55 56 57 58 59 60 61 62 63 64 65 66 67 68 69 70 71 72 73
exp
0 0.000000 0.164655 0.000032
1 0.000000 0.544420 -0.000009
2 0.000000 0.738502 0.000013
3 0.000000 0.726617 0.000065
4 0.000000 0.678388 -0.000050
5 0.000000 0.606452 -0.000027
6 0.000000 0.523205 0.000040
7 0.000000 0.450969 0.000014
8 0.000000 0.383460 0.000003
9 0.000000 0.329403 -0.000104
10 0.000000 0.251847 0.000014
11 0.000000 0.184692 0.000057
12 0.000000 0.120653 0.000077
13 0.000000 0.061199 0.000040
14 0.000000 0.004255 0.000007
15 0.000000 -0.052186 0.000024
16 0.000000 -0.099919 -0.000010
17 0.000000 -0.152711 -0.000021
18 0.000000 -0.204069 -0.000015
19 0.000000 -0.238575 0.000009
20 0.000000 -0.251818 0.000015
21 0.000000 -0.255023 0.000070
22 0.000000 -0.252170 0.000079
23 0.000000 -0.235170 -0.000012
24 0.000000 -0.217358 -0.000050
25 0.000000 -0.229153 0.000035
26 0.000000 -0.240793 0.000017
27 0.000000 -0.240963 -0.000036
28 0.000000 -0.249215 0.000046
29 0.000000 -0.251235 0.000058
30 0.000000 -0.253521 0.000050
31 0.000000 -0.251062 0.000030
32 0.000000 -0.234810 -0.000078
33 0.000000 -0.248962 0.000074
34 0.000000 -0.248957 0.000064
35 0.000000 -0.229456 -0.000111
36 0.000000 -0.240324 -0.000037
37 0.000000 -0.250039 0.000023
38 0.000000 -0.248225 -0.000005
39 0.000000 -0.262604 0.000102
40 0.000000 -0.263989 0.000114
41 0.000000 -0.239385 -0.000074
42 0.000000 -0.232910 -0.000112
43 0.000000 -0.235617 -0.000085
44 0.000000 -0.245660 0.000012
45 0.000000 -0.246205 0.000045
46 0.000000 -0.245655 0.000026
47 0.000000 -0.254625 0.000080
48 0.000000 -0.246867 0.000001
49 0.000000 -0.245419 -0.000031
50 0.000000 -0.234647 -0.000146
51 0.000000 -0.248517 -0.000011
52 0.000000 -0.253472 0.000075
53 0.000000 -0.242287 -0.000008
54 0.000000 -0.246289 0.000015
55 0.000000 -0.264311 0.000164
56 0.000000 -0.252451 0.000078
57 0.000000 -0.243100 0.000011
58 0.000000 -0.245434 -0.000011
59 0.000000 -0.241447 -0.000069
60 0.000000 -0.249734 0.000018
61 0.000000 -0.253989 0.000073
62 0.000000 -0.238876 -0.000051
63 0.000000 -0.238408 -0.000019
64 0.000000 -0.248301 0.000064
65 0.000000 -0.253616 0.000060
66 0.000000 -0.242682 -0.000064
67 0.000000 -0.240201 -0.000091
68 0.000000 -0.246112 0.000018
69 0.000000 -0.243288 0.000079
70 0.000000 -0.221516 0.000004
71 0.000000 -0.212326 -0.000053
72 0.000000 -0.413117 0.000028
73 0.000000 -0.790436 0.000043
element 11
poly 0 1 2 3 4 5 6 7 8 9 10 11 12 13 14 15 16 17 18 19 20 21 22 23 24 25 26 27 28 29 30 31 32 33 34 35 36 37 38 39 40 41 42 43 44 45 46 47 48 49 50 51 52 53 54 55 56 57 58 59 60 61 62 63 64 65 66 67 68 69 70 71 72 73
exp
0 0.000000 0.115674 0.000016
1 0.000000 0.501998 0.000088
2 0.000000 0.716658 0.000120
3 0.000000 0.748499 -0.000074
4 0.000000 0.697977 -0.000094
5 0.000000 0.607749 0.000056
6 0.000000 0.523135 0.000066
7 0.000000 0.458551 -0.000025
8 0.000000 0.400929 -0.000091
9 0.000000 0.327113 -0.000030
10 0.000000 0.265600 -0.000077
11 0.000000 0.200114 -0.000035
12 0.000000 0.126474 0.000102
13 0.000000 0.084920 -0.000056
14 0.000000 0.022135 -0.000014
15 0.000000 -0.042722 0.000054
16 0.000000 -0.093504 0.000009
17 0.000000 -0.148613 -0.000011
18 0.000000 -0.196868 -0.000058
19 0.000000 -0.239539 0.000024
20 0.000000 -0.252853 0.000024
21 0.000000 -0.244715 -0.000027
22 0.000000 -0.246715 0.000007
23 0.000000 -0.248130 0.000059
24 0.000000 -0.230017 0.000046
25 0.000000 -0.213635 -0.000067
26 0.000000 -0.226525 -0.000011
27 0.000000 -0.236904 0.000022
28 0.000000 -0.236093 -0.000051
29 0.000000 -0.251152 0.000049
30 0.000000 -0.254477 0.000060
31 0.000000 -0.239485 -0.000058
32 0.000000 -0.243786 0.000016
33 0.000000 -0.240971 -0.000011
34 0.000000 -0.241062 -0.000028
35 0.000000 -0.243732 0.000003
36 0.000000 -0.241836 -0.000002
37 0.000000 -0.229089 -0.000098
38 0.000000 -0.237897 0.000016
39 0.000000 -0.244908 0.000100
40 0.000000 -0.232798 -0.000035
41 0.000000 -0.242443 0.000003
42 0.000000 -0.254255 0.000096
43 0.000000 -0.235069 -0.000037
44 0.000000 -0.225749 -0.000078
45 0.000000 -0.234099 0.000004
46 0.000000 -0.236966 0.000006
47 0.000000 -0.233995 -0.000039
48 0.000000 -0.240320 0.000009
49 0.000000 -0.241407 -0.000007
50 0.000000 -0.249726 0.000060
51 0.000000 -0.245396 0.000045
52 0.000000 -0.243778 0.000049
53 0.000000 -0.234342 -0.000036
54 0.000000 -0.228561 -0.000076
55 0.000000 -0.238232 0.000012
56 0.000000 -0.250939 0.000103
57 0.000000 -0.242136 -0.000003
58 0.000000 -0.237823 -0.000049
59 0.000000 -0.252277 0.000077
60 0.000000 -0.243793 -0.000026
61 0.000000 -0.246096 -0.000018
62 0.000000 -0.249560 0.000017
63 0.000000 -0.250264 0.000015
64 0.000000 -0.256889 0.000079
65 0.000000 -0.242766 -0.000050
66 0.000000 -0.233195 -0.000110
67 0.000000 -0.242974 0.000009
68 0.000000 -0.237158 -0.000006
69 0.000000 -0.227624 -0.000062
70 0.000000 -0.217206 0.000056
71 0.000000 -0.189904 0.000125
72 0.000000 -0.354672 -0.000057
73 0.000000 -0.747347 -0.000090
element 12
poly 0 1 2 3 4 5 6 7 8 9 10 11 12 13 14 15 16 17 18 19 20 21 22 23 24 25 26 27 28 29 30 31 32 33 34 35 36 37 38 39 40 41 42 43 44 45 46 47 48 49 50 51 52 53 54 55 56 57 58 59 60 61 62 63 64 65 66 67 68 69 70 71 72 73
exp
0 0.000000 0.144174 -0.000019
1 0.000000 0.582520 0.000067
2 0.000000 0.810630 -0.000069
3 0.000000 0.767926 -0.000040
4 0.000000 0.668320 0.000062
5 0.000000 0.589425 0.000030
6 0.000000 0.514959 -0.000033
7 0.000000 0.441518 -0.000019
8 0.000000 0.373638 0.000015
9 0.000000 0.304177 0.000048
10 0.000000 0.247780 -0.000016
11 0.000000 0.179231 0.000062
12 0.000000 0.127354 -0.000018
13 0.000000 0.067138 -0.000053
14 0.000000 0.002497 -0.000006
15 0.000000 -0.051050 -0.000011
16 0.000000 -0.101751 -0.000048
17 0.000000 -0.154150 -0.000071
18 0.000000 -0.227074 0.000125
19 0.000000 -0.258200 0.000099
20 0.000000 -0.251068 -0.000034
21 0.000000 -0.240814 -0.000021
22 0.000000 -0.235221 -0.000039
23 0.000000 -0.235178 -0.000027
24 0.000000 -0.231616 0.000036
25 0.000000 -0.228923 0.000016
26 0.000000 -0.232416 -0.000044
27 0.000000 -0.240648 -0.000045
28 0.000000 -0.257244 0.000102
29 0.000000 -0.242414 -0.000013
30 0.000000 -0.239498 -0.000027
31 0.000000 -0.243668 0.000023
32 0.000000 -0.240108 0.000009
33 0.000000 -0.238332 -0.000001
34 0.000000 -0.227596 -0.000110
35 0.000000 -0.238421 -0.000028
36 0.000000 -0.260572 0.000129
37 0.000000 -0.233194 -0.000140
38 0.000000 -0.232881 -0.000133
39 0.000000 -0.261126 0.000123
40 0.000000 -0.255713 0.000115
41 0.000000 -0.235505 -0.000045
42 0.000000 -0.246238 0.000041
43 0.000000 -0.247374 0.000051
44 0.000000 -0.248807 0.000073
45 0.000000 -0.242512 0.000037
46 0.000000 -0.235241 -0.000027
47 0.000000 -0.246158 0.000032
48 0.000000 -0.243163 -0.000008
49 0.000000 -0.242899 0.000029
50 0.000000 -0.245471 0.000054
51 0.000000 -0.245810 0.000022
52 0.000000 -0.248755 0.000055
53 0.000000 -0.240834 0.000020
54 0.000000 -0.231335 -0.000059
55 0.000000 -0.238886 0.000010
56 0.000000 -0.235602 -0.000021
57 0.000000 -0.239023 -0.000023
58 0.000000 -0.240304 -0.000008
59 0.000000 -0.237739 -0.000005
60 0.000000 -0.236621 -0.000001
61 0.000000 -0.234471 -0.000009
62 0.000000 -0.226150 -0.000096
63 0.000000 -0.254831 0.000131
64 0.000000 -0.240187 -0.000030
65 0.000000 -0.226254 -0.000120
66 0.000000 -0.233592 -0.000022
67 0.000000 -0.245379 0.000045
68 0.000000 -0.240782 -0.000003
69 0.000000 -0.235935 -0.000020
70 0.000000 -0.209396 -0.000041
71 0.000000 -0.177516 0.000007
72 0.000000 -0.378954 -0.000080
73 0.000000 -0.832069 -0.000035
element 13
poly 0 1 2 3 4 5 6 7 8 9 10 11 12 13 14 15 16 17 18 19 20 21 22 23 24 25 26 27 28 29 30 31 32 33 34 35 36 37 38 39 40 41 42 43 44 45 46 47 48 49 50 51 52 53 54 55 56 57 58 59 60 61 62 63 64 65 66 67 68 69 70 71 72 73
exp
0 0.000000 0.073610 -0.000000
1 0.000000 0.489264 0.000030
2 0.000000 0.698252 -0.000013
3 0.000000 0.680132 -0.000078
4 0.000000 0.590914 0.000073
5 0.000000 0.518750 0.000048
6 0.000000 0.447946 0.000043
7 0.000000 0.384672 0.000020
8 0.000000 0.327761 -0.000027
9 0.000000 0.269636 -0.000034
10 0.000000 0.214791 -0.000010
11 0.000000 0.166529 -0.000036
12 0.000000 0.110703 -0.000010
13 0.000000 0.064215 -0.000045
14 0.000000 0.013793 -0.000035
15 0.000000 -0.034290 -0.000002
16 0.000000 -0.076054 0.000001
17 0.000000 -0.135444 0.000095
18 0.000000 -0.177902 0.000019
19 0.000000 -0.208939 -0.000030
20 0.000000 -0.234202 0.000093
21 0.000000 -0.216207 0.000017
22 0.000000 -0.207732 -0.000022
23 0.000000 -0.195379 -0.000087
24 0.000000 -0.183972 -0.000029
25 0.000000 -0.195350 0.000087
26 0.000000 -0.194859 -0.000000
27 0.000000 -0.197250 -0.000056
28 0.000000 -0.215937 0.000028
29 0.000000 -0.214170 0.000013
30 0.000000 -0.203594 0.000000
31 0.000000 -0.202155 0.000009
32 0.000000 -0.215989 0.000084
33 0.000000 -0.207600 -0.000013
34 0.000000 -0.201297 -0.000055
35 0.000000 -0.215092 0.000101
36 0.000000 -0.206851 0.000045
37 0.000000 -0.197220 -0.000043
38 0.000000 -0.198899 -0.000043
39 0.000000 -0.205834 -0.000004
40 0.000000 -0.213234 0.000070
41 0.000000 -0.205749 -0.000005
42 0.000000 -0.203319 -0.000068
43 0.000000 -0.220948 0.000097
44 0.000000 -0.211520 0.000059
45 0.000000 -0.189914 -0.000119
46 0.000000 -0.199573 -0.000060
47 0.000000 -0.219119 0.000086
48 0.000000 -0.218935 0.000056
49 0.000000 -0.212758 0.000003
50 0.000000 -0.201244 -0.000057
51 0.000000 -0.198475 -0.000075
52 0.000000 -0.213991 0.000055
53 0.000000 -0.205862 0.000023
54 0.000000 -0.193322 -0.000084
55 0.000000 -0.201848 -0.000013
56 0.000000 -0.204941 0.000023
57 0.000000 -0.190738 -0.000130
58 0.000000 -0.214988 0.000066
59 0.000000 -0.223209 0.000148
60 0.000000 -0.198940 -0.000071
61 0.000000 -0.206779 0.000005
62 0.000000 -0.209873 0.000040
63 0.000000 -0.194773 -0.000099
64 0.000000 -0.202344 -0.000008
65 0.000000 -0.207221 0.000032
66 0.000000 -0.202326 -0.000041
67 0.000000 -0.200405 -0.000063
68 0.000000 -0.202690 -0.000002
69 0.000000 -0.203636 0.000083
70 0.000000 -0.153445 -0.000028
71 0.000000 -0.094366 -0.000008
72 0.000000 -0.282800 0.000029
73 0.000000 -0.691576 -0.000101
element 14
poly 0 1 2 3 4 5 6 7 8 9 10 11 12 13 14 15 16 17 18 19 20 21 22 23 24 25 26 27 28 29 30 31 32 33 34 35 36 37 38 39 40 41 42 43 44 45 46 47 48 49 50 51 52 53 54 55 56 57 58 59 60 61 62 63 64 65 66 67 68 69 70 71 72 73
exp
0 0.000000 0.077396 -0.000020
1 0.000000 0.272824 -0.000038
2 0.000000 0.375553 -0.000032
3 0.000000 0.373789 -0.000002
4 0.000000 0.346331 -0.000015
5 0.000000 0.310960 -0.000035
6 0.000000 0.268951 -0.000019
7 0.000000 0.228184 0.000010
8 0.000000 0.195975 -0.000015
9 0.000000 0.161928 -0.000022
10 0.000000 0.126434 0.000004
11 0.000000 0.096287 0.000006
12 0.000000 0.067179 -0.000001
13 0.000000 0.039652 -0.000030
14 0.000000 0.008845 -0.000016
15 0.000000 -0.023658 0.000023
16 0.000000 -0.045171 -0.000035
17 0.000000 -0.073464 -0.000025
18 0.000000 -0.104429 0.000024
19 0.000000 -0.122461 0.000028
20 0.000000 -0.124723 -0.000011
21 0.000000 -0.125930 0.000020
22 0.000000 -0.127173 0.000033
23 0.000000 -0.123718 0.000010
24 0.000000 -0.118650 0.000028
25 0.000000 -0.116863 0.000019
26 0.000000 -0.116755 -0.000017
27 0.000000 -0.123244 0.000018
28 0.000000 -0.125435 0.000023
29 0.000000 -0.118685 -0.000036
30 0.000000 -0.119560 -0.000009
31 0.000000 -0.121159 0.000013
32 0.000000 -0.122332 0.000005
33 0.000000 -0.127267 0.000031
34 0.000000 -0.124614 0.000012
35 0.000000 -0.120944 -0.000015
36 0.000000 -0.121331 -0.000019
37 0.000000 -0.125096 0.000012
38 0.000000 -0.125563 0.000021
39 0.000000 -0.123770 0.000007
40 0.000000 -0.121829 -0.000014
41 0.000000 -0.120062 -0.000032
42 0.000000 -0.118643 -0.000049
43 0.000000 -0.124557 0.000007
44 0.000000 -0.127662 0.000046
45 0.000000 -0.122027 0.000001
46 0.000000 -0.122089 0.000007
47 0.000000 -0.118909 -0.000018
48 0.000000 -0.119491 -0.000025
49 0.000000 -0.120953 -0.000023
50 0.000000 -0.126852 0.000031
51 0.000000 -0.127574 0.000032
52 0.000000 -0.122992 -0.000016
53 0.000000 -0.126991 0.000016
54 0.000000 -0.121681 -0.000028
55 0.000000 -0.122000 -0.000010
56 0.000000 -0.126806 0.000054
57 0.000000 -0.122736 0.000035
58 0.000000 -0.122549 0.000022
59 0.000000 -0.121317 -0.000019
60 0.000000 -0.123960 -0.000018
61 0.000000 -0.131534 0.000046
62 0.000000 -0.126001 0.000010
63 0.000000 -0.119689 -0.000030
64 0.000000 -0.126208 0.000033
65 0.000000 -0.126739 0.000037
66 0.000000 -0.124561 0.000014
67 0.000000 -0.122268 -0.000006
68 0.000000 -0.115704 -0.000027
69 0.000000 -0.113786 -0.000017
70 0.000000 -0.107005 0.000007
71 0.000000 -0.102192 0.000035
72 0.000000 -0.196651 -0.000022
73 0.000000 -0.391864 -0.000008
element 15
poly 0 1 2 3 4 5 6 7 8 9 10 11 12 13 14 15 16 17 18 19 20 21 22 23 24 25 26 27 28 29 30 31 32 33 34 35 36 37 38 39 40 41 42 43 44 45 46 47 48 49 50 51 52 53 54 55 56 57 58 59 60 61 62 63 64 65 66 67 68 69 70 71 72 73
exp
0 0.000000 -0.007760 0.000006
1 0.000000 0.138502 0.000037
2 0.000000 0.211372 -0.000015
3 0.000000 0.183912 0.000041
4 0.000000 0.153822 0.000017
5 0.000000 0.135856 -0.000060
6 0.000000 0.104572 0.000027
7 0.000000 0.090226 0.000013
8 0.000000 0.084273 -0.000060
9 0.000000 0.065382 -0.000013
10 0.000000 0.051638 -0.000000
11 0.000000 0.032895 0.000062
12 0.000000 0.019833 0.000055
13 0.000000 0.016823 -0.000055
14 0.000000 0.004719 -0.000043
15 0.000000 -0.007482 -0.000003
16 0.000000 -0.018419 -0.000001
17 0.000000 -0.037257 0.000051
18 0.000000 -0.047925 0.000025
19 0.000000 -0.047821 -0.000063
20 0.000000 -0.055449 -0.000015
21 0.000000 -0.057202 0.000040
22 0.000000 -0.051891 0.000001
23 0.000000 -0.049373 -0.000017
24 0.000000 -0.047921 0.000036
25 0.000000 -0.043393 -0.000006
26 0.000000 -0.050417 0.000012
27 0.000000 -0.047015 -0.000020
28 0.000000 -0.048389 -0.000018
29 0.000000 -0.052071 0.000007
30 0.000000 -0.051822 0.000023
31 0.000000 -0.053100 0.000043
32 0.000000 -0.046600 -0.000027
33 0.000000 -0.049937 -0.000017
34 0.000000 -0.053434 0.000005
35 0.000000 -0.050442 -0.000008
36 0.000000 -0.052214 0.000028
37 0.000000 -0.047687 -0.000010
38 0.000000 -0.047573 -0.000024
39 0.000000 -0.049908 -0.000008
40 0.000000 -0.048940 -0.000010
41 0.000000 -0.052128 0.000025
42 0.000000 -0.052318 0.000032
43 0.000000 -0.052879 0.000036
44 0.000000 -0.045053 -0.000040
45 0.000000 -0.046944 -0.000019
46 0.000000 -0.049143 0.000007
47 0.000000 -0.047744 -0.000015
48 0.000000 -0.055801 0.000039
49 0.000000 -0.055499 0.000028
50 0.000000 -0.049020 -0.000017
51 0.000000 -0.049045 -0.000004
52 0.000000 -0.053414 0.000033
53 0.000000 -0.048537 -0.000008
54 0.000000 -0.046860 -0.000024
55 0.000000 -0.052857 0.000029
56 0.000000 -0.045815 -0.000023
57 0.000000 -0.044249 -0.000026
58 0.000000 -0.051129 0.000034
59 0.000000 -0.049983 0.000013
60 0.000000 -0.049124 -0.000010
61 0.000000 -0.056187 0.000039
62 0.000000 -0.053762 0.000029
63 0.000000 -0.047603 -0.000006
64 0.000000 -0.051726 0.000027
65 0.000000 -0.051654 0.000010
66 0.000000 -0.049290 -0.000021
67 0.000000 -0.048579 -0.000023
68 0.000000 -0.049476 0.000019
69 0.000000 -0.046618 0.000046
70 0.000000 -0.019645 -0.000028
71 0.000000 0.012075 -0.000003
72 0.000000 -0.048813 0.000051
73 0.000000 -0.192984 -0.000008
element 16
poly 0 1 2 3 4 5 6 7 8 9 10 11 12 13 14 15 16 17 18 19 20 21 22 23 24 25 26 27 28 29 30 31 32 33 34 35 36 37 38 39 40 41 42 43 44 45 46 47 48 49 50 51 52 53 54 55 56 57 58 59 60 61 62 63 64 65 66 67 68 69 70 71 72 73
exp
0 0.000000 -0.003341 -0.000036
1 0.000000 0.177671 0.000068
2 0.000000 0.264675 0.000025
3 0.000000 0.238288 -0.000002
4 0.000000 0.198236 0.000004
5 0.000000 0.168454 -0.000017
6 0.000000 0.143408 -0.000041
7 0.000000 0.119231 -0.000005
8 0.000000 0.091418 0.000062
9 0.000000 0.074560 0.000033
10 0.000000 0.064461 -0.000001
11 0.000000 0.049892 0.000011
12 0.000000 0.034111 0.000003
13 0.000000 0.019449 -0.000014
14 0.000000 -0.000969 0.000027
15 0.000000 -0.010408 -0.000025
16 0.000000 -0.026577 0.000003
17 0.000000 -0.045837 0.000036
18 0.000000 -0.059957 -0.000001
19 0.000000 -0.072000 0.000004
20 0.000000 -0.075155 0.000018
21 0.000000 -0.067395 -0.000006
22 0.000000 -0.064500 -0.000020
23 0.000000 -0.064372 0.000009
24 0.000000 -0.058528 0.000034
25 0.000000 -0.054394 -0.000015
26 0.000000 -0.060654 -0.000004
27 0.000000 -0.062782 0.000017
28 0.000000 -0.062771 0.000000
29 0.000000 -0.071238 0.000049
30 0.000000 -0.066205 -0.000003
31 0.000000 -0.060192 -0.000053
32 0.000000 -0.065364 0.000011
33 0.000000 -0.070684 0.000066
34 0.000000 -0.064999 0.000006
35 0.000000 -0.058107 -0.000050
36 0.000000 -0.060591 -0.000021
37 0.000000 -0.062035 -0.000001
38 0.000000 -0.061883 0.000001
39 0.000000 -0.065718 0.000018
40 0.000000 -0.064160 -0.000002
41 0.000000 -0.066684 0.000026
42 0.000000 -0.061738 -0.000029
43 0.000000 -0.059160 -0.000051
44 0.000000 -0.065808 0.000030
45 0.000000 -0.068931 0.000068
46 0.000000 -0.060727 -0.000019
47 0.000000 -0.058664 -0.000046
48 0.000000 -0.066126 0.000032
49 0.000000 -0.062123 -0.000000
50 0.000000 -0.059710 -0.000035
51 0.000000 -0.069199 0.000045
52 0.000000 -0.061008 -0.000023
53 0.000000 -0.064537 0.000006
54 0.000000 -0.071678 0.000061
55 0.000000 -0.058895 -0.000051
56 0.000000 -0.062445 -0.000007
57 0.000000 -0.063260 0.000004
58 0.000000 -0.062356 -0.000010
59 0.000000 -0.066638 0.000019
60 0.000000 -0.066315 0.000007
61 0.000000 -0.062254 -0.000020
62 0.000000 -0.064568 0.000015
63 0.000000 -0.064550 0.000005
64 0.000000 -0.066402 0.000010
65 0.000000 -0.061746 -0.000021
66 0.000000 -0.061248 -0.000014
67 0.000000 -0.063582 -0.000008
68 0.000000 -0.060676 0.000008
69 0.000000 -0.051231 -0.000002
70 0.000000 -0.030640 0.000020
71 0.000000 0.016258 -0.000008
72 0.000000 -0.056074 0.000001
73 0.000000 -0.252182 0.000033
element 17
poly 0 1 2 3 4 5 6 7 8 9 10 11 12 13 14 15 16 17 18 19 20 21 22 23 24 25 26 27 28 29 30 31 32 33 34 35 36 37 38 39 40 41 42 43 44 45 46 47 48 49 50 51 52 53 54 55 56 57 58 59 60 61 62 63 64 65 66 67 68 69 70 71 72 73
exp
0 0.000000 -0.011095 0.000014
1 0.000000 0.199775 -0.000006
2 0.000000 0.290168 -0.000003
3 0.000000 0.259800 0.000007
4 0.000000 0.223454 -0.000040
5 0.000000 0.183939 0.000001
6 0.000000 0.146120 0.000054
7 0.000000 0.130086 -0.000007
8 0.000000 0.107808 0.000029
9 0.000000 0.086240 0.000033
10 0.000000 0.069526 0.000005
11 0.000000 0.054972 -0.000021
12 0.000000 0.039182 -0.000032
13 0.000000 0.016330 0.000016
14 0.000000 0.002814 -0.000006
15 0.000000 -0.009412 -0.000027
16 0.000000 -0.032682 0.000039
17 0.000000 -0.049476 0.000020
18 0.000000 -0.064462 -0.000026
19 0.000000 -0.078496 0.000001
20 0.000000 -0.081982 0.000023
21 0.000000 -0.071297 -0.000023
22 0.000000 -0.068367 -0.000037
23 0.000000 -0.070033 0.000012
24 0.000000 -0.062403 0.000016
25 0.000000 -0.070317 0.000052
26 0.000000 -0.072103 0.000018
27 0.000000 -0.062580 -0.000066
28 0.000000 -0.065468 -0.000047
29 0.000000 -0.078410 0.000063
30 0.000000 -0.074416 0.000036
31 0.000000 -0.064196 -0.000050
32 0.000000 -0.068647 -0.000013
33 0.000000 -0.075266 0.000044
34 0.000000 -0.071315 0.000029
35 0.000000 -0.064655 -0.000010
36 0.000000 -0.068515 0.000010
37 0.000000 -0.072113 0.000026
38 0.000000 -0.064239 -0.000040
39 0.000000 -0.069080 -0.000003
40 0.000000 -0.071283 0.000008
41 0.000000 -0.066080 -0.000027
42 0.000000 -0.064340 -0.000024
43 0.000000 -0.072857 0.000054
44 0.000000 -0.067828 -0.000007
45 0.000000 -0.068374 -0.000016
46 0.000000 -0.068241 -0.000020
47 0.000000 -0.069908 -0.000001
48 0.000000 -0.075246 0.000038
49 0.000000 -0.072143 0.000018
50 0.000000 -0.059462 -0.000082
51 0.000000 -0.069247 0.000004
52 0.000000 -0.076385 0.000069
53 0.000000 -0.070840 0.000019
54 0.000000 -0.071645 0.000008
55 0.000000 -0.070408 -0.000007
56 0.000000 -0.069863 -0.000004
57 0.000000 -0.064028 -0.000049
58 0.000000 -0.065028 -0.000015
59 0.000000 -0.070618 0.000038
60 0.000000 -0.070748 0.000011
61 0.000000 -0.070915 -0.000014
62 0.000000 -0.073474 0.000014
63 0.000000 -0.071772 0.000016
64 0.000000 -0.070028 -0.000003
65 0.000000 -0.070453 0.000010
66 0.000000 -0.067875 -0.000006
67 0.000000 -0.066436 -0.000040
68 0.000000 -0.067515 -0.000004
69 0.000000 -0.063170 0.000039
70 0.000000 -0.033254 0.000011
71 0.000000 0.023226 -0.000066
72 0.000000 -0.062746 0.000009
73 0.000000 -0.277654 0.000060
element 18
poly 0 1 2 3 4 5 6 7 8 9 10 11 12 13 14 15 16 17 18 19 20 21 22 23 24 25 26 27 28 29 30 31 32 33 34 35 36 37 38 39 40 41 42 43 44 45 46 47 48 49 50 51 52 53 54 55 56 57 58 59 60 61 62 63 64 65 66 67 68 69 70 71 72 73
exp
0 0.000000 -0.005064 -0.000025
1 0.000000 0.179299 -0.000031
2 0.000000 0.253978 0.000007
3 0.000000 0.223711 0.000032
4 0.000000 0.187244 0.000021
5 0.000000 0.158657 -0.000005
6 0.000000 0.132060 -0.000011
7 0.000000 0.111892 0.000001
8 0.000000 0.097447 -0.000020
9 0.000000 0.076877 -0.000001
10 0.000000 0.058469 0.000036
11 0.000000 0.048052 0.000011
12 0.000000 0.037369 -0.000027
13 0.000000 0.015206 0.000020
14 0.000000 -0.000187 0.000011
15 0.000000 -0.011809 -0.000006
16 0.000000 -0.027516 0.000012
17 0.000000 -0.038126 -0.000036
18 0.000000 -0.050862 -0.000066
19 0.000000 -0.073395 0.000057
20 0.000000 -0.064525 -0.000030
21 0.000000 -0.061330 -0.000028
22 0.000000 -0.070327 0.000061
23 0.000000 -0.057485 -0.000026
24 0.000000 -0.052199 -0.000003
25 0.000000 -0.055248 0.000011
26 0.000000 -0.058885 -0.000007
27 0.000000 -0.059833 -0.000009
28 0.000000 -0.062222 -0.000000
29 0.000000 -0.060499 -0.000032
30 0.000000 -0.059934 -0.000027
31 0.000000 -0.061644 0.000018
32 0.000000 -0.066189 0.000066
33 0.000000 -0.061123 0.000001
34 0.000000 -0.060775 -0.000008
35 0.000000 -0.059438 -0.000015
36 0.000000 -0.059765 -0.000014
37 0.000000 -0.064264 0.000032
38 0.000000 -0.062445 0.000024
39 0.000000 -0.053790 -0.000058
40 0.000000 -0.057525 -0.000032
41 0.000000 -0.069119 0.000072
42 0.000000 -0.058525 -0.000032
43 0.000000 -0.054741 -0.000066
44 0.000000 -0.062142 0.000019
45 0.000000 -0.061895 0.000033
46 0.000000 -0.060790 0.000012
47 0.000000 -0.064356 0.000023
48 0.000000 -0.063440 0.000018
49 0.000000 -0.057106 -0.000031
50 0.000000 -0.058853 -0.000013
51 0.000000 -0.064054 0.000034
52 0.000000 -0.062934 0.000020
53 0.000000 -0.053695 -0.000054
54 0.000000 -0.055948 -0.000034
55 0.000000 -0.064631 0.000040
56 0.000000 -0.070010 0.000095
57 0.000000 -0.057027 -0.000028
58 0.000000 -0.053467 -0.000066
59 0.000000 -0.060379 -0.000006
60 0.000000 -0.059587 0.000002
61 0.000000 -0.061269 0.000032
62 0.000000 -0.064291 0.000042
63 0.000000 -0.066794 0.000049
64 0.000000 -0.060043 -0.000012
65 0.000000 -0.058241 -0.000023
66 0.000000 -0.060322 0.000005
67 0.000000 -0.061542 0.000007
68 0.000000 -0.056066 -0.000024
69 0.000000 -0.053170 0.000004
70 0.000000 -0.035802 0.000051
71 0.000000 0.012681 0.000011
72 0.000000 -0.049570 -0.000021
73 0.000000 -0.233087 -0.000018
element 19
poly 0 1 2 3 4 5 6 7 8 9 10 11 12 13 14 15 16 17 18 19 20 21 22 23 24 25 26 27 28 29 30 31 32 33 34 35 36 37 38 39 40 41 42 43 44 45 46 47 48 49 50 51 52 53 54 55 56 57 58 59 60 61 62 63 64 65 66 67 68 69 70 71 72 73
exp
0 0.000000 -0.013148 0.000042
1 0.000000 0.183876 0.000048
2 0.000000 0.277161 -0.000034
3 0.000000 0.249630 -0.000058
4 0.000000 0.204304 -0.000001
5 0.000000 0.169462 0.000021
6 0.000000 0.142063 -0.000017
7 0.000000 0.115154 0.000018
8 0.000000 0.097862 0.000022
9 0.000000 0.084531 0.000001
10 0.000000 0.071983 -0.000025
11 0.000000 0.052285 0.000000
12 0.000000 0.033505 0.000006
13 0.000000 0.015517 0.000030
14 0.000000 0.004956 -0.000005
15 0.000000 -0.008809 -0.000042
16 0.000000 -0.028810 -0.000002
17 0.000000 -0.040912 -0.000008
18 0.000000 -0.060108 0.000013
19 0.000000 -0.073080 0.000015
20 0.000000 -0.071742 -0.000010
21 0.000000 -0.064664 -0.000021
22 0.000000 -0.067446 0.000001
23 0.000000 -0.073969 0.000071
24 0.000000 -0.065831 0.000079
25 0.000000 -0.051396 -0.000059
26 0.000000 -0.059992 -0.000063
27 0.000000 -0.074291 0.000020
28 0.000000 -0.073501 0.000050
29 0.000000 -0.054415 -0.000079
30 0.000000 -0.059666 -0.000048
31 0.000000 -0.073262 0.000059
32 0.000000 -0.070302 0.000056
33 0.000000 -0.060978 -0.000027
34 0.000000 -0.064404 -0.000012
35 0.000000 -0.065421 -0.000007
36 0.000000 -0.068839 0.000035
37 0.000000 -0.066965 0.000027
38 0.000000 -0.058952 -0.000042
39 0.000000 -0.065017 0.000015
40 0.000000 -0.069734 0.000054
41 0.000000 -0.063270 -0.000016
42 0.000000 -0.064579 -0.000015
43 0.000000 -0.069063 0.000022
44 0.000000 -0.069218 0.000022
45 0.000000 -0.065855 -0.000006
46 0.000000 -0.062757 -0.000021
47 0.000000 -0.067461 0.000028
48 0.000000 -0.068715 0.000044
49 0.000000 -0.060646 -0.000048
50 0.000000 -0.064153 -0.000021
51 0.000000 -0.068466 0.000043
52 0.000000 -0.060727 -0.000029
53 0.000000 -0.064886 -0.000011
54 0.000000 -0.070418 0.000028
55 0.000000 -0.066076 -0.000005
56 0.000000 -0.059725 -0.000049
57 0.000000 -0.066016 0.000012
58 0.000000 -0.067033 0.000018
59 0.000000 -0.064632 -0.000008
60 0.000000 -0.070676 0.000045
61 0.000000 -0.068096 0.000037
62 0.000000 -0.059827 -0.000029
63 0.000000 -0.066247 0.000014
64 0.000000 -0.070051 0.000037
65 0.000000 -0.065612 -0.000004
66 0.000000 -0.066286 -0.000005
67 0.000000 -0.064710 -0.000010
68 0.000000 -0.060553 -0.000004
69 0.000000 -0.054076 -0.000001
70 0.000000 -0.034319 0.000022
71 0.000000 0.009573 0.000031
72 0.000000 -0.057037 -0.000014
73 0.000000 -0.252123 -0.000018
element 20
poly 0 1 2 3 4 5 6 7 8 9 10 11 12 13 14 15 16 17 18 19 20 21 22 23 24 25 26 27 28 29 30 31 32 33 34 35 36 37 38 39 40 41 42 43 44 45 46 47 48 49 50 51 52 53 54 55 56 57 58 59 60 61 62 63 64 65 66 67 68 69 70 71 72 73
exp
0 0.000000 -0.008659 0.000004
1 0.000000 0.180219 0.000059
2 0.000000 0.273372 -0.000016
3 0.000000 0.247650 -0.000052
4 0.000000 0.199538 -0.000007
5 0.000000 0.161704 0.000031
6 0.000000 0.138005 0.000010
7 0.000000 0.115271 0.000034
8 0.000000 0.107581 -0.000059
9 0.000000 0.087295 -0.000050
10 0.000000 0.061034 0.000026
11 0.000000 0.043826 0.000040
12 0.000000 0.034166 -0.000006
13 0.000000 0.021097 -0.000027
14 0.000000 0.002519 -0.000002
15 0.000000 -0.015177 0.000015
16 0.000000 -0.029711 0.000015
17 0.000000 -0.042685 -0.000011
18 0.000000 -0.060128 -0.000004
19 0.000000 -0.071818 -0.000003
20 0.000000 -0.072779 -0.000006
21 0.000000 -0.070368 0.000040
22 0.000000 -0.066175 0.000014
23 0.000000 -0.063583 -0.000017
24 0.000000 -0.059436 0.000015
25 0.000000 -0.055511 -0.000006
26 0.000000 -0.058189 -0.000026
27 0.000000 -0.060300 -0.000032
28 0.000000 -0.062595 -0.000016
29 0.000000 -0.059554 -0.000029
30 0.000000 -0.069469 0.000052
31 0.000000 -0.071435 0.000043
32 0.000000 -0.066449 0.000015
33 0.000000 -0.061737 -0.000012
34 0.000000 -0.059740 -0.000042
35 0.000000 -0.061879 -0.000020
36 0.000000 -0.064888 0.000003
37 0.000000 -0.063379 -0.000011
38 0.000000 -0.060458 -0.000024
39 0.000000 -0.062866 -0.000012
40 0.000000 -0.064188 0.000007
41 0.000000 -0.062037 -0.000003
42 0.000000 -0.064904 0.000013
43 0.000000 -0.066808 0.000019
44 0.000000 -0.060864 -0.000038
45 0.000000 -0.060852 -0.000035
46 0.000000 -0.068040 0.000023
47 0.000000 -0.065835 0.000008
48 0.000000 -0.064945 0.000017
49 0.000000 -0.068476 0.000047
50 0.000000 -0.059961 -0.000036
51 0.000000 -0.060955 -0.000019
52 0.000000 -0.062163 0.000000
53 0.000000 -0.063256 0.000003
54 0.000000 -0.063201 -0.000010
55 0.000000 -0.062827 -0.000027
56 0.000000 -0.067707 0.000019
57 0.000000 -0.065568 0.000013
58 0.000000 -0.063451 -0.000001
59 0.000000 -0.069405 0.000056
60 0.000000 -0.062301 0.000002
61 0.000000 -0.058468 -0.000024
62 0.000000 -0.062977 0.000010
63 0.000000 -0.065723 0.000014
64 0.000000 -0.063798 -0.000015
65 0.000000 -0.066262 0.000017
66 0.000000 -0.060345 -0.000030
67 0.000000 -0.065490 0.000018
68 0.000000 -0.062985 0.000024
69 0.000000 -0.053014 -0.000017
70 0.000000 -0.028693 -0.000019
71 0.000000 0.011651 0.000035
72 0.000000 -0.061010 0.000056
73 0.000000 -0.250071 0.000009
element 21
poly 0 1 2 3 4 5 6 7 8 9 10 11 12 13 14 15 16 17 18 19 20 21 22 23 24 25 26 27 28 29 30 31 32 33 34 35 36 37 38 39 40 41 42 43 44 45 46 47 48 49 50 51 52 53 54 55 56 57 58 59 60 61 62 63 64 65 66 67 68 69 70 71 72 73
exp
0 0.000000 -0.009949 0.000013
1 0.000000 0.205982 -0.000009
2 0.000000 0.294985 0.000002
3 0.000000 0.255587 0.000038
4 0.000000 0.218795 -0.000036
5 0.000000 0.184494 -0.000012
6 0.000000 0.151628 0.000026
7 0.000000 0.128322 0.000011
8 0.000000 0.109680 0.000004
9 0.000000 0.097830 -0.000061
10 0.000000 0.071576 0.000007
11 0.000000 0.052260 0.000028
12 0.000000 0.034319 0.000034
13 0.000000 0.017227 0.000009
14 0.000000 0.000328 -0.000004
15 0.000000 -0.016639 0.000014
16 0.000000 -0.028517 -0.000007
17 0.000000 -0.046263 -0.000014
18 0.000000 -0.066846 -0.000005
19 0.000000 -0.078620 0.000002
20 0.000000 -0.079758 -0.000003
21 0.000000 -0.077965 0.000031
22 0.000000 -0.077027 0.000047
23 0.000000 -0.066420 -0.000016
24 0.000000 -0.054655 -0.000038
25 0.000000 -0.063096 0.000026
26 0.000000 -0.070114 0.000008
27 0.000000 -0.068718 -0.000029
28 0.000000 -0.072544 0.000022
29 0.000000 -0.072640 0.000028
30 0.000000 -0.074024 0.000021
31 0.000000 -0.072743 0.000010
32 0.000000 -0.063119 -0.000050
33 0.000000 -0.072887 0.000043
34 0.000000 -0.073734 0.000043
35 0.000000 -0.060949 -0.000063
36 0.000000 -0.067228 -0.000019
37 0.000000 -0.072684 0.000020
38 0.000000 -0.069925 -0.000008
39 0.000000 -0.078825 0.000054
40 0.000000 -0.080027 0.000063
41 0.000000 -0.065852 -0.000041
42 0.000000 -0.063133 -0.000053
43 0.000000 -0.065220 -0.000038
44 0.000000 -0.071306 0.000014
45 0.000000 -0.070184 0.000022
46 0.000000 -0.069764 0.000011
47 0.000000 -0.075321 0.000047
48 0.000000 -0.071024 0.000007
49 0.000000 -0.070300 -0.000007
50 0.000000 -0.063886 -0.000079
51 0.000000 -0.072315 0.000000
52 0.000000 -0.074820 0.000048
53 0.000000 -0.066089 -0.000019
54 0.000000 -0.068754 -0.000009
55 0.000000 -0.080347 0.000083
56 0.000000 -0.072863 0.000035
57 0.000000 -0.067093 -0.000004
58 0.000000 -0.069419 -0.000010
59 0.000000 -0.067286 -0.000042
60 0.000000 -0.073054 0.000016
61 0.000000 -0.075898 0.000048
62 0.000000 -0.065979 -0.000034
63 0.000000 -0.064784 -0.000015
64 0.000000 -0.071321 0.000039
65 0.000000 -0.075188 0.000040
66 0.000000 -0.068221 -0.000035
67 0.000000 -0.066602 -0.000053
68 0.000000 -0.068601 0.000012
69 0.000000 -0.062243 0.000045
70 0.000000 -0.029848 0.000002
71 0.000000 0.022561 -0.000031
72 0.000000 -0.062149 0.000014
73 0.000000 -0.276676 0.000031
element 22
poly 0 1 2 3 4 5 6 7 8 9 10 11 12 13 14 15 16 17 18 19 20 21 22 23 24 25 26 27 28 29 30 31 32 33 34 35 36 37 38 39 40 41 42 43 44 45 46 47 48 49 50 51 52 53 54 55 56 57 58 59 60 61 62 63 64 65 66 67 68 69 70 71 72 73
exp
0 0.000000 -0.009752 -0.000010
1 0.000000 0.203597 0.000041
2 0.000000 0.297137 0.000066
3 0.000000 0.279659 -0.000050
4 0.000000 0.237237 -0.000059
5 0.000000 0.189218 0.000039
6 0.000000 0.154225 0.000042
7 0.000000 0.135225 -0.000010
8 0.000000 0.120841 -0.000046
9 0.000000 0.095622 -0.000006
10 0.000000 0.077930 -0.000034
11 0.000000 0.057931 -0.000015
12 0.000000 0.031692 0.000066
13 0.000000 0.025244 -0.000036
14 0.000000 0.004833 -0.000008
15 0.000000 -0.018463 0.000039
16 0.000000 -0.032315 0.000004
17 0.000000 -0.050642 -0.000011
18 0.000000 -0.068282 -0.000034
19 0.000000 -0.085162 0.000024
20 0.000000 -0.086201 0.000020
21 0.000000 -0.076628 -0.000017
22 0.000000 -0.076612 -0.000000
23 0.000000 -0.078090 0.000029
24 0.000000 -0.067027 0.000023
25 0.000000 -0.057876 -0.000038
26 0.000000 -0.067122 -0.000005
27 0.000000 -0.073648 0.000021
28 0.000000 -0.070783 -0.000030
29 0.000000 -0.078139 0.000025
30 0.000000 -0.079822 0.000036
31 0.000000 -0.070778 -0.000034
32 0.000000 -0.073854 0.000013
33 0.000000 -0.072248 -0.000004
34 0.000000 -0.072069 -0.000016
35 0.000000 -0.074840 0.000012
36 0.000000 -0.074307 0.000010
37 0.000000 -0.066316 -0.000056
38 0.000000 -0.071812 0.000009
39 0.000000 -0.076187 0.000060
40 0.000000 -0.067763 -0.000026
41 0.000000 -0.073581 -0.000003
42 0.000000 -0.081687 0.000057
43 0.000000 -0.070250 -0.000020
44 0.000000 -0.065087 -0.000038
45 0.000000 -0.070751 0.000012
46 0.000000 -0.072528 0.000007
47 0.000000 -0.069950 -0.000023
48 0.000000 -0.072720 0.000007
49 0.000000 -0.073000 -0.000006
50 0.000000 -0.078028 0.000031
51 0.000000 -0.075151 0.000022
52 0.000000 -0.073969 0.000020
53 0.000000 -0.069515 -0.000021
54 0.000000 -0.066279 -0.000043
55 0.000000 -0.071632 0.000007
56 0.000000 -0.079192 0.000063
57 0.000000 -0.072298 -0.000011
58 0.000000 -0.069001 -0.000035
59 0.000000 -0.078711 0.000049
60 0.000000 -0.073003 -0.000018
61 0.000000 -0.073991 -0.000010
62 0.000000 -0.076203 0.000012
63 0.000000 -0.075951 0.000004
64 0.000000 -0.080332 0.000046
65 0.000000 -0.072968 -0.000019
66 0.000000 -0.067431 -0.000057
67 0.000000 -0.073942 0.000018
68 0.000000 -0.068891 0.000004
69 0.000000 -0.059203 -0.000040
70 0.000000 -0.040477 0.000032
71 0.000000 0.009393 0.000071
72 0.000000 -0.057880 -0.000043
73 0.000000 -0.276340 -0.000057
element 23
poly 0 1 2 3 4 5 6 7 8 9 10 11 12 13 14 15 16 17 18 19 20 21 22 23 24 25 26 27 28 29 30 31 32 33 34 35 36 37 38 39 40 41 42 43 44 45 46 47 48 49 50 51 52 53 54 55 56 57 58 59 60 61 62 63 64 65 66 67 68 69 70 71 72 73
exp
0 0.000000 -0.007608 -0.000016
1 0.000000 0.187427 0.000036
2 0.000000 0.283498 -0.000037
3 0.000000 0.250515 -0.000024
4 0.000000 0.201263 0.000034
5 0.000000 0.171873 0.000015
6 0.000000 0.147692 -0.000017
7 0.000000 0.125789 -0.000012
8 0.000000 0.105926 0.000011
9 0.000000 0.085442 0.000025
10 0.000000 0.072083 -0.000017
11 0.000000 0.051010 0.000030
12 0.000000 0.038697 -0.000009
13 0.000000 0.021643 -0.000028
14 0.000000 0.001286 0.000007
15 0.000000 -0.013063 0.000005
16 0.000000 -0.025617 -0.000026
17 0.000000 -0.041045 -0.000043
18 0.000000 -0.070529 0.000060
19 0.000000 -0.081328 0.000052
20 0.000000 -0.074002 -0.000021
21 0.000000 -0.067674 -0.000014
22 0.000000 -0.065257 -0.000017
23 0.000000 -0.065312 -0.000012
24 0.000000 -0.063378 0.000020
25 0.000000 -0.062325 0.000017
26 0.000000 -0.062567 -0.000022
27 0.000000 -0.065755 -0.000027
28 0.000000 -0.075017 0.000055
29 0.000000 -0.067053 -0.000006
30 0.000000 -0.065266 -0.000015
31 0.000000 -0.067703 0.000010
32 0.000000 -0.066582 0.000008
33 0.000000 -0.066354 0.000007
34 0.000000 -0.059596 -0.000056
35 0.000000 -0.065094 -0.000011
36 0.000000 -0.076778 0.000075
37 0.000000 -0.061553 -0.000066
38 0.000000 -0.060538 -0.000072
39 0.000000 -0.076173 0.000063
40 0.000000 -0.073278 0.000054
41 0.000000 -0.062219 -0.000037
42 0.000000 -0.068709 0.000018
43 0.000000 -0.068936 0.000020
44 0.000000 -0.069320 0.000022
45 0.000000 -0.067029 0.000015
46 0.000000 -0.063258 -0.000018
47 0.000000 -0.068653 0.000012
48 0.000000 -0.066758 -0.000009
49 0.000000 -0.066944 0.000010
50 0.000000 -0.068340 0.000021
51 0.000000 -0.068394 0.000005
52 0.000000 -0.070535 0.000026
53 0.000000 -0.066595 0.000005
54 0.000000 -0.062482 -0.000026
55 0.000000 -0.066502 0.000009
56 0.000000 -0.064670 -0.000006
57 0.000000 -0.066075 -0.000004
58 0.000000 -0.066512 -0.000002
59 0.000000 -0.065121 -0.000005
60 0.000000 -0.065669 0.000005
61 0.000000 -0.064411 0.000001
62 0.000000 -0.059573 -0.000046
63 0.000000 -0.074912 0.000071
64 0.000000 -0.067528 -0.000005
65 0.000000 -0.059278 -0.000059
66 0.000000 -0.063088 -0.000006
67 0.000000 -0.068255 0.000025
68 0.000000 -0.064364 0.000002
69 0.000000 -0.058645 -0.000006
70 0.000000 -0.033386 -0.000014
71 0.000000 0.012742 0.000013
72 0.000000 -0.054109 -0.000038
73 0.000000 -0.257756 -0.000016
element 24
poly 0 1 2 3 4 5 6 7 8 9 10 11 12 13 14 15 16 17 18 19 20 21 22 23 24 25 26 27 28 29 30 31 32 33 34 35 36 37 38 39 40 41 42 43 44 45 46 47 48 49 50 51 52 53 54 55 56 57 58 59 60 61 62 63 64 65 66 67 68 69 70 71 72 73
exp
0 0.000000 -0.009498 0.000004
1 0.000000 0.181623 0.000019
2 0.000000 0.268456 -0.000006
3 0.000000 0.245597 -0.000044
4 0.000000 0.197649 0.000036
5 0.000000 0.167237 0.000021
6 0.000000 0.140551 0.000022
7 0.000000 0.119649 0.000010
8 0.000000 0.102362 -0.000016
9 0.000000 0.083488 -0.000015
10 0.000000 0.066054 -0.000001
11 0.000000 0.052071 -0.000015
12 0.000000 0.033050 0.000004
13 0.000000 0.019302 -0.000015
14 0.000000 0.003473 -0.000014
15 0.000000 -0.011683 -0.000004
16 0.000000 -0.024250 0.000002
17 0.000000 -0.046182 0.000046
18 0.000000 -0.060786 0.000006
19 0.000000 -0.071125 -0.000019
20 0.000000 -0.081336 0.000045
21 0.000000 -0.070224 0.000006
22 0.000000 -0.066183 -0.000006
23 0.000000 -0.060364 -0.000040
24 0.000000 -0.054249 -0.000019
25 0.000000 -0.060805 0.000048
26 0.000000 -0.060648 0.000006
27 0.000000 -0.060740 -0.000027
28 0.000000 -0.069487 0.000011
29 0.000000 -0.068511 0.000006
30 0.000000 -0.063093 0.000000
31 0.000000 -0.061991 -0.000001
32 0.000000 -0.069443 0.000042
33 0.000000 -0.064899 -0.000009
34 0.000000 -0.061385 -0.000031
35 0.000000 -0.069561 0.000056
36 0.000000 -0.065136 0.000019
37 0.000000 -0.059838 -0.000028
38 0.000000 -0.061353 -0.000016
39 0.000000 -0.064774 0.000001
40 0.000000 -0.067996 0.000033
41 0.000000 -0.063961 -0.000002
42 0.000000 -0.062047 -0.000042
43 0.000000 -0.072058 0.000048
44 0.000000 -0.068145 0.000042
45 0.000000 -0.055638 -0.000062
46 0.000000 -0.060336 -0.000037
47 0.000000 -0.071240 0.000050
48 0.000000 -0.070484 0.000030
49 0.000000 -0.067029 -0.000000
50 0.000000 -0.061577 -0.000026
51 0.000000 -0.060091 -0.000039
52 0.000000 -0.069261 0.000034
53 0.000000 -0.065414 0.000020
54 0.000000 -0.058287 -0.000043
55 0.000000 -0.063391 -0.000000
56 0.000000 -0.065291 0.000023
57 0.000000 -0.055935 -0.000073
58 0.000000 -0.069074 0.000033
59 0.000000 -0.073860 0.000079
60 0.000000 -0.059923 -0.000042
61 0.000000 -0.064446 0.000003
62 0.000000 -0.067084 0.000027
63 0.000000 -0.058540 -0.000051
64 0.000000 -0.062759 -0.000003
65 0.000000 -0.065833 0.000021
66 0.000000 -0.062638 -0.000021
67 0.000000 -0.061450 -0.000028
68 0.000000 -0.062049 0.000003
69 0.000000 -0.061312 0.000043
70 0.000000 -0.030428 -0.000012
71 0.000000 0.015621 -0.000003
72 0.000000 -0.057273 0.000020
73 0.000000 -0.244318 -0.000048
element 25
poly 0 1 2 3 4 5 6 7 8 9 10 11 12 13 14 15 16 17 18 19 20 21 22 23 24 25 26 27 28 29 30 31 32 33 34 35 36 37 38 39 40 41 42 43 44 45 46 47 48 49 50 51 52 53 54 55 56 57 58 59 60 61 62 63 64 65 66 67 68 69 70 71 72 73
exp
0 0.000000 -0.279501 0.000783
1 0.000000 0.467346 -0.000072
2 0.000000 0.641610 -0.000114
3 0.000000 0.468180 0.000004
4 0.000000 0.358392 0.000031
5 0.000000 0.279847 0.000123
6 0.000000 0.224210 0.000184
7 0.000000 0.182730 0.000310
8 0.000000 0.171558 0.000270
9 0.000000 0.142416 0.000343
10 0.000000 0.115866 0.000424
11 0.000000 0.104578 0.000451
12 0.000000 0.088967 0.000472
13 0.000000 0.065116 0.000514
14 0.000000 0.046956 0.000554
15 0.000000 0.014986 0.000737
16 0.000000 0.012453 0.000625
17 0.000000 -0.020430 0.000762
18 0.000000 -0.071658 0.000984
19 0.000000 -0.093641 0.001061
20 0.000000 -0.080735 0.000930
21 0.000000 -0.057956 0.000909
22 0.000000 -0.058429 0.000936
23 0.000000 -0.062705 0.000919
24 0.000000 -0.024055 0.000825
25 0.000000 -0.029988 0.000848
26 0.000000 -0.044918 0.000847
27 0.000000 -0.052037 0.000924
28 0.000000 -0.058463 0.000936
29 0.000000 -0.044010 0.000837
30 0.000000 -0.042774 0.000859
31 0.000000 -0.044462 0.000903
32 0.000000 -0.046445 0.000864
33 0.000000 -0.058031 0.000942
34 0.000000 -0.049628 0.000899
35 0.000000 -0.044121 0.000870
36 0.000000 -0.048536 0.000867
37 0.000000 -0.051058 0.000911
38 0.000000 -0.049337 0.000895
39 0.000000 -0.048794 0.000910
40 0.000000 -0.049392 0.000878
41 0.000000 -0.047328 0.000877
42 0.000000 -0.044331 0.000822
43 0.000000 -0.048904 0.000871
44 0.000000 -0.058528 0.000976
45 0.000000 -0.042308 0.000842
46 0.000000 -0.052861 0.000938
47 0.000000 -0.042783 0.000864
48 0.000000 -0.047255 0.000889
49 0.000000 -0.047759 0.000867
50 0.000000 -0.051985 0.000930
51 0.000000 -0.057188 0.000972
52 0.000000 -0.042630 0.000821
53 0.000000 -0.055714 0.000947
54 0.000000 -0.047515 0.000853
55 0.000000 -0.043673 0.000840
56 0.000000 -0.056283 0.000971
57 0.000000 -0.038140 0.000865
58 0.000000 -0.044752 0.000921
59 0.000000 -0.047685 0.000865
60 0.000000 -0.050329 0.000870
61 0.000000 -0.061378 0.000969
62 0.000000 -0.052847 0.000918
63 0.000000 -0.038977 0.000821
64 0.000000 -0.051194 0.000931
65 0.000000 -0.053046 0.000916
66 0.000000 -0.050068 0.000897
67 0.000000 -0.053942 0.000906
68 0.000000 -0.025677 0.000784
69 0.000000 0.006657 0.000713
70 0.000000 0.102022 0.000419
71 0.000000 0.369851 -0.000008
72 0.000000 0.268077 -0.000207
73 0.000000 -0.504685 0.002220
element 26
poly 0 1 2 3 4 5 6 7 8 9 10 11 12 13 14 15 16 17 18 19 20 21 22 23 24 25 26 27 28 29 30 31 32 33 34 35 36 37 38 39 40 41 42 43 44 45 46 47 48 49 50 51 52 53 54 55 56 57 58 59 60 61 62 63 64 65 66 67 68 69 70 71 72 73
exp
0 0.000000 -0.263689 0.000674
1 0.000000 0.431671 -0.000002
2 0.000000 0.610760 -0.000140
3 0.000000 0.446040 0.000002
4 0.000000 0.333294 0.000042
5 0.000000 0.270223 -0.000005
6 0.000000 0.201037 0.000221
7 0.000000 0.175974 0.000243
8 0.000000 0.168848 0.000138
9 0.000000 0.131775 0.000326
10 0.000000 0.119439 0.000317
11 0.000000 0.096602 0.000412
12 0.000000 0.073920 0.000476
13 0.000000 0.058118 0.000405
14 0.000000 0.039047 0.000481
15 0.000000 0.026238 0.000540
16 0.000000 0.008771 0.000590
17 0.000000 -0.023650 0.000720
18 0.000000 -0.064913 0.000868
19 0.000000 -0.073515 0.000800
20 0.000000 -0.084287 0.000912
21 0.000000 -0.062226 0.000841
22 0.000000 -0.052561 0.000781
23 0.000000 -0.055649 0.000776
24 0.000000 -0.027730 0.000777
25 0.000000 -0.020373 0.000664
26 0.000000 -0.052498 0.000821
27 0.000000 -0.043326 0.000732
28 0.000000 -0.047358 0.000764
29 0.000000 -0.054039 0.000811
30 0.000000 -0.044148 0.000757
31 0.000000 -0.050030 0.000839
32 0.000000 -0.041453 0.000728
33 0.000000 -0.046686 0.000767
34 0.000000 -0.055115 0.000817
35 0.000000 -0.045161 0.000749
36 0.000000 -0.048660 0.000811
37 0.000000 -0.041198 0.000749
38 0.000000 -0.045095 0.000756
39 0.000000 -0.049238 0.000796
40 0.000000 -0.042842 0.000750
41 0.000000 -0.051504 0.000834
42 0.000000 -0.045312 0.000772
43 0.000000 -0.051358 0.000841
44 0.000000 -0.042655 0.000731
45 0.000000 -0.045350 0.000762
46 0.000000 -0.042808 0.000765
47 0.000000 -0.039982 0.000706
48 0.000000 -0.054389 0.000822
49 0.000000 -0.054297 0.000819
50 0.000000 -0.047245 0.000770
51 0.000000 -0.044048 0.000749
52 0.000000 -0.050776 0.000800
53 0.000000 -0.044985 0.000779
54 0.000000 -0.042662 0.000731
55 0.000000 -0.052357 0.000833
56 0.000000 -0.040476 0.000738
57 0.000000 -0.038067 0.000737
58 0.000000 -0.046847 0.000816
59 0.000000 -0.045672 0.000782
60 0.000000 -0.045399 0.000743
61 0.000000 -0.054533 0.000828
62 0.000000 -0.050701 0.000802
63 0.000000 -0.037692 0.000724
64 0.000000 -0.047271 0.000805
65 0.000000 -0.048424 0.000773
66 0.000000 -0.047045 0.000760
67 0.000000 -0.046626 0.000758
68 0.000000 -0.035673 0.000741
69 0.000000 -0.003527 0.000677
70 0.000000 0.100597 0.000321
71 0.000000 0.355661 -0.000087
72 0.000000 0.239455 -0.000009
73 0.000000 -0.474829 0.001975
element 27
poly 0 1 2 3 4 5 6 7 8 9 10 11 12 13 14 15 16 17 18 19 20 21 22 23 24 25 26 27 28 29 30 31 32 33 34 35 36 37 38 39 40 41 42 43 44 45 46 47 48 49 50 51 52 53 54 55 56 57 58 59 60 61 62 63 64 65 66 67 68 69 70 71 72 73
exp
0 0.000000 -0.260304 0.000638
1 0.000000 0.438442 0.000042
2 0.000000 0.608914 -0.000098
3 0.000000 0.450943 -0.000065
4 0.000000 0.339899 0.000012
5 0.000000 0.267001 0.000072
6 0.000000 0.213517 0.000110
7 0.000000 0.185747 0.000177
8 0.000000 0.150465 0.000314
9 0.000000 0.126539 0.000298
10 0.000000 0.118022 0.000302
11 0.000000 0.106761 0.000325
12 0.000000 0.081458 0.000413
13 0.000000 0.065690 0.000378
14 0.000000 0.033893 0.000550
15 0.000000 0.023763 0.000510
16 0.000000 0.004594 0.000601
17 0.000000 -0.025148 0.000690
18 0.000000 -0.066572 0.000817
19 0.000000 -0.086470 0.000893
20 0.000000 -0.086778 0.000897
21 0.000000 -0.058387 0.000783
22 0.000000 -0.057340 0.000773
23 0.000000 -0.055997 0.000783
24 0.000000 -0.022826 0.000721
25 0.000000 -0.022694 0.000649
26 0.000000 -0.048522 0.000768
27 0.000000 -0.046466 0.000784
28 0.000000 -0.045160 0.000738
29 0.000000 -0.059144 0.000827
30 0.000000 -0.048598 0.000739
31 0.000000 -0.044676 0.000693
32 0.000000 -0.049249 0.000762
33 0.000000 -0.053738 0.000841
34 0.000000 -0.049534 0.000773
35 0.000000 -0.042479 0.000712
36 0.000000 -0.044318 0.000740
37 0.000000 -0.045474 0.000743
38 0.000000 -0.041351 0.000731
39 0.000000 -0.053110 0.000814
40 0.000000 -0.047706 0.000747
41 0.000000 -0.051112 0.000809
42 0.000000 -0.046078 0.000724
43 0.000000 -0.043442 0.000707
44 0.000000 -0.047556 0.000776
45 0.000000 -0.052634 0.000823
46 0.000000 -0.043824 0.000741
47 0.000000 -0.043546 0.000710
48 0.000000 -0.048723 0.000785
49 0.000000 -0.044080 0.000744
50 0.000000 -0.039586 0.000689
51 0.000000 -0.055558 0.000828
52 0.000000 -0.041167 0.000699
53 0.000000 -0.044246 0.000721
54 0.000000 -0.060185 0.000879
55 0.000000 -0.037590 0.000649
56 0.000000 -0.049173 0.000787
57 0.000000 -0.045671 0.000758
58 0.000000 -0.045471 0.000735
59 0.000000 -0.049871 0.000767
60 0.000000 -0.053314 0.000791
61 0.000000 -0.043032 0.000718
62 0.000000 -0.047835 0.000777
63 0.000000 -0.045198 0.000727
64 0.000000 -0.052392 0.000780
65 0.000000 -0.045558 0.000733
66 0.000000 -0.045226 0.000761
67 0.000000 -0.048252 0.000734
68 0.000000 -0.036518 0.000736
69 0.000000 0.007485 0.000585
70 0.000000 0.092929 0.000363
71 0.000000 0.362400 -0.000111
72 0.000000 0.246706 -0.000106
73 0.000000 -0.487403 0.002080
element 28
poly 0 1 2 3 4 5 6 7 8 9 10 11 12 13 14 15 16 17 18 19 20 21 22 23 24 25 26 27 28 29 30 31 32 33 34 35 36 37 38 39 40 41 42 43 44 45 46 47 48 49 50 51 52 53 54 55 56 57 58 59 60 61 62 63 64 65 66 67 68 69 70 71 72 73
exp
0 0.000000 -0.154260 0.000235
1 0.000000 0.241785 -0.000028
2 0.000000 0.363721 -0.000044
3 0.000000 0.274836 0.000001
4 0.000000 0.206530 -0.000033
5 0.000000 0.151121 0.000067
6 0.000000 0.105734 0.000180
7 0.000000 0.097838 0.000110
8 0.000000 0.082287 0.000178
9 0.000000 0.066868 0.000198
10 0.000000 0.056995 0.000189
11 0.000000 0.049615 0.000189
12 0.000000 0.040526 0.000195
13 0.000000 0.023247 0.000257
14 0.000000 0.015155 0.000255
15 0.000000 0.009085 0.000261
16 0.000000 -0.011241 0.000362
17 0.000000 -0.026287 0.000365
18 0.000000 -0.049058 0.000401
19 0.000000 -0.062862 0.000451
20 0.000000 -0.062880 0.000476
21 0.000000 -0.041949 0.000384
22 0.000000 -0.038948 0.000356
23 0.000000 -0.040869 0.000416
24 0.000000 -0.018731 0.000333
25 0.000000 -0.030449 0.000387
26 0.000000 -0.039499 0.000394
27 0.000000 -0.028939 0.000305
28 0.000000 -0.031858 0.000319
29 0.000000 -0.046596 0.000476
30 0.000000 -0.040959 0.000425
31 0.000000 -0.028306 0.000327
32 0.000000 -0.033621 0.000364
33 0.000000 -0.041786 0.000430
34 0.000000 -0.037370 0.000406
35 0.000000 -0.028933 0.000364
36 0.000000 -0.033739 0.000389
37 0.000000 -0.040215 0.000426
38 0.000000 -0.028884 0.000332
39 0.000000 -0.036261 0.000399
40 0.000000 -0.039178 0.000410
41 0.000000 -0.032606 0.000366
42 0.000000 -0.028496 0.000350
43 0.000000 -0.040048 0.000452
44 0.000000 -0.032333 0.000368
45 0.000000 -0.036754 0.000389
46 0.000000 -0.033086 0.000348
47 0.000000 -0.034806 0.000375
48 0.000000 -0.042100 0.000430
49 0.000000 -0.039212 0.000418
50 0.000000 -0.022978 0.000282
51 0.000000 -0.036086 0.000397
52 0.000000 -0.041617 0.000451
53 0.000000 -0.033199 0.000370
54 0.000000 -0.039160 0.000403
55 0.000000 -0.036609 0.000376
56 0.000000 -0.035390 0.000388
57 0.000000 -0.029408 0.000321
58 0.000000 -0.031047 0.000381
59 0.000000 -0.033920 0.000403
60 0.000000 -0.036375 0.000396
61 0.000000 -0.035866 0.000371
62 0.000000 -0.039726 0.000403
63 0.000000 -0.037083 0.000399
64 0.000000 -0.036418 0.000389
65 0.000000 -0.035295 0.000387
66 0.000000 -0.033399 0.000369
67 0.000000 -0.031997 0.000347
68 0.000000 -0.027894 0.000357
69 0.000000 -0.009142 0.000354
70 0.000000 0.066311 0.000179
71 0.000000 0.234286 -0.000111
72 0.000000 0.125918 0.000047
73 0.000000 -0.280552 0.000703
element 29
poly 0 1 2 3 4 5 6 7 8 9 10 11 12 13 14 15 16 17 18 19 20 21 22 23 24 25 26 27 28 29 30 31 32 33 34 35 36 37 38 39 40 41 42 43 44 45 46 47 48 49 50 51 52 53 54 55 56 57 58 59 60 61 62 63 64 65 66 67 68 69 70 71 72 73
exp
0 0.000000 0.095176 -0.000009
1 0.000000 0.349504 -0.000004
2 0.000000 0.352540 0.000015
3 0.000000 0.229272 0.000029
4 0.000000 0.116148 0.000017
5 0.000000 0.037760 0.000012
6 0.000000 0.014548 -0.000015
7 0.000000 -0.015172 0.000012
8 0.000000 -0.029823 -0.000020
9 0.000000 -0.046931 0.000015
10 0.000000 -0.049855 0.000027
11 0.000000 -0.046316 0.000025
12 0.000000 -0.039851 -0.000031
13 0.000000 -0.044194 0.000035
14 0.000000 -0.039579 -0.000007
15 0.000000 -0.036225 -0.000002
16 0.000000 -0.035259 -0.000020
17 0.000000 -0.034261 -0.000029
18 0.000000 -0.027035 -0.000085
19 0.000000 -0.040658 0.000045
20 0.000000 -0.030001 -0.000050
21 0.000000 -0.033336 -0.000025
22 0.000000 -0.043239 0.000054
23 0.000000 -0.029647 -0.000044
24 0.000000 -0.038019 0.000018
25 0.000000 -0.034930 -0.000011
26 0.000000 -0.035831 -0.000013
27 0.000000 -0.033554 -0.000023
28 0.000000 -0.037546 -0.000001
29 0.000000 -0.035176 -0.000026
30 0.000000 -0.037217 -0.000005
31 0.000000 -0.035230 0.000007
32 0.000000 -0.041878 0.000066
33 0.000000 -0.035980 -0.000006
34 0.000000 -0.038725 0.000009
35 0.000000 -0.035601 -0.000006
36 0.000000 -0.035470 -0.000013
37 0.000000 -0.037248 0.000012
38 0.000000 -0.035902 0.000001
39 0.000000 -0.031770 -0.000042
40 0.000000 -0.033416 -0.000033
41 0.000000 -0.042016 0.000046
42 0.000000 -0.031975 -0.000046
43 0.000000 -0.032876 -0.000031
44 0.000000 -0.037655 0.000022
45 0.000000 -0.036463 0.000018
46 0.000000 -0.038089 0.000018
47 0.000000 -0.041245 0.000030
48 0.000000 -0.040461 0.000032
49 0.000000 -0.033549 -0.000021
50 0.000000 -0.038075 0.000018
51 0.000000 -0.037228 0.000012
52 0.000000 -0.039480 0.000026
53 0.000000 -0.029859 -0.000054
54 0.000000 -0.035767 0.000004
55 0.000000 -0.039069 0.000026
56 0.000000 -0.042305 0.000067
57 0.000000 -0.032604 -0.000031
58 0.000000 -0.032685 -0.000035
59 0.000000 -0.039347 0.000024
60 0.000000 -0.035976 -0.000002
61 0.000000 -0.040503 0.000054
62 0.000000 -0.040994 0.000045
63 0.000000 -0.044026 0.000057
64 0.000000 -0.037416 0.000004
65 0.000000 -0.037741 0.000003
66 0.000000 -0.036632 0.000004
67 0.000000 -0.037136 0.000004
68 0.000000 -0.037312 -0.000007
69 0.000000 -0.039025 0.000014
70 0.000000 -0.042845 0.000051
71 0.000000 -0.042317 -0.000008
72 0.000000 -0.128581 0.000003
73 0.000000 -0.382237 -0.000017
element 30
poly 0 1 2 3 4 5 6 7 8 9 10 11 12 13 14 15 16 17 18 19 20 21 22 23 24 25 26 27 28 29 30 31 32 33 34 35 36 37 38 39 40 41 42 43 44 45 46 47 48 49 50 51 52 53 54 55 56 57 58 59 60 61 62 63 64 65 66 67 68 69 70 71 72
exp 73
0 0.000000 -0.287454 0.000049
1 0.000000 1.161672 -0.000001
2 0.000000 0.977429 -0.000028
3 0.000000 0.667326 -0.000025
4 0.000000 0.527415 -0.000011
5 0.000000 0.267942 0.000034
6 0.000000 0.208842 -0.000064
7 0.000000 0.009119 0.000052
8 0.000000 -0.058638 0.000042
9 0.000000 -0.106701 0.000077
10 0.000000 -0.120594 0.000025
11 0.000000 -0.127222 0.000094
12 0.000000 -0.133121 0.000064
13 0.000000 -0.126058 0.000067
14 0.000000 -0.111504 0.000070
15 0.000000 -0.098601 -0.000007
16 0.000000 -0.123309 0.000109
17 0.000000 -0.094033 -0.000015
18 0.000000 -0.101714 0.000086
19 0.000000 -0.107592 0.000057
20 0.000000 -0.107660 0.000067
21 0.000000 -0.099370 0.000027
22 0.000000 -0.109024 0.000080
23 0.000000 -0.108252 0.000065
24 0.000000 -0.117909 0.000166
25 0.000000 -0.097399 -0.000033
26 0.000000 -0.107316 0.000088
27 0.000000 -0.118274 0.000021
28 0.000000 -0.114535 0.000137
29 0.000000 -0.082048 -0.000080
30 0.000000 -0.104066 0.000076
31 0.000000 -0.113116 0.000061
32 0.000000 -0.102631 0.000118
33 0.000000 -0.096823 -0.000017
34 0.000000 -0.109764 0.000098
35 0.000000 -0.104719 0.000036
36 0.000000 -0.107582 0.000081
37 0.000000 -0.108141 0.000111
38 0.000000 -0.099813 -0.000000
39 0.000000 -0.108502 0.000084
40 0.000000 -0.107176 0.000111
41 0.000000 -0.105484 0.000019
42 0.000000 -0.106539 0.000070
43 0.000000 -0.112412 0.000070
44 0.000000 -0.106983 0.000061
45 0.000000 -0.111543 0.000065
46 0.000000 -0.099136 0.000040
47 0.000000 -0.108002 0.000081
48 0.000000 -0.106137 0.000095
49 0.000000 -0.098584 0.000009
50 0.000000 -0.109772 0.000031
51 0.000000 -0.106884 0.000142
52 0.000000 -0.095067 -0.000035
53 0.000000 -0.111111 0.000090
54 0.000000 -0.107669 0.000045
55 0.000000 -0.109863 0.000080
56 0.000000 -0.098342 -0.000011
57 0.000000 -0.106695 0.000089
58 0.000000 -0.107828 0.000051
59 0.000000 -0.100500 0.000040
60 0.000000 -0.115729 0.000095
61 0.000000 -0.104976 0.000083
62 0.000000 -0.099263 0.000024
63 0.000000 -0.104628 0.000085
64 0.000000 -0.116453 0.000096
65 0.000000 -0.097119 0.000022
66 0.000000 -0.118789 0.000099
67 0.000000 -0.100730 0.000027
68 0.000000 -0.106921 0.000070
69 0.000000 -0.101249 0.000029
70 0.000000 -0.107494 0.000082
71 0.000000 0.005078 0.000019
72 0.000000 0.183575 -0.000202
73 864.821802 0.001500 -0.005483
element 31
poly 1 2 3 4 5 6 7 8 9 10 11 12 13 14 15 16 17 18 19 20 21 22 23 24 25 26 27 28 29 30 31 32 33 34 35 36 37 38 39 40 41 42 43 44 45 46 47 48 49 50 51 52 53 54 55 56 57 58 59 60 61 62 63 64 65 66 67 68 69 70 71 72
exp 0 73
0 498.382517 0.002086 0.121917
1 0.000000 3.485481 0.000144
2 0.000000 2.346699 -0.000057
3 0.000000 1.198447 0.000729
4 0.000000 1.009222 0.000766
5 0.000000 0.463631 0.001724
6 0.000000 0.573837 0.000751
7 0.000000 -0.023271 0.003024
8 0.000000 -0.198801 0.003444
9 0.000000 -0.326979 0.004095
10 0.000000 -0.380166 0.004183
11 0.000000 -0.355766 0.004078
12 0.000000 -0.380992 0.004489
13 0.000000 -0.353272 0.004288
14 0.000000 -0.340435 0.004348
15 0.000000 -0.318005 0.004123
16 0.000000 -0.337804 0.004272
17 0.000000 -0.317673 0.004147
18 0.000000 -0.308432 0.004152
19 0.000000 -0.324140 0.004198
20 0.000000 -0.321059 0.004226
21 0.000000 -0.313089 0.004153
22 0.000000 -0.305292 0.004145
23 0.000000 -0.317788 0.004125
24 0.000000 -0.339265 0.004307
25 0.000000 -0.299046 0.004058
26 0.000000 -0.312426 0.004228
27 0.000000 -0.308906 0.004103
28 0.000000 -0.328496 0.004308
29 0.000000 -0.300714 0.004018
30 0.000000 -0.315916 0.004261
31 0.000000 -0.340671 0.004285
32 0.000000 -0.318898 0.004172
33 0.000000 -0.300330 0.004082
34 0.000000 -0.319897 0.004152
35 0.000000 -0.323011 0.004232
36 0.000000 -0.314667 0.004232
37 0.000000 -0.326641 0.004128
38 0.000000 -0.285407 0.004033
39 0.000000 -0.330610 0.004276
40 0.000000 -0.317640 0.004202
41 0.000000 -0.298849 0.004045
42 0.000000 -0.324878 0.004214
43 0.000000 -0.316873 0.004203
44 0.000000 -0.325493 0.004163
45 0.000000 -0.313665 0.004200
46 0.000000 -0.322018 0.004160
47 0.000000 -0.319756 0.004126
48 0.000000 -0.298120 0.004062
49 0.000000 -0.327226 0.004281
50 0.000000 -0.308356 0.004071
51 0.000000 -0.326296 0.004232
52 0.000000 -0.299637 0.004134
53 0.000000 -0.315222 0.004157
54 0.000000 -0.319597 0.004154
55 0.000000 -0.319677 0.004161
56 0.000000 -0.328637 0.004187
57 0.000000 -0.310057 0.004152
58 0.000000 -0.306726 0.004065
59 0.000000 -0.330592 0.004342
60 0.000000 -0.309782 0.004140
61 0.000000 -0.307899 0.004215
62 0.000000 -0.311065 0.004111
63 0.000000 -0.328663 0.004327
64 0.000000 -0.318789 0.004062
65 0.000000 -0.322573 0.004288
66 0.000000 -0.306031 0.004067
67 0.000000 -0.327016 0.004293
68 0.000000 -0.314579 0.004158
69 0.000000 -0.328270 0.004196
70 0.000000 -0.306609 0.004116
71 0.000000 0.079778 0.001951
72 0.000000 0.799258 -0.009197
73 96.618480 0.089115 0.024725
element 32
poly 1 2 3 4 5 6 7 8 9 10 11 12 13 14 15 16 17 18 19 20 21 22 23 24 25 26 27 28 29 30 31 32 33 34 35 36 37 38 39 40 41 42 43 44 45 46 47 48 49 50 51 52 53 54 55 56 57 58 59 60 61 62 63 64 65 66 67 68 69 70 71 72
exp 0 73
0 568.122726 0.001990 0.209810
1 0.000000 3.491677 -0.000019
2 0.000000 2.330237 0.000017
3 0.000000 1.166646 0.000801
4 0.000000 0.998912 0.000717
5 0.000000 0.496133 0.001652
6 0.000000 0.565484 0.000949
7 0.000000 -0.015762 0.002893
8 0.000000 -0.227108 0.003683
9 0.000000 -0.298341 0.003848
10 0.000000 -0.382435 0.004422
11 0.000000 -0.344947 0.004104
12 0.000000 -0.376689 0.004464
13 0.000000 -0.376908 0.004498
14 0.000000 -0.348012 0.004290
15 0.000000 -0.311798 0.004210
16 0.000000 -0.331602 0.004318
17 0.000000 -0.324252 0.004236
18 0.000000 -0.321587 0.004259
19 0.000000 -0.314610 0.004189
20 0.000000 -0.314528 0.004243
21 0.000000 -0.318207 0.004248
22 0.000000 -0.321296 0.004212
23 0.000000 -0.293502 0.004111
24 0.000000 -0.315147 0.004189
25 0.000000 -0.309706 0.004186
26 0.000000 -0.329256 0.004316
27 0.000000 -0.323317 0.004199
28 0.000000 -0.314619 0.004223
29 0.000000 -0.311651 0.004230
30 0.000000 -0.336799 0.004258
31 0.000000 -0.327514 0.004273
32 0.000000 -0.307467 0.004180
33 0.000000 -0.304292 0.004266
34 0.000000 -0.337094 0.004359
35 0.000000 -0.286035 0.004045
36 0.000000 -0.325408 0.004306
37 0.000000 -0.325615 0.004193
38 0.000000 -0.301237 0.004074
39 0.000000 -0.331664 0.004281
40 0.000000 -0.346703 0.004407
41 0.000000 -0.290381 0.004014
42 0.000000 -0.318783 0.004172
43 0.000000 -0.304601 0.004197
44 0.000000 -0.332161 0.004287
45 0.000000 -0.302720 0.004163
46 0.000000 -0.304992 0.004119
47 0.000000 -0.343284 0.004344
48 0.000000 -0.293624 0.004071
49 0.000000 -0.337271 0.004333
50 0.000000 -0.309379 0.004087
51 0.000000 -0.334050 0.004302
52 0.000000 -0.313356 0.004234
53 0.000000 -0.305661 0.004187
54 0.000000 -0.321625 0.004199
55 0.000000 -0.331707 0.004373
56 0.000000 -0.321958 0.004254
57 0.000000 -0.285626 0.004123
58 0.000000 -0.338826 0.004302
59 0.000000 -0.313329 0.004125
60 0.000000 -0.317062 0.004159
61 0.000000 -0.315861 0.004216
62 0.000000 -0.314256 0.004118
63 0.000000 -0.310415 0.004243
64 0.000000 -0.302665 0.004187
65 0.000000 -0.339337 0.004254
66 0.000000 -0.317073 0.004188
67 0.000000 -0.318989 0.004123
68 0.000000 -0.327898 0.004267
69 0.000000 -0.303169 0.004188
70 0.000000 -0.312872 0.004248
71 0.000000 0.100857 0.001906
72 0.000000 0.778181 -0.009034
73 96.990508 0.085000 0.028849
