element 0
poly 0 1 2 3 4 5 6 7 8 9 10 11 12 13 14 15 16 17 18 19 20 21 22 23 24 25 26 27 28 29 30 31 32 33 34 35 36 37 38 39 40 41 42 43 44 45 46 47 48 49 50 51 52 53 54 55 56 57 58 59 60 61 62 63 64 65 66 67 68 69 70 71 72 73
exp
0 0.000000 0.255300 -0.000064
1 0.000000 0.444318 -0.000140
2 0.000000 0.479745 -0.000104
3 0.000000 0.468917 0.000067
4 0.000000 0.415082 0.000130
5 0.000000 0.389835 0.000119
6 0.000000 0.328531 0.000108
7 0.000000 0.324246 -0.000125
8 0.000000 0.264771 -0.000118
9 0.000000 0.227493 -0.000033
10 0.000000 0.171729 -0.000097
11 0.000000 0.147733 -0.000162
12 0.000000 0.087548 -0.000208
13 0.000000 0.045989 -0.000112
14 0.000000 -0.012229 -0.000087
15 0.000000 -0.038828 -0.000047
16 0.000000 -0.092716 -0.000067
17 0.000000 -0.102326 -0.000179
18 0.000000 -0.146164 -0.000161
19 0.000000 -0.151322 -0.000082
20 0.000000 -0.194580 0.000136
21 0.000000 -0.179783 0.000177
22 0.000000 -0.174766 -0.000091
23 0.000000 -0.158403 -0.000095
24 0.000000 -0.188583 0.000080
25 0.000000 -0.169409 0.000029
26 0.000000 -0.181574 -0.000023
27 0.000000 -0.157580 -0.000098
28 0.000000 -0.180861 -0.000047
29 0.000000 -0.172803 0.000020
30 0.000000 -0.174740 -0.000078
31 0.000000 -0.147508 -0.000146
32 0.000000 -0.154205 -0.000211
33 0.000000 -0.146650 -0.000122
34 0.000000 -0.180399 0.000093
35 0.000000 -0.169316 0.000180
36 0.000000 -0.187209 0.000149
37 0.000000 -0.173047 0.000100
38 0.000000 -0.176011 -0.000043
39 0.000000 -0.165139 -0.000007
40 0.000000 -0.165845 -0.000146
41 0.000000 -0.156058 -0.000088
42 0.000000 -0.191404 0.000052
43 0.000000 -0.167130 -0.000082
44 0.000000 -0.193896 0.000049
45 0.000000 -0.187241 0.000155
46 0.000000 -0.204187 0.000176
47 0.000000 -0.168577 0.000001
48 0.000000 -0.185136 0.000015
49 0.000000 -0.155984 -0.000110
50 0.000000 -0.176646 -0.000080
51 0.000000 -0.191932 0.000198
52 0.000000 -0.185109 0.000022
53 0.000000 -0.161864 -0.000004
54 0.000000 -0.175433 -0.000041
55 0.000000 -0.156935 -0.000086
56 0.000000 -0.189175 0.000099
57 0.000000 -0.163865 0.000036
58 0.000000 -0.191209 0.000119
59 0.000000 -0.177339 0.000106
60 0.000000 -0.186333 0.000044
61 0.000000 -0.171325 0.000064
62 0.000000 -0.185486 0.000042
63 0.000000 -0.163324 -0.000038
64 0.000000 -0.172995 -0.000135
65 0.000000 -0.175069 -0.000003
66 0.000000 -0.195758 0.000060
67 0.000000 -0.167482 -0.000022
68 0.000000 -0.184151 0.000001
69 0.000000 -0.170260 -0.000014
70 0.000000 -0.216974 0.000137
71 0.000000 -0.250746 0.000115
72 0.000000 -0.456623 0.000260
73 0.000000 -0.603552 0.000047
element 1
poly 0 1 2 3 4 5 6 7 8 9 10 11 12 13 14 15 16 17 18 19 20 21 22 23 24 25 26 27 28 29 30 31 32 33 34 35 36 37 38 39 40 41 42 43 44 45 46 47 48 49 50 51 52 53 54 55 56 57 58 59 60 61 62 63 64 65 66 67 68 69 70 71 72 73
exp
0 0.000000 0.248259 0.000148
1 0.000000 0.443606 0.000125
2 0.000000 0.495782 0.000026
3 0.000000 0.502046 0.000042
4 0.000000 0.447968 0.000036
5 0.000000 0.423940 -0.000042
6 0.000000 0.349480 0.000016
7 0.000000 0.319613 0.000002
8 0.000000 0.271948 -0.000141
9 0.000000 0.226057 0.000017
10 0.000000 0.176562 -0.000125
11 0.000000 0.133562 -0.000018
12 0.000000 0.061492 0.000066
13 0.000000 0.018606 0.000219
14 0.000000 -0.040136 0.000184
15 0.000000 -0.034693 -0.000115
16 0.000000 -0.083232 -0.000115
17 0.000000 -0.115325 0.000077
18 0.000000 -0.149534 -0.000027
19 0.000000 -0.133190 -0.000199
20 0.000000 -0.176181 -0.000127
21 0.000000 -0.175103 -0.000051
22 0.000000 -0.186783 -0.000089
23 0.000000 -0.159791 -0.000067
24 0.000000 -0.168139 -0.000070
25 0.000000 -0.163494 0.000012
26 0.000000 -0.195154 0.000075
27 0.000000 -0.161227 -0.000152
28 0.000000 -0.169573 -0.000223
29 0.000000 -0.164325 -0.000083
30 0.000000 -0.187214 -0.000032
31 0.000000 -0.172104 -0.000034
32 0.000000 -0.186095 -0.000084
33 0.000000 -0.156623 -0.000224
34 0.000000 -0.177725 -0.000166
35 0.000000 -0.166755 -0.000083
36 0.000000 -0.194537 0.000027
37 0.000000 -0.172099 -0.000030
38 0.000000 -0.197486 0.000025
39 0.000000 -0.161886 -0.000174
40 0.000000 -0.172499 -0.000193
41 0.000000 -0.161280 -0.000103
42 0.000000 -0.175806 -0.000145
43 0.000000 -0.168516 -0.000087
44 0.000000 -0.205113 0.000093
45 0.000000 -0.185059 0.000064
46 0.000000 -0.198844 0.000009
47 0.000000 -0.189719 0.000046
48 0.000000 -0.209446 0.000078
49 0.000000 -0.198112 0.000128
50 0.000000 -0.220315 0.000158
51 0.000000 -0.187921 -0.000008
52 0.000000 -0.210046 0.000082
53 0.000000 -0.180323 0.000012
54 0.000000 -0.184530 -0.000052
55 0.000000 -0.164066 -0.000036
56 0.000000 -0.178959 -0.000032
57 0.000000 -0.176997 0.000114
58 0.000000 -0.176268 -0.000052
59 0.000000 -0.145604 -0.000186
60 0.000000 -0.173918 -0.000081
61 0.000000 -0.167128 -0.000006
62 0.000000 -0.191583 0.000014
63 0.000000 -0.174922 -0.000037
64 0.000000 -0.211081 0.000136
65 0.000000 -0.215012 0.000315
66 0.000000 -0.209735 0.000121
67 0.000000 -0.187606 0.000096
68 0.000000 -0.190567 -0.000031
69 0.000000 -0.171219 -0.000121
70 0.000000 -0.230787 0.000024
71 0.000000 -0.277379 0.000014
72 0.000000 -0.463989 -0.000072
73 0.000000 -0.636017 -0.000054
element 2
poly 0 1 2 3 4 5 6 7 8 9 10 11 12 13 14 15 16 17 18 19 20 21 22 23 24 25 26 27 28 29 30 31 32 33 34 35 36 37 38 39 40 41 42 43 44 45 46 47 48 49 50 51 52 53 54 55 56 57 58 59 60 61 62 63 64 65 66 67 68 69 70 71 72 73
exp
0 0.000000 0.133273 0.000020
1 0.000000 0.231199 0.000023
2 0.000000 0.254278 0.000036
3 0.000000 0.265194 0.000004
4 0.000000 0.244059 -0.000052
5 0.000000 0.221271 0.000002
6 0.000000 0.195182 -0.000073
7 0.000000 0.180086 -0.000081
8 0.000000 0.137053 -0.000009
9 0.000000 0.123010 -0.000049
10 0.000000 0.088899 -0.000062
11 0.000000 0.060924 0.000037
12 0.000000 0.026286 0.000047
13 0.000000 0.013979 0.000017
14 0.000000 -0.009849 -0.000048
15 0.000000 -0.019288 -0.000075
16 0.000000 -0.059697 0.000048
17 0.000000 -0.066500 0.000026
18 0.000000 -0.085575 -0.000007
19 0.000000 -0.085948 0.000006
20 0.000000 -0.090194 -0.000079
21 0.000000 -0.081497 -0.000073
22 0.000000 -0.091528 -0.000053
23 0.000000 -0.077233 -0.000054
24 0.000000 -0.090180 0.000029
25 0.000000 -0.078595 -0.000000
26 0.000000 -0.088637 -0.000027
27 0.000000 -0.089163 0.000023
28 0.000000 -0.095152 -0.000021
29 0.000000 -0.089376 -0.000005
30 0.000000 -0.103506 0.000031
31 0.000000 -0.083008 -0.000093
32 0.000000 -0.093866 -0.000064
33 0.000000 -0.091901 0.000012
34 0.000000 -0.092509 -0.000050
35 0.000000 -0.080273 -0.000071
36 0.000000 -0.095567 -0.000015
37 0.000000 -0.088002 -0.000015
38 0.000000 -0.102174 0.000020
39 0.000000 -0.091317 -0.000014
40 0.000000 -0.094923 -0.000055
41 0.000000 -0.086087 -0.000053
42 0.000000 -0.100380 -0.000022
43 0.000000 -0.091848 -0.000040
44 0.000000 -0.101767 -0.000024
45 0.000000 -0.094740 -0.000002
46 0.000000 -0.093883 -0.000083
47 0.000000 -0.089573 -0.000034
48 0.000000 -0.096144 -0.000049
49 0.000000 -0.090541 -0.000018
50 0.000000 -0.103545 0.000023
51 0.000000 -0.092274 0.000003
52 0.000000 -0.100882 0.000001
53 0.000000 -0.092104 -0.000000
54 0.000000 -0.088860 -0.000119
55 0.000000 -0.085849 -0.000072
56 0.000000 -0.103097 0.000009
57 0.000000 -0.092815 -0.000007
58 0.000000 -0.099738 -0.000030
59 0.000000 -0.093129 -0.000019
60 0.000000 -0.107120 0.000028
61 0.000000 -0.100310 0.000055
62 0.000000 -0.101189 0.000004
63 0.000000 -0.077493 -0.000112
64 0.000000 -0.090520 -0.000070
65 0.000000 -0.085068 -0.000048
66 0.000000 -0.101193 0.000002
67 0.000000 -0.098137 0.000041
68 0.000000 -0.099224 -0.000005
69 0.000000 -0.078766 -0.000109
70 0.000000 -0.099422 -0.000096
71 0.000000 -0.132084 -0.000012
72 0.000000 -0.252296 0.000127
73 0.000000 -0.344549 0.000118
element 3
poly 0 1 2 3 4 5 6 7 8 9 10 11 12 13 14 15 16 17 18 19 20 21 22 23 24 25 26 27 28 29 30 31 32 33 34 35 36 37 38 39 40 41 42 43 44 45 46 47 48 49 50 51 52 53 54 55 56 57 58 59 60 61 62 63 64 65 66 67 68 69 70 71 72 73
exp
0 0.000000 0.158760 -0.000119
1 0.000000 0.261055 -0.000089
2 0.000000 0.285284 -0.000079
3 0.000000 0.280904 0.000018
4 0.000000 0.248124 0.000017
5 0.000000 0.219912 0.000087
6 0.000000 0.191701 -0.000029
7 0.000000 0.176002 -0.000077
8 0.000000 0.132961 -0.000032
9 0.000000 0.115895 -0.000040
10 0.000000 0.087230 -0.000063
11 0.000000 0.081962 -0.000128
12 0.000000 0.048152 -0.000113
13 0.000000 0.018978 0.000017
14 0.000000 -0.017850 0.000068
15 0.000000 -0.025720 0.000028
16 0.000000 -0.045566 -0.000065
17 0.000000 -0.048074 -0.000145
18 0.000000 -0.090264 -0.000003
19 0.000000 -0.091536 -0.000004
20 0.000000 -0.103333 0.000009
21 0.000000 -0.096954 0.000075
22 0.000000 -0.088957 -0.000077
23 0.000000 -0.079310 -0.000048
24 0.000000 -0.092241 -0.000014
25 0.000000 -0.089877 0.000007
26 0.000000 -0.100608 -0.000001
27 0.000000 -0.097785 0.000037
28 0.000000 -0.098700 -0.000081
29 0.000000 -0.094881 -0.000062
30 0.000000 -0.108343 -0.000008
31 0.000000 -0.097299 -0.000009
32 0.000000 -0.104610 -0.000011
33 0.000000 -0.091172 -0.000036
34 0.000000 -0.107567 0.000049
35 0.000000 -0.097359 0.000049
36 0.000000 -0.101008 -0.000009
37 0.000000 -0.100578 0.000061
38 0.000000 -0.118849 0.000129
39 0.000000 -0.109164 0.000110
40 0.000000 -0.114645 0.000081
41 0.000000 -0.096464 0.000000
42 0.000000 -0.104753 0.000003
43 0.000000 -0.105896 0.000110
44 0.000000 -0.119579 0.000134
45 0.000000 -0.108310 0.000094
46 0.000000 -0.102915 -0.000042
47 0.000000 -0.089038 -0.000091
48 0.000000 -0.113810 0.000052
49 0.000000 -0.101441 0.000017
50 0.000000 -0.102849 -0.000027
51 0.000000 -0.091155 -0.000025
52 0.000000 -0.110637 0.000078
53 0.000000 -0.102359 0.000088
54 0.000000 -0.103460 0.000007
55 0.000000 -0.094494 0.000001
56 0.000000 -0.093709 -0.000090
57 0.000000 -0.082686 -0.000110
58 0.000000 -0.093973 -0.000087
59 0.000000 -0.091807 -0.000026
60 0.000000 -0.109043 0.000052
61 0.000000 -0.101668 0.000069
62 0.000000 -0.112275 0.000093
63 0.000000 -0.104620 0.000108
64 0.000000 -0.100806 -0.000032
65 0.000000 -0.090418 -0.000065
66 0.000000 -0.109649 0.000015
67 0.000000 -0.103929 0.000027
68 0.000000 -0.114064 0.000040
69 0.000000 -0.109302 0.000069
70 0.000000 -0.117672 -0.000017
71 0.000000 -0.139926 -0.000000
72 0.000000 -0.240514 -0.000060
73 0.000000 -0.337820 -0.000040
element 4
poly 0 1 2 3 4 5 6 7 8 9 10 11 12 13 14 15 16 17 18 19 20 21 22 23 24 25 26 27 28 29 30 31 32 33 34 35 36 37 38 39 40 41 42 43 44 45 46 47 48 49 50 51 52 53 54 55 56 57 58 59 60 61 62 63 64 65 66 67 68 69 70 71 72 73
exp
0 0.000000 0.155051 -0.000142
1 0.000000 0.239231 0.000011
2 0.000000 0.259063 0.000037
3 0.000000 0.270974 -0.000015
4 0.000000 0.247146 -0.000032
5 0.000000 0.230643 -0.000022
6 0.000000 0.185759 0.000020
7 0.000000 0.168366 -0.000029
8 0.000000 0.125533 0.000007
9 0.000000 0.102299 0.000053
10 0.000000 0.083626 -0.000052
11 0.000000 0.072285 -0.000065
12 0.000000 0.028554 0.000044
13 0.000000 0.013231 0.000048
14 0.000000 -0.018474 0.000049
15 0.000000 -0.037186 0.000105
16 0.000000 -0.061033 0.000070
17 0.000000 -0.068611 0.000057
18 0.000000 -0.095909 0.000082
19 0.000000 -0.095323 0.000081
20 0.000000 -0.099362 0.000012
21 0.000000 -0.088469 0.000016
22 0.000000 -0.104167 0.000051
23 0.000000 -0.093971 0.000045
24 0.000000 -0.101681 0.000042
25 0.000000 -0.096647 0.000046
26 0.000000 -0.096358 -0.000057
27 0.000000 -0.102658 0.000077
28 0.000000 -0.105268 0.000015
29 0.000000 -0.084013 -0.000111
30 0.000000 -0.103922 -0.000001
31 0.000000 -0.090967 -0.000035
32 0.000000 -0.091182 -0.000100
33 0.000000 -0.084866 -0.000070
34 0.000000 -0.102230 0.000045
35 0.000000 -0.084587 -0.000011
36 0.000000 -0.087350 -0.000079
37 0.000000 -0.086523 -0.000028
38 0.000000 -0.099300 0.000002
39 0.000000 -0.091323 0.000013
40 0.000000 -0.100268 0.000010
41 0.000000 -0.089900 -0.000011
42 0.000000 -0.094388 -0.000046
43 0.000000 -0.077475 -0.000119
44 0.000000 -0.091151 -0.000079
45 0.000000 -0.091156 -0.000009
46 0.000000 -0.099287 0.000005
47 0.000000 -0.079578 -0.000075
48 0.000000 -0.080727 -0.000142
49 0.000000 -0.073372 -0.000138
50 0.000000 -0.088922 -0.000073
51 0.000000 -0.075753 -0.000109
52 0.000000 -0.089968 -0.000073
53 0.000000 -0.083931 -0.000061
54 0.000000 -0.095647 -0.000036
55 0.000000 -0.093771 0.000024
56 0.000000 -0.104991 0.000036
57 0.000000 -0.088365 -0.000045
58 0.000000 -0.099836 -0.000005
59 0.000000 -0.099722 0.000087
60 0.000000 -0.108059 0.000054
61 0.000000 -0.100061 0.000027
62 0.000000 -0.115635 0.000096
63 0.000000 -0.099745 0.000042
64 0.000000 -0.103168 -0.000011
65 0.000000 -0.102413 0.000062
66 0.000000 -0.110159 0.000057
67 0.000000 -0.088867 -0.000052
68 0.000000 -0.103063 0.000015
69 0.000000 -0.101379 0.000074
70 0.000000 -0.116949 0.000050
71 0.000000 -0.135882 0.000022
72 0.000000 -0.237337 -0.000005
73 0.000000 -0.336999 0.000066
element 5
poly 0 1 2 3 4 5 6 7 8 9 10 11 12 13 14 15 16 17 18 19 20 21 22 23 24 25 26 27 28 29 30 31 32 33 34 35 36 37 38 39 40 41 42 43 44 45 46 47 48 49 50 51 52 53 54 55 56 57 58 59 60 61 62 63 64 65 66 67 68 69 70 71 72 73
exp
0 0.000000 0.128056 0.000089
1 0.000000 0.242709 -0.000038
2 0.000000 0.261887 -0.000004
3 0.000000 0.272670 -0.000056
4 0.000000 0.236787 0.000038
5 0.000000 0.221332 0.000045
6 0.000000 0.191174 -0.000020
7 0.000000 0.171222 -0.000009
8 0.000000 0.138885 -0.000043
9 0.000000 0.114948 0.000025
10 0.000000 0.083663 -0.000002
11 0.000000 0.065712 0.000017
12 0.000000 0.030021 0.000052
13 0.000000 0.018260 0.000032
14 0.000000 -0.007660 -0.000038
15 0.000000 -0.015863 -0.000102
16 0.000000 -0.054091 0.000001
17 0.000000 -0.067683 0.000048
18 0.000000 -0.095370 0.000064
19 0.000000 -0.097187 0.000061
20 0.000000 -0.104821 0.000009
21 0.000000 -0.100264 0.000069
22 0.000000 -0.102942 0.000040
23 0.000000 -0.080329 -0.000025
24 0.000000 -0.095910 0.000051
25 0.000000 -0.083930 -0.000023
26 0.000000 -0.094603 -0.000053
27 0.000000 -0.089785 -0.000047
28 0.000000 -0.107567 0.000035
29 0.000000 -0.095346 0.000004
30 0.000000 -0.105785 0.000021
31 0.000000 -0.099499 0.000042
32 0.000000 -0.105660 0.000011
33 0.000000 -0.103663 0.000068
34 0.000000 -0.110251 0.000051
35 0.000000 -0.099006 0.000033
36 0.000000 -0.104162 0.000000
37 0.000000 -0.089377 -0.000058
38 0.000000 -0.091154 -0.000095
39 0.000000 -0.088617 -0.000004
40 0.000000 -0.090220 -0.000038
41 0.000000 -0.083926 0.000011
42 0.000000 -0.098192 0.000057
43 0.000000 -0.087354 0.000024
44 0.000000 -0.096455 -0.000001
45 0.000000 -0.089866 -0.000010
46 0.000000 -0.093665 -0.000074
47 0.000000 -0.088795 -0.000050
48 0.000000 -0.097671 -0.000039
49 0.000000 -0.090268 -0.000012
50 0.000000 -0.107373 0.000072
51 0.000000 -0.092909 0.000018
52 0.000000 -0.085755 -0.000128
53 0.000000 -0.078495 -0.000116
54 0.000000 -0.100226 -0.000010
55 0.000000 -0.088912 -0.000053
56 0.000000 -0.097968 -0.000065
57 0.000000 -0.103260 0.000065
58 0.000000 -0.108293 0.000049
59 0.000000 -0.089286 -0.000027
60 0.000000 -0.097635 -0.000020
61 0.000000 -0.086224 -0.000043
62 0.000000 -0.099767 -0.000015
63 0.000000 -0.105145 0.000101
64 0.000000 -0.110384 0.000073
65 0.000000 -0.096482 0.000036
66 0.000000 -0.097166 -0.000032
67 0.000000 -0.085852 -0.000051
68 0.000000 -0.089159 -0.000086
69 0.000000 -0.088923 -0.000020
70 0.000000 -0.106086 -0.000044
71 0.000000 -0.134740 0.000013
72 0.000000 -0.234067 -0.000037
73 0.000000 -0.334672 0.000034
element 6
poly 0 1 2 3 4 5 6 7 8 9 10 11 12 13 14 15 16 17 18 19 20 21 22 23 24 25 26 27 28 29 30 31 32 33 34 35 36 37 38 39 40 41 42 43 44 45 46 47 48 49 50 51 52 53 54 55 56 57 58 59 60 61 62 63 64 65 66 67 68 69 70 71 72 73
exp
0 0.000000 0.139602 0.000041
1 0.000000 0.244901 0.000043
2 0.000000 0.278060 -0.000027
3 0.000000 0.286758 -0.000044
4 0.000000 0.251658 -0.000010
5 0.000000 0.229910 -0.000000
6 0.000000 0.193999 -0.000049
7 0.000000 0.172354 -0.000044
8 0.000000 0.132644 -0.000012
9 0.000000 0.120811 -0.000050
10 0.000000 0.085495 -0.000017
11 0.000000 0.071598 -0.000015
12 0.000000 0.044383 -0.000055
13 0.000000 0.025256 0.000000
14 0.000000 -0.017302 0.000103
15 0.000000 -0.028088 0.000081
16 0.000000 -0.052617 0.000018
17 0.000000 -0.061879 -0.000010
18 0.000000 -0.077169 -0.000119
19 0.000000 -0.089617 -0.000016
20 0.000000 -0.103090 -0.000033
21 0.000000 -0.104099 0.000069
22 0.000000 -0.109134 0.000036
23 0.000000 -0.097551 0.000061
24 0.000000 -0.113519 0.000123
25 0.000000 -0.100432 0.000027
26 0.000000 -0.106395 -0.000029
27 0.000000 -0.102267 0.000001
28 0.000000 -0.123209 0.000116
29 0.000000 -0.110020 0.000088
30 0.000000 -0.117351 0.000084
31 0.000000 -0.108389 0.000099
32 0.000000 -0.107727 0.000033
33 0.000000 -0.082290 -0.000097
34 0.000000 -0.107202 0.000069
35 0.000000 -0.088885 -0.000012
36 0.000000 -0.093493 -0.000066
37 0.000000 -0.087305 -0.000057
38 0.000000 -0.103705 0.000014
39 0.000000 -0.097784 0.000051
40 0.000000 -0.099148 -0.000020
41 0.000000 -0.095244 0.000031
42 0.000000 -0.105784 0.000043
43 0.000000 -0.088335 -0.000043
44 0.000000 -0.097176 -0.000059
45 0.000000 -0.090743 -0.000046
46 0.000000 -0.103638 -0.000002
47 0.000000 -0.096282 0.000027
48 0.000000 -0.101796 0.000005
49 0.000000 -0.094770 0.000035
50 0.000000 -0.103768 0.000039
51 0.000000 -0.090396 -0.000007
52 0.000000 -0.103932 0.000013
53 0.000000 -0.090416 -0.000057
54 0.000000 -0.107037 -0.000009
55 0.000000 -0.095626 -0.000040
56 0.000000 -0.103913 -0.000024
57 0.000000 -0.102896 0.000077
58 0.000000 -0.112056 0.000083
59 0.000000 -0.098562 0.000035
60 0.000000 -0.101871 -0.000011
61 0.000000 -0.090081 -0.000024
62 0.000000 -0.107355 0.000036
63 0.000000 -0.101447 0.000044
64 0.000000 -0.113652 0.000059
65 0.000000 -0.104760 0.000049
66 0.000000 -0.113031 0.000041
67 0.000000 -0.099611 0.000001
68 0.000000 -0.102577 -0.000039
69 0.000000 -0.094786 -0.000042
70 0.000000 -0.117325 -0.000025
71 0.000000 -0.154059 0.000097
72 0.000000 -0.262449 0.000120
73 0.000000 -0.346214 0.000032
element 7
poly 0 1 2 3 4 5 6 7 8 9 10 11 12 13 14 15 16 17 18 19 20 21 22 23 24 25 26 27 28 29 30 31 32 33 34 35 36 37 38 39 40 41 42 43 44 45 46 47 48 49 50 51 52 53 54 55 56 57 58 59 60 61 62 63 64 65 66 67 68 69 70 71 72 73
exp
0 0.000000 0.280900 -0.000049
1 0.000000 0.484416 -0.000113
2 0.000000 0.520989 -0.000065
3 0.000000 0.531270 -0.000093
4 0.000000 0.480264 -0.000120
5 0.000000 0.442710 -0.000074
6 0.000000 0.376188 -0.000084
7 0.000000 0.356461 -0.000185
8 0.000000 0.272812 -0.000015
9 0.000000 0.229085 0.000106
10 0.000000 0.172398 0.000015
11 0.000000 0.157232 -0.000150
12 0.000000 0.081475 -0.000126
13 0.000000 0.042736 -0.000114
14 0.000000 -0.033336 -0.000004
15 0.000000 -0.048054 -0.000110
16 0.000000 -0.107468 -0.000059
17 0.000000 -0.108483 -0.000222
18 0.000000 -0.176109 -0.000011
19 0.000000 -0.160232 -0.000137
20 0.000000 -0.176334 -0.000192
21 0.000000 -0.169054 -0.000066
22 0.000000 -0.182555 -0.000133
23 0.000000 -0.171238 -0.000037
24 0.000000 -0.194324 0.000049
25 0.000000 -0.161985 -0.000153
26 0.000000 -0.203842 0.000051
27 0.000000 -0.211752 0.000274
28 0.000000 -0.205863 0.000067
29 0.000000 -0.172669 -0.000063
30 0.000000 -0.210359 0.000140
31 0.000000 -0.199303 0.000191
32 0.000000 -0.189730 -0.000065
33 0.000000 -0.174983 -0.000050
34 0.000000 -0.200898 0.000046
35 0.000000 -0.181000 0.000038
36 0.000000 -0.184923 -0.000083
37 0.000000 -0.169485 -0.000078
38 0.000000 -0.184406 -0.000138
39 0.000000 -0.164881 -0.000189
40 0.000000 -0.178849 -0.000181
41 0.000000 -0.162510 -0.000121
42 0.000000 -0.192725 -0.000013
43 0.000000 -0.181148 0.000001
44 0.000000 -0.217012 0.000123
45 0.000000 -0.215373 0.000243
46 0.000000 -0.211787 0.000103
47 0.000000 -0.170460 -0.000067
48 0.000000 -0.182715 -0.000101
49 0.000000 -0.157151 -0.000188
50 0.000000 -0.184698 -0.000086
51 0.000000 -0.184069 0.000080
52 0.000000 -0.206986 0.000131
53 0.000000 -0.171060 -0.000052
54 0.000000 -0.191020 -0.000035
55 0.000000 -0.162120 -0.000149
56 0.000000 -0.194278 -0.000013
57 0.000000 -0.184846 0.000054
58 0.000000 -0.193023 -0.000046
59 0.000000 -0.152568 -0.000274
60 0.000000 -0.187483 -0.000115
61 0.000000 -0.168517 -0.000132
62 0.000000 -0.185404 -0.000095
63 0.000000 -0.169367 -0.000072
64 0.000000 -0.203614 0.000036
65 0.000000 -0.205516 0.000144
66 0.000000 -0.215873 0.000085
67 0.000000 -0.192214 0.000045
68 0.000000 -0.211475 0.000074
69 0.000000 -0.196382 0.000043
70 0.000000 -0.228073 -0.000020
71 0.000000 -0.278401 0.000033
72 0.000000 -0.472318 -0.000008
73 0.000000 -0.656299 0.000081
element 8
poly 0 1 2 3 4 5 6 7 8 9 10 11 12 13 14 15 16 17 18 19 20 21 22 23 24 25 26 27 28 29 30 31 32 33 34 35 36 37 38 39 40 41 42 43 44 45 46 47 48 49 50 51 52 53 54 55 56 57 58 59 60 61 62 63 64 65 66 67 68 69 70 71 72 73
exp
0 0.000000 0.258161 0.000062
1 0.000000 0.445411 0.000105
2 0.000000 0.507991 0.000013
3 0.000000 0.534109 -0.000018
4 0.000000 0.481429 -0.000031
5 0.000000 0.444064 0.000030
6 0.000000 0.376589 -0.000016
7 0.000000 0.340992 0.000014
8 0.000000 0.270507 -0.000030
9 0.000000 0.228559 0.000010
10 0.000000 0.145778 0.000078
11 0.000000 0.112762 0.000067
12 0.000000 0.050834 0.000044
13 0.000000 0.042770 -0.000097
14 0.000000 -0.013445 -0.000128
15 0.000000 -0.051259 0.000017
16 0.000000 -0.123499 0.000134
17 0.000000 -0.139093 0.000083
18 0.000000 -0.178387 -0.000025
19 0.000000 -0.167500 -0.000116
20 0.000000 -0.189264 -0.000118
21 0.000000 -0.186922 0.000093
22 0.000000 -0.204135 0.000042
23 0.000000 -0.157971 -0.000166
24 0.000000 -0.178600 -0.000061
25 0.000000 -0.184251 0.000181
26 0.000000 -0.203190 0.000151
27 0.000000 -0.173832 0.000020
28 0.000000 -0.190736 -0.000013
29 0.000000 -0.186325 0.000112
30 0.000000 -0.208497 0.000160
31 0.000000 -0.170672 0.000009
32 0.000000 -0.179171 -0.000042
33 0.000000 -0.190245 0.000269
34 0.000000 -0.206280 0.000220
35 0.000000 -0.157934 -0.000093
36 0.000000 -0.206679 0.000110
37 0.000000 -0.190320 0.000062
38 0.000000 -0.224678 0.000165
39 0.000000 -0.211343 0.000184
40 0.000000 -0.204371 -0.000025
41 0.000000 -0.162657 -0.000191
42 0.000000 -0.170893 -0.000274
43 0.000000 -0.174502 -0.000059
44 0.000000 -0.188207 -0.000119
45 0.000000 -0.173926 -0.000081
46 0.000000 -0.196746 -0.000010
47 0.000000 -0.171806 -0.000017
48 0.000000 -0.197844 0.000076
49 0.000000 -0.177217 0.000061
50 0.000000 -0.187321 -0.000037
51 0.000000 -0.180046 0.000038
52 0.000000 -0.216679 0.000167
53 0.000000 -0.174599 -0.000075
54 0.000000 -0.201847 -0.000038
55 0.000000 -0.177863 -0.000119
56 0.000000 -0.197531 -0.000066
57 0.000000 -0.167507 -0.000128
58 0.000000 -0.190055 -0.000056
59 0.000000 -0.158412 -0.000153
60 0.000000 -0.195134 -0.000003
61 0.000000 -0.188314 0.000086
62 0.000000 -0.224550 0.000247
63 0.000000 -0.192758 0.000129
64 0.000000 -0.200372 -0.000024
65 0.000000 -0.178576 -0.000098
66 0.000000 -0.191649 -0.000127
67 0.000000 -0.176026 -0.000045
68 0.000000 -0.193587 -0.000013
69 0.000000 -0.173465 -0.000037
70 0.000000 -0.195924 -0.000203
71 0.000000 -0.242941 -0.000152
72 0.000000 -0.458679 0.000027
73 0.000000 -0.642684 0.000161
element 9
poly 0 1 2 3 4 5 6 7 8 9 10 11 12 13 14 15 16 17 18 19 20 21 22 23 24 25 26 27 28 29 30 31 32 33 34 35 36 37 38 39 40 41 42 43 44 45 46 47 48 49 50 51 52 53 54 55 56 57 58 59 60 61 62 63 64 65 66 67 68 69 70 71 72 73
exp
0 0.000000 0.236850 0.000217
1 0.000000 0.457532 -0.000040
2 0.000000 0.525018 -0.000182
3 0.000000 0.525001 -0.000013
4 0.000000 0.483431 -0.000134
5 0.000000 0.429562 0.000016
6 0.000000 0.367043 -0.000111
7 0.000000 0.343537 -0.000251
8 0.000000 0.271898 -0.000174
9 0.000000 0.247688 -0.000196
10 0.000000 0.191407 -0.000247
11 0.000000 0.159301 -0.000216
12 0.000000 0.086318 -0.000114
13 0.000000 0.038537 0.000074
14 0.000000 -0.020026 0.000045
15 0.000000 -0.050059 0.000070
16 0.000000 -0.112262 0.000069
17 0.000000 -0.142728 0.000120
18 0.000000 -0.168557 -0.000102
19 0.000000 -0.166715 -0.000142
20 0.000000 -0.203473 -0.000024
21 0.000000 -0.194142 0.000081
22 0.000000 -0.180633 -0.000157
23 0.000000 -0.159006 -0.000081
24 0.000000 -0.175919 -0.000042
25 0.000000 -0.168618 -0.000016
26 0.000000 -0.187979 0.000009
27 0.000000 -0.166748 -0.000030
28 0.000000 -0.193652 0.000013
29 0.000000 -0.202118 0.000219
30 0.000000 -0.207553 0.000115
31 0.000000 -0.178722 0.000020
32 0.000000 -0.189765 -0.000036
33 0.000000 -0.172215 -0.000036
34 0.000000 -0.213237 0.000226
35 0.000000 -0.190987 0.000226
36 0.000000 -0.164533 -0.000164
37 0.000000 -0.160206 -0.000054
38 0.000000 -0.194530 0.000070
39 0.000000 -0.166364 -0.000082
40 0.000000 -0.193459 -0.000046
41 0.000000 -0.192810 0.000076
42 0.000000 -0.208802 0.000090
43 0.000000 -0.192154 0.000109
44 0.000000 -0.214695 0.000160
45 0.000000 -0.189554 0.000081
46 0.000000 -0.188795 -0.000041
47 0.000000 -0.153369 -0.000193
48 0.000000 -0.178392 -0.000153
49 0.000000 -0.183511 0.000003
50 0.000000 -0.206476 0.000079
51 0.000000 -0.192200 0.000135
52 0.000000 -0.202347 0.000098
53 0.000000 -0.168591 -0.000031
54 0.000000 -0.186761 0.000038
55 0.000000 -0.152135 -0.000088
56 0.000000 -0.173584 -0.000116
57 0.000000 -0.172610 -0.000057
58 0.000000 -0.188470 -0.000054
59 0.000000 -0.182972 0.000081
60 0.000000 -0.197461 0.000048
61 0.000000 -0.184145 0.000073
62 0.000000 -0.190226 -0.000012
63 0.000000 -0.155734 -0.000170
64 0.000000 -0.192696 -0.000044
65 0.000000 -0.171970 -0.000146
66 0.000000 -0.206965 0.000054
67 0.000000 -0.190884 0.000096
68 0.000000 -0.216170 0.000163
69 0.000000 -0.202587 0.000126
70 0.000000 -0.244158 0.000172
71 0.000000 -0.269512 0.000019
72 0.000000 -0.461791 -0.000024
73 0.000000 -0.639753 0.000025
element 10
poly 0 1 2 3 4 5 6 7 8 9 10 11 12 13 14 15 16 17 18 19 20 21 22 23 24 25 26 27 28 29 30 31 32 33 34 35 36 37 38 39 40 41 42 43 44 45 46 47 48 49 50 51 52 53 54 55 56 57 58 59 60 61 62 63 64 65 66 67 68 69 70 71 72 73
exp
0 0.000000 0.265456 -0.000009
1 0.000000 0.444399 0.000112
2 0.000000 0.493461 0.000087
3 0.000000 0.493421 0.000211
4 0.000000 0.475989 -0.000126
5 0.000000 0.427958 0.000006
6 0.000000 0.345974 0.000100
7 0.000000 0.292050 0.000276
8 0.000000 0.235264 0.000201
9 0.000000 0.218390 0.000081
10 0.000000 0.159591 0.000024
11 0.000000 0.127985 0.000007
12 0.000000 0.065736 -0.000024
13 0.000000 0.035347 -0.000010
14 0.000000 -0.038255 0.000097
15 0.000000 -0.069140 0.000145
16 0.000000 -0.110359 0.000001
17 0.000000 -0.118181 -0.000124
18 0.000000 -0.159795 -0.000128
19 0.000000 -0.145224 -0.000217
20 0.000000 -0.179115 -0.000105
21 0.000000 -0.185190 0.000148
22 0.000000 -0.188129 0.000003
23 0.000000 -0.149034 -0.000148
24 0.000000 -0.186845 0.000056
25 0.000000 -0.184908 0.000124
26 0.000000 -0.217906 0.000205
27 0.000000 -0.173064 -0.000112
28 0.000000 -0.177034 -0.000222
29 0.000000 -0.176870 -0.000047
30 0.000000 -0.185120 -0.000067
31 0.000000 -0.170651 0.000020
32 0.000000 -0.191042 0.000100
33 0.000000 -0.151974 -0.000074
34 0.000000 -0.168958 -0.000071
35 0.000000 -0.161997 -0.000006
36 0.000000 -0.183069 0.000000
37 0.000000 -0.170133 -0.000002
38 0.000000 -0.202646 0.000082
39 0.000000 -0.175676 -0.000070
40 0.000000 -0.215439 0.000126
41 0.000000 -0.193000 0.000072
42 0.000000 -0.188113 -0.000096
43 0.000000 -0.183325 0.000034
44 0.000000 -0.202164 0.000072
45 0.000000 -0.171814 -0.000048
46 0.000000 -0.180308 -0.000102
47 0.000000 -0.168067 -0.000056
48 0.000000 -0.178428 -0.000152
49 0.000000 -0.177882 -0.000030
50 0.000000 -0.199727 0.000036
51 0.000000 -0.169769 -0.000060
52 0.000000 -0.180625 -0.000119
53 0.000000 -0.170366 -0.000061
54 0.000000 -0.186796 -0.000091
55 0.000000 -0.150904 -0.000308
56 0.000000 -0.179014 -0.000151
57 0.000000 -0.169800 -0.000025
58 0.000000 -0.205422 0.000139
59 0.000000 -0.174817 -0.000028
60 0.000000 -0.195907 0.000016
61 0.000000 -0.187421 0.000096
62 0.000000 -0.202487 0.000088
63 0.000000 -0.190182 0.000118
64 0.000000 -0.206920 0.000122
65 0.000000 -0.171928 -0.000060
66 0.000000 -0.187691 -0.000050
67 0.000000 -0.157416 -0.000167
68 0.000000 -0.176512 -0.000123
69 0.000000 -0.161597 -0.000140
70 0.000000 -0.184006 -0.000230
71 0.000000 -0.229099 -0.000156
72 0.000000 -0.456660 0.000087
73 0.000000 -0.636472 0.000079
element 11
poly 0 1 2 3 4 5 6 7 8 9 10 11 12 13 14 15 16 17 18 19 20 21 22 23 24 25 26 27 28 29 30 31 32 33 34 35 36 37 38 39 40 41 42 43 44 45 46 47 48 49 50 51 52 53 54 55 56 57 58 59 60 61 62 63 64 65 66 67 68 69 70 71 72 73
exp
0 0.000000 0.288511 -0.000057
1 0.000000 0.502341 -0.000133
2 0.000000 0.544748 -0.000115
3 0.000000 0.535013 0.000063
4 0.000000 0.474069 0.000132
5 0.000000 0.444758 0.000125
6 0.000000 0.375237 0.000100
7 0.000000 0.367041 -0.000142
8 0.000000 0.298868 -0.000131
9 0.000000 0.256294 -0.000031
10 0.000000 0.192306 -0.000093
11 0.000000 0.165337 -0.000171
12 0.000000 0.096804 -0.000218
13 0.000000 0.051590 -0.000120
14 0.000000 -0.015620 -0.000081
15 0.000000 -0.045945 -0.000038
16 0.000000 -0.107031 -0.000055
17 0.000000 -0.117998 -0.000176
18 0.000000 -0.167224 -0.000165
19 0.000000 -0.172496 -0.000083
20 0.000000 -0.219196 0.000137
21 0.000000 -0.201814 0.000178
22 0.000000 -0.199264 -0.000090
23 0.000000 -0.180637 -0.000090
24 0.000000 -0.212877 0.000083
25 0.000000 -0.192463 0.000039
26 0.000000 -0.206939 -0.000017
27 0.000000 -0.180118 -0.000100
28 0.000000 -0.205407 -0.000050
29 0.000000 -0.195980 0.000021
30 0.000000 -0.199714 -0.000075
31 0.000000 -0.169257 -0.000149
32 0.000000 -0.178100 -0.000208
33 0.000000 -0.167778 -0.000130
34 0.000000 -0.203898 0.000091
35 0.000000 -0.190658 0.000179
36 0.000000 -0.211053 0.000149
37 0.000000 -0.194707 0.000095
38 0.000000 -0.200035 -0.000046
39 0.000000 -0.186819 -0.000006
40 0.000000 -0.189953 -0.000147
41 0.000000 -0.178063 -0.000101
42 0.000000 -0.215723 0.000035
43 0.000000 -0.190399 -0.000083
44 0.000000 -0.218584 0.000040
45 0.000000 -0.210147 0.000151
46 0.000000 -0.229667 0.000175
47 0.000000 -0.192249 -0.000001
48 0.000000 -0.210918 0.000015
49 0.000000 -0.178970 -0.000114
50 0.000000 -0.201776 -0.000086
51 0.000000 -0.215086 0.000192
52 0.000000 -0.210135 0.000015
53 0.000000 -0.184984 -0.000003
54 0.000000 -0.200900 -0.000038
55 0.000000 -0.180276 -0.000088
56 0.000000 -0.214564 0.000102
57 0.000000 -0.187411 0.000052
58 0.000000 -0.216525 0.000132
59 0.000000 -0.200592 0.000117
60 0.000000 -0.211532 0.000053
61 0.000000 -0.193571 0.000067
62 0.000000 -0.209449 0.000035
63 0.000000 -0.184767 -0.000052
64 0.000000 -0.197384 -0.000150
65 0.000000 -0.197993 -0.000016
66 0.000000 -0.221185 0.000058
67 0.000000 -0.190604 -0.000020
68 0.000000 -0.209086 0.000002
69 0.000000 -0.193476 -0.000011
70 0.000000 -0.244880 0.000145
71 0.000000 -0.283796 0.000122
72 0.000000 -0.515917 0.000269
73 0.000000 -0.685206 0.000043
element 12
poly 0 1 2 3 4 5 6 7 8 9 10 11 12 13 14 15 16 17 18 19 20 21 22 23 24 25 26 27 28 29 30 31 32 33 34 35 36 37 38 39 40 41 42 43 44 45 46 47 48 49 50 51 52 53 54 55 56 57 58 59 60 61 62 63 64 65 66 67 68 69 70 71 72 73
exp
0 0.000000 0.245142 0.000153
1 0.000000 0.486386 0.000125
2 0.000000 0.539888 -0.000001
3 0.000000 0.538398 0.000029
4 0.000000 0.473424 0.000049
5 0.000000 0.450459 -0.000071
6 0.000000 0.368267 -0.000011
7 0.000000 0.336103 0.000012
8 0.000000 0.284942 -0.000143
9 0.000000 0.239139 0.000016
10 0.000000 0.185532 -0.000131
11 0.000000 0.146012 -0.000051
12 0.000000 0.066479 0.000054
13 0.000000 0.023051 0.000225
14 0.000000 -0.043953 0.000215
15 0.000000 -0.033713 -0.000136
16 0.000000 -0.084801 -0.000156
17 0.000000 -0.122181 0.000100
18 0.000000 -0.162328 0.000000
19 0.000000 -0.138157 -0.000219
20 0.000000 -0.186890 -0.000132
21 0.000000 -0.186686 -0.000027
22 0.000000 -0.201143 -0.000071
23 0.000000 -0.167899 -0.000061
24 0.000000 -0.174833 -0.000077
25 0.000000 -0.168573 0.000016
26 0.000000 -0.208622 0.000115
27 0.000000 -0.169876 -0.000151
28 0.000000 -0.178458 -0.000243
29 0.000000 -0.171990 -0.000071
30 0.000000 -0.198998 -0.000007
31 0.000000 -0.180299 -0.000022
32 0.000000 -0.199077 -0.000054
33 0.000000 -0.164676 -0.000228
34 0.000000 -0.188355 -0.000165
35 0.000000 -0.174600 -0.000069
36 0.000000 -0.205518 0.000043
37 0.000000 -0.179715 -0.000020
38 0.000000 -0.209621 0.000044
39 0.000000 -0.170717 -0.000167
40 0.000000 -0.181849 -0.000202
41 0.000000 -0.169675 -0.000080
42 0.000000 -0.186069 -0.000132
43 0.000000 -0.173780 -0.000104
44 0.000000 -0.216792 0.000106
45 0.000000 -0.192577 0.000073
46 0.000000 -0.206558 -0.000008
47 0.000000 -0.196081 0.000041
48 0.000000 -0.217271 0.000059
49 0.000000 -0.203157 0.000119
50 0.000000 -0.230004 0.000158
51 0.000000 -0.193342 -0.000032
52 0.000000 -0.220522 0.000077
53 0.000000 -0.189571 0.000028
54 0.000000 -0.194728 -0.000047
55 0.000000 -0.169242 -0.000051
56 0.000000 -0.186825 -0.000051
57 0.000000 -0.186633 0.000142
58 0.000000 -0.189005 -0.000021
59 0.000000 -0.150859 -0.000205
60 0.000000 -0.183191 -0.000087
61 0.000000 -0.175345 0.000018
62 0.000000 -0.201997 0.000022
63 0.000000 -0.178349 -0.000083
64 0.000000 -0.217021 0.000083
65 0.000000 -0.224178 0.000330
66 0.000000 -0.219823 0.000119
67 0.000000 -0.194429 0.000095
68 0.000000 -0.199529 -0.000022
69 0.000000 -0.171370 -0.000148
70 0.000000 -0.228762 0.000028
71 0.000000 -0.258160 0.000031
72 0.000000 -0.470350 -0.000078
73 0.000000 -0.684650 -0.000057
element 13
poly 0 1 2 3 4 5 6 7 8 9 10 11 12 13 14 15 16 17 18 19 20 21 22 23 24 25 26 27 28 29 30 31 32 33 34 35 36 37 38 39 40 41 42 43 44 45 46 47 48 49 50 51 52 53 54 55 56 57 58 59 60 61 62 63 64 65 66 67 68 69 70 71 72 73
exp
0 0.000000 0.223221 0.000004
1 0.000000 0.442401 0.000047
2 0.000000 0.471866 0.000093
3 0.000000 0.492231 -0.000005
4 0.000000 0.445491 -0.000125
5 0.000000 0.398154 0.000054
6 0.000000 0.351063 -0.000146
7 0.000000 0.332920 -0.000185
8 0.000000 0.241675 0.000020
9 0.000000 0.227470 -0.000090
10 0.000000 0.162736 -0.000125
11 0.000000 0.114388 0.000088
12 0.000000 0.047147 0.000083
13 0.000000 0.028460 0.000065
14 0.000000 -0.015364 -0.000094
15 0.000000 -0.022328 -0.000179
16 0.000000 -0.109545 0.000114
17 0.000000 -0.114908 0.000048
18 0.000000 -0.156170 -0.000029
19 0.000000 -0.156336 0.000039
20 0.000000 -0.165327 -0.000144
21 0.000000 -0.143137 -0.000127
22 0.000000 -0.169122 -0.000087
23 0.000000 -0.133216 -0.000112
24 0.000000 -0.167320 0.000091
25 0.000000 -0.137904 0.000012
26 0.000000 -0.160601 -0.000068
27 0.000000 -0.160323 0.000051
28 0.000000 -0.170800 -0.000066
29 0.000000 -0.156607 -0.000001
30 0.000000 -0.193516 0.000111
31 0.000000 -0.140625 -0.000208
32 0.000000 -0.168755 -0.000142
33 0.000000 -0.167920 0.000072
34 0.000000 -0.170258 -0.000070
35 0.000000 -0.139347 -0.000128
36 0.000000 -0.175859 -0.000004
37 0.000000 -0.153575 -0.000021
38 0.000000 -0.189136 0.000073
39 0.000000 -0.162705 -0.000004
40 0.000000 -0.169372 -0.000113
41 0.000000 -0.147301 -0.000093
42 0.000000 -0.183664 -0.000007
43 0.000000 -0.158631 -0.000085
44 0.000000 -0.183975 -0.000041
45 0.000000 -0.169299 0.000044
46 0.000000 -0.168908 -0.000149
47 0.000000 -0.157325 -0.000057
48 0.000000 -0.173854 -0.000086
49 0.000000 -0.158269 -0.000025
50 0.000000 -0.189218 0.000053
51 0.000000 -0.160210 0.000001
52 0.000000 -0.184623 0.000021
53 0.000000 -0.166700 0.000054
54 0.000000 -0.157099 -0.000248
55 0.000000 -0.147904 -0.000142
56 0.000000 -0.190935 0.000065
57 0.000000 -0.162739 0.000004
58 0.000000 -0.177688 -0.000075
59 0.000000 -0.161043 -0.000047
60 0.000000 -0.195341 0.000064
61 0.000000 -0.181903 0.000153
62 0.000000 -0.187330 0.000042
63 0.000000 -0.129858 -0.000245
64 0.000000 -0.164659 -0.000117
65 0.000000 -0.147386 -0.000094
66 0.000000 -0.182428 -0.000007
67 0.000000 -0.177245 0.000107
68 0.000000 -0.180273 0.000009
69 0.000000 -0.127413 -0.000217
70 0.000000 -0.150855 -0.000215
71 0.000000 -0.174804 -0.000053
72 0.000000 -0.439705 0.000256
73 0.000000 -0.644955 0.000227
element 14
poly 0 1 2 3 4 5 6 7 8 9 10 11 12 13 14 15 16 17 18 19 20 21 22 23 24 25 26 27 28 29 30 31 32 33 34 35 36 37 38 39 40 41 42 43 44 45 46 47 48 49 50 51 52 53 54 55 56 57 58 59 60 61 62 63 64 65 66 67 68 69 70 71 72 73
exp
0 0.000000 0.147172 -0.000108
1 0.000000 0.241912 -0.000083
2 0.000000 0.264383 -0.000076
3 0.000000 0.259940 0.000016
4 0.000000 0.229546 0.000020
5 0.000000 0.203898 0.000083
6 0.000000 0.178069 -0.000023
7 0.000000 0.163948 -0.000072
8 0.000000 0.124489 -0.000034
9 0.000000 0.109085 -0.000042
10 0.000000 0.081556 -0.000053
11 0.000000 0.076125 -0.000111
12 0.000000 0.044634 -0.000100
13 0.000000 0.017500 0.000014
14 0.000000 -0.016611 0.000057
15 0.000000 -0.024291 0.000027
16 0.000000 -0.042610 -0.000056
17 0.000000 -0.044560 -0.000134
18 0.000000 -0.083676 -0.000005
19 0.000000 -0.084727 -0.000003
20 0.000000 -0.096051 0.000010
21 0.000000 -0.091055 0.000074
22 0.000000 -0.083322 -0.000069
23 0.000000 -0.074757 -0.000037
24 0.000000 -0.086838 -0.000003
25 0.000000 -0.084110 0.000011
26 0.000000 -0.093393 -0.000003
27 0.000000 -0.090725 0.000034
28 0.000000 -0.090432 -0.000079
29 0.000000 -0.086785 -0.000058
30 0.000000 -0.099566 -0.000008
31 0.000000 -0.089551 -0.000010
32 0.000000 -0.096372 -0.000011
33 0.000000 -0.083861 -0.000035
34 0.000000 -0.099104 0.000042
35 0.000000 -0.089866 0.000046
36 0.000000 -0.093639 -0.000006
37 0.000000 -0.093604 0.000058
38 0.000000 -0.111318 0.000129
39 0.000000 -0.102039 0.000110
40 0.000000 -0.106697 0.000075
41 0.000000 -0.089991 0.000003
42 0.000000 -0.098008 0.000010
43 0.000000 -0.099189 0.000105
44 0.000000 -0.111926 0.000129
45 0.000000 -0.100745 0.000083
46 0.000000 -0.095511 -0.000040
47 0.000000 -0.082813 -0.000078
48 0.000000 -0.105614 0.000048
49 0.000000 -0.093626 0.000014
50 0.000000 -0.095030 -0.000026
51 0.000000 -0.084672 -0.000022
52 0.000000 -0.103300 0.000074
53 0.000000 -0.095262 0.000078
54 0.000000 -0.096290 0.000008
55 0.000000 -0.087835 0.000001
56 0.000000 -0.086138 -0.000088
57 0.000000 -0.075839 -0.000105
58 0.000000 -0.086512 -0.000083
59 0.000000 -0.085237 -0.000019
60 0.000000 -0.101587 0.000055
61 0.000000 -0.094182 0.000062
62 0.000000 -0.103886 0.000078
63 0.000000 -0.097089 0.000094
64 0.000000 -0.093207 -0.000034
65 0.000000 -0.083409 -0.000065
66 0.000000 -0.101333 0.000010
67 0.000000 -0.096410 0.000028
68 0.000000 -0.106137 0.000046
69 0.000000 -0.101543 0.000069
70 0.000000 -0.109085 -0.000011
71 0.000000 -0.129145 -0.000003
72 0.000000 -0.222462 -0.000057
73 0.000000 -0.312740 -0.000042
element 15
poly 0 1 2 3 4 5 6 7 8 9 10 11 12 13 14 15 16 17 18 19 20 21 22 23 24 25 26 27 28 29 30 31 32 33 34 35 36 37 38 39 40 41 42 43 44 45 46 47 48 49 50 51 52 53 54 55 56 57 58 59 60 61 62 63 64 65 66 67 68 69 70 71 72 73
exp
0 0.000000 0.202570 -0.000308
1 0.000000 0.326830 0.000053
2 0.000000 0.331345 0.000116
3 0.000000 0.341510 -0.000025
4 0.000000 0.306994 -0.000079
5 0.000000 0.284266 -0.000025
6 0.000000 0.216661 0.000081
7 0.000000 0.206737 -0.000075
8 0.000000 0.146985 -0.000008
9 0.000000 0.110272 0.000147
10 0.000000 0.102892 -0.000096
11 0.000000 0.098769 -0.000154
12 0.000000 0.026394 0.000113
13 0.000000 0.013475 0.000085
14 0.000000 -0.023248 0.000029
15 0.000000 -0.052149 0.000175
16 0.000000 -0.079899 0.000112
17 0.000000 -0.081945 0.000051
18 0.000000 -0.125221 0.000120
19 0.000000 -0.123344 0.000126
20 0.000000 -0.120359 -0.000022
21 0.000000 -0.100600 -0.000011
22 0.000000 -0.132124 0.000094
23 0.000000 -0.112905 0.000060
24 0.000000 -0.125413 0.000074
25 0.000000 -0.118687 0.000080
26 0.000000 -0.108085 -0.000167
27 0.000000 -0.133814 0.000191
28 0.000000 -0.134375 0.000065
29 0.000000 -0.085730 -0.000261
30 0.000000 -0.132370 0.000050
31 0.000000 -0.113399 0.000003
32 0.000000 -0.101384 -0.000213
33 0.000000 -0.096983 -0.000127
34 0.000000 -0.136802 0.000163
35 0.000000 -0.101034 0.000009
36 0.000000 -0.096633 -0.000178
37 0.000000 -0.103599 -0.000029
38 0.000000 -0.123728 0.000007
39 0.000000 -0.108596 0.000006
40 0.000000 -0.124168 0.000024
41 0.000000 -0.110254 0.000007
42 0.000000 -0.115587 -0.000059
43 0.000000 -0.081400 -0.000236
44 0.000000 -0.105484 -0.000151
45 0.000000 -0.115143 0.000038
46 0.000000 -0.128400 0.000066
47 0.000000 -0.091414 -0.000098
48 0.000000 -0.088113 -0.000251
49 0.000000 -0.081406 -0.000218
50 0.000000 -0.111743 -0.000059
51 0.000000 -0.084713 -0.000163
52 0.000000 -0.107208 -0.000112
53 0.000000 -0.098395 -0.000095
54 0.000000 -0.115061 -0.000053
55 0.000000 -0.117304 0.000084
56 0.000000 -0.135470 0.000103
57 0.000000 -0.099018 -0.000107
58 0.000000 -0.117769 -0.000030
59 0.000000 -0.125326 0.000179
60 0.000000 -0.132913 0.000076
61 0.000000 -0.116935 -0.000004
62 0.000000 -0.150215 0.000189
63 0.000000 -0.119425 0.000059
64 0.000000 -0.118190 -0.000075
65 0.000000 -0.129356 0.000143
66 0.000000 -0.142005 0.000128
67 0.000000 -0.094870 -0.000168
68 0.000000 -0.121334 -0.000001
69 0.000000 -0.123182 0.000158
70 0.000000 -0.128980 0.000094
71 0.000000 -0.123744 -0.000003
72 0.000000 -0.281618 -0.000049
73 0.000000 -0.451457 0.000113
element 16
poly 0 1 2 3 4 5 6 7 8 9 10 11 12 13 14 15 16 17 18 19 20 21 22 23 24 25 26 27 28 29 30 31 32 33 34 35 36 37 38 39 40 41 42 43 44 45 46 47 48 49 50 51 52 53 54 55 56 57 58 59 60 61 62 63 64 65 66 67 68 69 70 71 72 73
exp
0 0.000000 0.189814 0.000185
1 0.000000 0.431698 -0.000092
2 0.000000 0.443093 -0.000043
3 0.000000 0.442964 -0.000137
4 0.000000 0.365456 0.000090
5 0.000000 0.338774 0.000124
6 0.000000 0.293503 -0.000051
7 0.000000 0.265742 -0.000039
8 0.000000 0.213105 -0.000097
9 0.000000 0.174926 0.000062
10 0.000000 0.125529 -0.000002
11 0.000000 0.102661 0.000005
12 0.000000 0.038742 0.000112
13 0.000000 0.025497 0.000088
14 0.000000 -0.014154 -0.000070
15 0.000000 -0.018347 -0.000228
16 0.000000 -0.087856 0.000001
17 0.000000 -0.107586 0.000103
18 0.000000 -0.156230 0.000112
19 0.000000 -0.155815 0.000115
20 0.000000 -0.163681 -0.000017
21 0.000000 -0.159159 0.000152
22 0.000000 -0.163304 0.000062
23 0.000000 -0.113786 -0.000094
24 0.000000 -0.151480 0.000130
25 0.000000 -0.129673 -0.000007
26 0.000000 -0.145426 -0.000121
27 0.000000 -0.137054 -0.000090
28 0.000000 -0.174650 0.000100
29 0.000000 -0.145093 -0.000001
30 0.000000 -0.163658 0.000017
31 0.000000 -0.152650 0.000073
32 0.000000 -0.162950 0.000001
33 0.000000 -0.159330 0.000108
34 0.000000 -0.173509 0.000096
35 0.000000 -0.149222 0.000054
36 0.000000 -0.162893 0.000005
37 0.000000 -0.133840 -0.000110
38 0.000000 -0.136836 -0.000190
39 0.000000 -0.138741 0.000039
40 0.000000 -0.139247 -0.000063
41 0.000000 -0.124203 0.000004
42 0.000000 -0.157406 0.000134
43 0.000000 -0.131826 0.000033
44 0.000000 -0.149856 -0.000008
45 0.000000 -0.140028 0.000022
46 0.000000 -0.143498 -0.000141
47 0.000000 -0.134976 -0.000093
48 0.000000 -0.153432 -0.000058
49 0.000000 -0.135324 -0.000039
50 0.000000 -0.176650 0.000189
51 0.000000 -0.149930 0.000100
52 0.000000 -0.126220 -0.000260
53 0.000000 -0.111582 -0.000242
54 0.000000 -0.164951 0.000056
55 0.000000 -0.136465 -0.000071
56 0.000000 -0.146267 -0.000168
57 0.000000 -0.165369 0.000156
58 0.000000 -0.175063 0.000128
59 0.000000 -0.129864 -0.000098
60 0.000000 -0.151017 -0.000038
61 0.000000 -0.125264 -0.000110
62 0.000000 -0.150814 -0.000067
63 0.000000 -0.168464 0.000230
64 0.000000 -0.176572 0.000152
65 0.000000 -0.144823 0.000040
66 0.000000 -0.149055 -0.000068
67 0.000000 -0.128499 -0.000102
68 0.000000 -0.134294 -0.000150
69 0.000000 -0.130794 -0.000010
70 0.000000 -0.144065 -0.000067
71 0.000000 -0.160913 0.000028
72 0.000000 -0.355764 -0.000101
73 0.000000 -0.570576 0.000082
element 17
poly 0 1 2 3 4 5 6 7 8 9 10 11 12 13 14 15 16 17 18 19 20 21 22 23 24 25 26 27 28 29 30 31 32 33 34 35 36 37 38 39 40 41 42 43 44 45 46 47 48 49 50 51 52 53 54 55 56 57 58 59 60 61 62 63 64 65 66 67 68 69 70 71 72 73
exp
0 0.000000 0.174793 0.000060
1 0.000000 0.403815 0.000106
2 0.000000 0.434611 -0.000084
3 0.000000 0.439658 -0.000110
4 0.000000 0.356681 0.000023
5 0.000000 0.331042 0.000034
6 0.000000 0.272422 -0.000104
7 0.000000 0.250207 -0.000061
8 0.000000 0.177136 0.000027
9 0.000000 0.181512 -0.000106
10 0.000000 0.115349 -0.000018
11 0.000000 0.106010 0.000018
12 0.000000 0.065543 -0.000127
13 0.000000 0.048376 -0.000038
14 0.000000 -0.037454 0.000212
15 0.000000 -0.034246 0.000148
16 0.000000 -0.080156 0.000040
17 0.000000 -0.086167 0.000007
18 0.000000 -0.110694 -0.000253
19 0.000000 -0.127773 0.000006
20 0.000000 -0.152963 -0.000065
21 0.000000 -0.147183 0.000153
22 0.000000 -0.158206 0.000014
23 0.000000 -0.119437 0.000025
24 0.000000 -0.167040 0.000241
25 0.000000 -0.134795 0.000051
26 0.000000 -0.144681 -0.000135
27 0.000000 -0.130058 -0.000065
28 0.000000 -0.187691 0.000234
29 0.000000 -0.145718 0.000100
30 0.000000 -0.166514 0.000083
31 0.000000 -0.157012 0.000236
32 0.000000 -0.157923 0.000047
33 0.000000 -0.089213 -0.000311
34 0.000000 -0.165707 0.000179
35 0.000000 -0.121548 0.000039
36 0.000000 -0.130519 -0.000143
37 0.000000 -0.110660 -0.000149
38 0.000000 -0.155863 0.000047
39 0.000000 -0.137794 0.000134
40 0.000000 -0.137352 -0.000090
41 0.000000 -0.128574 0.000062
42 0.000000 -0.161312 0.000126
43 0.000000 -0.111538 -0.000094
44 0.000000 -0.138301 -0.000106
45 0.000000 -0.120042 -0.000076
46 0.000000 -0.153387 0.000014
47 0.000000 -0.132315 0.000073
48 0.000000 -0.145210 -0.000040
49 0.000000 -0.127720 0.000049
50 0.000000 -0.152778 0.000055
51 0.000000 -0.118730 -0.000026
52 0.000000 -0.154584 0.000033
53 0.000000 -0.115163 -0.000129
54 0.000000 -0.162381 0.000042
55 0.000000 -0.125905 -0.000091
56 0.000000 -0.143213 -0.000113
57 0.000000 -0.141754 0.000166
58 0.000000 -0.167164 0.000161
59 0.000000 -0.132111 0.000035
60 0.000000 -0.145667 -0.000051
61 0.000000 -0.110976 -0.000088
62 0.000000 -0.155777 0.000062
63 0.000000 -0.134846 0.000057
64 0.000000 -0.164943 0.000070
65 0.000000 -0.140496 0.000058
66 0.000000 -0.166300 0.000070
67 0.000000 -0.133521 0.000013
68 0.000000 -0.142800 -0.000073
69 0.000000 -0.111233 -0.000091
70 0.000000 -0.127412 -0.000097
71 0.000000 -0.134159 0.000175
72 0.000000 -0.363405 0.000223
73 0.000000 -0.539582 0.000010
element 18
poly 0 1 2 3 4 5 6 7 8 9 10 11 12 13 14 15 16 17 18 19 20 21 22 23 24 25 26 27 28 29 30 31 32 33 34 35 36 37 38 39 40 41 42 43 44 45 46 47 48 49 50 51 52 53 54 55 56 57 58 59 60 61 62 63 64 65 66 67 68 69 70 71 72 73
exp
0 0.000000 0.151783 -0.000006
1 0.000000 0.360024 -0.000088
2 0.000000 0.369556 -0.000034
3 0.000000 0.364159 -0.000051
4 0.000000 0.323362 -0.000112
5 0.000000 0.290268 -0.000002
6 0.000000 0.239944 -0.000009
7 0.000000 0.248208 -0.000210
8 0.000000 0.179749 -0.000026
9 0.000000 0.145119 0.000152
10 0.000000 0.110285 0.000038
11 0.000000 0.118188 -0.000152
12 0.000000 0.059075 -0.000103
13 0.000000 0.034839 -0.000083
14 0.000000 -0.024148 0.000021
15 0.000000 -0.026202 -0.000060
16 0.000000 -0.069442 -0.000027
17 0.000000 -0.057633 -0.000213
18 0.000000 -0.126810 0.000066
19 0.000000 -0.105710 -0.000070
20 0.000000 -0.112750 -0.000173
21 0.000000 -0.109725 -0.000003
22 0.000000 -0.117828 -0.000128
23 0.000000 -0.108311 -0.000009
24 0.000000 -0.132171 0.000113
25 0.000000 -0.087309 -0.000217
26 0.000000 -0.130103 -0.000015
27 0.000000 -0.151574 0.000331
28 0.000000 -0.136054 0.000036
29 0.000000 -0.093289 -0.000187
30 0.000000 -0.141400 0.000116
31 0.000000 -0.138147 0.000238
32 0.000000 -0.118894 -0.000089
33 0.000000 -0.103931 -0.000090
34 0.000000 -0.138575 0.000089
35 0.000000 -0.118178 0.000062
36 0.000000 -0.118069 -0.000077
37 0.000000 -0.106231 -0.000028
38 0.000000 -0.123978 -0.000067
39 0.000000 -0.105612 -0.000130
40 0.000000 -0.116853 -0.000137
41 0.000000 -0.099295 -0.000084
42 0.000000 -0.125993 -0.000008
43 0.000000 -0.107023 -0.000058
44 0.000000 -0.141466 0.000065
45 0.000000 -0.149489 0.000258
46 0.000000 -0.145125 0.000122
47 0.000000 -0.103263 -0.000064
48 0.000000 -0.119707 -0.000062
49 0.000000 -0.091933 -0.000174
50 0.000000 -0.115473 -0.000106
51 0.000000 -0.121932 0.000113
52 0.000000 -0.142230 0.000142
53 0.000000 -0.103829 -0.000056
54 0.000000 -0.125016 -0.000019
55 0.000000 -0.093233 -0.000162
56 0.000000 -0.126413 -0.000011
57 0.000000 -0.127919 0.000144
58 0.000000 -0.131946 0.000013
59 0.000000 -0.085116 -0.000274
60 0.000000 -0.125164 -0.000068
61 0.000000 -0.106828 -0.000085
62 0.000000 -0.119081 -0.000077
63 0.000000 -0.098944 -0.000081
64 0.000000 -0.130254 0.000003
65 0.000000 -0.137053 0.000143
66 0.000000 -0.143015 0.000058
67 0.000000 -0.116749 0.000006
68 0.000000 -0.136481 0.000077
69 0.000000 -0.115209 0.000041
70 0.000000 -0.115917 -0.000023
71 0.000000 -0.103491 0.000010
72 0.000000 -0.280822 -0.000001
73 0.000000 -0.470323 0.000119
element 19
poly 0 1 2 3 4 5 6 7 8 9 10 11 12 13 14 15 16 17 18 19 20 21 22 23 24 25 26 27 28 29 30 31 32 33 34 35 36 37 38 39 40 41 42 43 44 45 46 47 48 49 50 51 52 53 54 55 56 57 58 59 60 61 62 63 64 65 66 67 68 69 70 71 72 73
exp
0 0.000000 0.172914 0.000020
1 0.000000 0.381860 0.000154
2 0.000000 0.402623 -0.000002
3 0.000000 0.403865 -0.000053
4 0.000000 0.338144 -0.000031
5 0.000000 0.310901 0.000032
6 0.000000 0.252603 0.000002
7 0.000000 0.239632 0.000040
8 0.000000 0.185085 -0.000042
9 0.000000 0.164464 -0.000005
10 0.000000 0.090889 0.000064
11 0.000000 0.077550 0.000048
12 0.000000 0.022816 0.000061
13 0.000000 0.037224 -0.000090
14 0.000000 -0.004833 -0.000166
15 0.000000 -0.030207 0.000019
16 0.000000 -0.098932 0.000152
17 0.000000 -0.100486 0.000097
18 0.000000 -0.137623 -0.000030
19 0.000000 -0.115400 -0.000134
20 0.000000 -0.134178 -0.000148
21 0.000000 -0.133420 0.000176
22 0.000000 -0.158528 0.000103
23 0.000000 -0.091628 -0.000249
24 0.000000 -0.115383 -0.000120
25 0.000000 -0.132077 0.000245
26 0.000000 -0.153443 0.000161
27 0.000000 -0.109407 -0.000049
28 0.000000 -0.126868 -0.000118
29 0.000000 -0.126493 0.000082
30 0.000000 -0.161556 0.000206
31 0.000000 -0.107769 -0.000044
32 0.000000 -0.109821 -0.000200
33 0.000000 -0.137617 0.000297
34 0.000000 -0.160014 0.000261
35 0.000000 -0.084636 -0.000241
36 0.000000 -0.149656 0.000074
37 0.000000 -0.128265 0.000049
38 0.000000 -0.161902 0.000107
39 0.000000 -0.154418 0.000221
40 0.000000 -0.150092 0.000012
41 0.000000 -0.097008 -0.000200
42 0.000000 -0.111074 -0.000280
43 0.000000 -0.123632 0.000049
44 0.000000 -0.136314 -0.000061
45 0.000000 -0.112791 -0.000078
46 0.000000 -0.144636 0.000018
47 0.000000 -0.108154 -0.000052
48 0.000000 -0.142397 0.000076
49 0.000000 -0.120379 0.000094
50 0.000000 -0.122788 -0.000120
51 0.000000 -0.117756 0.000017
52 0.000000 -0.169502 0.000242
53 0.000000 -0.108379 -0.000107
54 0.000000 -0.142185 -0.000051
55 0.000000 -0.121627 -0.000073
56 0.000000 -0.143593 -0.000036
57 0.000000 -0.108438 -0.000103
58 0.000000 -0.139562 -0.000001
59 0.000000 -0.096197 -0.000161
60 0.000000 -0.136505 -0.000034
61 0.000000 -0.127832 0.000069
62 0.000000 -0.170418 0.000239
63 0.000000 -0.130281 0.000119
64 0.000000 -0.140802 -0.000042
65 0.000000 -0.118186 -0.000098
66 0.000000 -0.136062 -0.000121
67 0.000000 -0.116761 -0.000034
68 0.000000 -0.141855 0.000064
69 0.000000 -0.109427 0.000034
70 0.000000 -0.099799 -0.000203
71 0.000000 -0.079480 -0.000192
72 0.000000 -0.316739 0.000032
73 0.000000 -0.531789 0.000236
element 20
poly 0 1 2 3 4 5 6 7 8 9 10 11 12 13 14 15 16 17 18 19 20 21 22 23 24 25 26 27 28 29 30 31 32 33 34 35 36 37 38 39 40 41 42 43 44 45 46 47 48 49 50 51 52 53 54 55 56 57 58 59 60 61 62 63 64 65 66 67 68 69 70 71 72 73
exp
0 0.000000 0.129798 0.000276
1 0.000000 0.379561 -0.000070
2 0.000000 0.411845 -0.000224
3 0.000000 0.390208 0.000045
4 0.000000 0.347373 -0.000111
5 0.000000 0.302128 0.000097
6 0.000000 0.248312 -0.000058
7 0.000000 0.249930 -0.000227
8 0.000000 0.179841 -0.000074
9 0.000000 0.177569 -0.000099
10 0.000000 0.132063 -0.000174
11 0.000000 0.125389 -0.000202
12 0.000000 0.058796 -0.000100
13 0.000000 0.027782 0.000118
14 0.000000 -0.017687 0.000033
15 0.000000 -0.023792 0.000016
16 0.000000 -0.083726 0.000056
17 0.000000 -0.104760 0.000157
18 0.000000 -0.124300 -0.000102
19 0.000000 -0.106556 -0.000171
20 0.000000 -0.155534 0.000021
21 0.000000 -0.143492 0.000168
22 0.000000 -0.128023 -0.000163
23 0.000000 -0.099979 -0.000056
24 0.000000 -0.123058 -0.000035
25 0.000000 -0.113929 -0.000013
26 0.000000 -0.141237 0.000043
27 0.000000 -0.102507 -0.000064
28 0.000000 -0.133993 -0.000043
29 0.000000 -0.145799 0.000234
30 0.000000 -0.153087 0.000102
31 0.000000 -0.115825 0.000001
32 0.000000 -0.133307 -0.000057
33 0.000000 -0.103120 -0.000150
34 0.000000 -0.166212 0.000247
35 0.000000 -0.140893 0.000290
36 0.000000 -0.101322 -0.000267
37 0.000000 -0.099987 -0.000079
38 0.000000 -0.149322 0.000133
39 0.000000 -0.100486 -0.000117
40 0.000000 -0.134173 -0.000078
41 0.000000 -0.132605 0.000085
42 0.000000 -0.149229 0.000047
43 0.000000 -0.126560 0.000081
44 0.000000 -0.160225 0.000159
45 0.000000 -0.130992 0.000088
46 0.000000 -0.136661 -0.000029
47 0.000000 -0.091659 -0.000173
48 0.000000 -0.122831 -0.000156
49 0.000000 -0.124739 0.000003
50 0.000000 -0.150268 0.000050
51 0.000000 -0.131230 0.000125
52 0.000000 -0.149040 0.000093
53 0.000000 -0.106876 -0.000072
54 0.000000 -0.140763 0.000085
55 0.000000 -0.094403 -0.000062
56 0.000000 -0.123445 -0.000097
57 0.000000 -0.118346 -0.000043
58 0.000000 -0.133510 -0.000090
59 0.000000 -0.122731 0.000074
60 0.000000 -0.143041 0.000040
61 0.000000 -0.128607 0.000094
62 0.000000 -0.140468 0.000030
63 0.000000 -0.091421 -0.000176
64 0.000000 -0.140476 -0.000025
65 0.000000 -0.108091 -0.000182
66 0.000000 -0.151281 0.000049
67 0.000000 -0.126763 0.000082
68 0.000000 -0.151763 0.000121
69 0.000000 -0.124918 0.000076
70 0.000000 -0.147509 0.000151
71 0.000000 -0.101058 -0.000024
72 0.000000 -0.303162 -0.000070
73 0.000000 -0.497761 0.000002
element 21
poly 0 1 2 3 4 5 6 7 8 9 10 11 12 13 14 15 16 17 18 19 20 21 22 23 24 25 26 27 28 29 30 31 32 33 34 35 36 37 38 39 40 41 42 43 44 45 46 47 48 49 50 51 52 53 54 55 56 57 58 59 60 61 62 63 64 65 66 67 68 69 70 71 72 73
exp
0 0.000000 0.180886 0.000010
1 0.000000 0.395192 0.000147
2 0.000000 0.401852 0.000048
3 0.000000 0.366219 0.000242
4 0.000000 0.349092 -0.000196
5 0.000000 0.313147 -0.000078
6 0.000000 0.232672 0.000049
7 0.000000 0.195669 0.000252
8 0.000000 0.152431 0.000164
9 0.000000 0.160464 0.000027
10 0.000000 0.107578 -0.000015
11 0.000000 0.091176 -0.000004
12 0.000000 0.036844 -0.000014
13 0.000000 0.032690 -0.000052
14 0.000000 -0.037261 0.000081
15 0.000000 -0.055631 0.000181
16 0.000000 -0.085069 -0.000003
17 0.000000 -0.081705 -0.000123
18 0.000000 -0.128943 -0.000077
19 0.000000 -0.095867 -0.000211
20 0.000000 -0.131210 -0.000096
21 0.000000 -0.139995 0.000245
22 0.000000 -0.142096 0.000020
23 0.000000 -0.084137 -0.000222
24 0.000000 -0.130296 0.000037
25 0.000000 -0.128783 0.000139
26 0.000000 -0.174001 0.000270
27 0.000000 -0.112677 -0.000124
28 0.000000 -0.116171 -0.000280
29 0.000000 -0.126173 0.000030
30 0.000000 -0.134228 -0.000043
31 0.000000 -0.114752 0.000033
32 0.000000 -0.148904 0.000181
33 0.000000 -0.092552 -0.000093
34 0.000000 -0.113623 -0.000121
35 0.000000 -0.110460 0.000028
36 0.000000 -0.133850 0.000021
37 0.000000 -0.111036 -0.000022
38 0.000000 -0.151854 0.000095
39 0.000000 -0.109315 -0.000128
40 0.000000 -0.162828 0.000140
41 0.000000 -0.137883 0.000128
42 0.000000 -0.122905 -0.000167
43 0.000000 -0.120831 0.000014
44 0.000000 -0.153175 0.000107
45 0.000000 -0.113312 -0.000048
46 0.000000 -0.127983 -0.000096
47 0.000000 -0.114015 -0.000010
48 0.000000 -0.124546 -0.000155
49 0.000000 -0.122072 -0.000018
50 0.000000 -0.153651 0.000103
51 0.000000 -0.111817 -0.000025
52 0.000000 -0.126119 -0.000115
53 0.000000 -0.119154 0.000021
54 0.000000 -0.141572 -0.000011
55 0.000000 -0.091673 -0.000317
56 0.000000 -0.126968 -0.000125
57 0.000000 -0.113925 0.000024
58 0.000000 -0.156236 0.000171
59 0.000000 -0.111255 -0.000083
60 0.000000 -0.138049 -0.000024
61 0.000000 -0.128517 0.000088
62 0.000000 -0.143106 0.000029
63 0.000000 -0.128389 0.000092
64 0.000000 -0.154486 0.000116
65 0.000000 -0.112702 -0.000065
66 0.000000 -0.136633 -0.000030
67 0.000000 -0.100824 -0.000142
68 0.000000 -0.126198 -0.000060
69 0.000000 -0.106030 -0.000028
70 0.000000 -0.094269 -0.000197
71 0.000000 -0.064924 -0.000184
72 0.000000 -0.328202 0.000133
73 0.000000 -0.538073 0.000087
element 22
poly 0 1 2 3 4 5 6 7 8 9 10 11 12 13 14 15 16 17 18 19 20 21 22 23 24 25 26 27 28 29 30 31 32 33 34 35 36 37 38 39 40 41 42 43 44 45 46 47 48 49 50 51 52 53 54 55 56 57 58 59 60 61 62 63 64 65 66 67 68 69 70 71 72 73
exp
0 0.000000 0.193613 -0.000043
1 0.000000 0.445438 -0.000150
2 0.000000 0.435541 -0.000130
3 0.000000 0.389751 0.000084
4 0.000000 0.320398 0.000127
5 0.000000 0.304335 0.000111
6 0.000000 0.235910 0.000139
7 0.000000 0.257463 -0.000172
8 0.000000 0.201178 -0.000157
9 0.000000 0.167745 0.000065
10 0.000000 0.117434 -0.000016
11 0.000000 0.118483 -0.000138
12 0.000000 0.060640 -0.000178
13 0.000000 0.032363 -0.000050
14 0.000000 -0.023870 -0.000015
15 0.000000 -0.032571 0.000017
16 0.000000 -0.087323 0.000016
17 0.000000 -0.079291 -0.000154
18 0.000000 -0.124036 -0.000166
19 0.000000 -0.113897 -0.000123
20 0.000000 -0.167712 0.000172
21 0.000000 -0.142922 0.000260
22 0.000000 -0.133399 -0.000151
23 0.000000 -0.108879 -0.000154
24 0.000000 -0.152190 0.000115
25 0.000000 -0.126799 0.000053
26 0.000000 -0.147162 0.000001
27 0.000000 -0.110534 -0.000108
28 0.000000 -0.143875 -0.000049
29 0.000000 -0.137815 0.000073
30 0.000000 -0.142832 -0.000041
31 0.000000 -0.106534 -0.000095
32 0.000000 -0.119350 -0.000185
33 0.000000 -0.104157 -0.000157
34 0.000000 -0.148656 0.000093
35 0.000000 -0.125620 0.000172
36 0.000000 -0.149954 0.000104
37 0.000000 -0.132200 0.000081
38 0.000000 -0.140328 -0.000053
39 0.000000 -0.126587 0.000042
40 0.000000 -0.126812 -0.000148
41 0.000000 -0.107413 -0.000107
42 0.000000 -0.159268 0.000095
43 0.000000 -0.120305 -0.000110
44 0.000000 -0.149856 -0.000011
45 0.000000 -0.143407 0.000169
46 0.000000 -0.166885 0.000170
47 0.000000 -0.118908 -0.000049
48 0.000000 -0.151183 0.000048
49 0.000000 -0.105810 -0.000152
50 0.000000 -0.134008 -0.000121
51 0.000000 -0.159531 0.000280
52 0.000000 -0.148347 0.000000
53 0.000000 -0.116342 0.000002
54 0.000000 -0.138931 -0.000037
55 0.000000 -0.109577 -0.000152
56 0.000000 -0.155691 0.000113
57 0.000000 -0.116376 0.000025
58 0.000000 -0.150481 0.000079
59 0.000000 -0.135317 0.000107
60 0.000000 -0.146851 0.000014
61 0.000000 -0.124205 0.000045
62 0.000000 -0.148504 0.000043
63 0.000000 -0.116434 -0.000028
64 0.000000 -0.129123 -0.000170
65 0.000000 -0.132831 0.000011
66 0.000000 -0.162141 0.000078
67 0.000000 -0.120918 -0.000042
68 0.000000 -0.141111 -0.000012
69 0.000000 -0.112586 -0.000054
70 0.000000 -0.136163 0.000089
71 0.000000 -0.100532 0.000061
72 0.000000 -0.359591 0.000265
73 0.000000 -0.551899 -0.000010
element 23
poly 0 1 2 3 4 5 6 7 8 9 10 11 12 13 14 15 16 17 18 19 20 21 22 23 24 25 26 27 28 29 30 31 32 33 34 35 36 37 38 39 40 41 42 43 44 45 46 47 48 49 50 51 52 53 54 55 56 57 58 59 60 61 62 63 64 65 66 67 68 69 70 71 72 73
exp
0 0.000000 0.157257 0.000133
1 0.000000 0.379368 0.000120
2 0.000000 0.390372 -0.000053
3 0.000000 0.365111 -0.000008
4 0.000000 0.299643 0.000041
5 0.000000 0.292049 -0.000080
6 0.000000 0.221238 0.000010
7 0.000000 0.210267 0.000032
8 0.000000 0.178291 -0.000136
9 0.000000 0.144639 0.000085
10 0.000000 0.114183 -0.000121
11 0.000000 0.097203 -0.000078
12 0.000000 0.032853 0.000038
13 0.000000 0.007272 0.000210
14 0.000000 -0.047329 0.000220
15 0.000000 -0.014652 -0.000180
16 0.000000 -0.054928 -0.000183
17 0.000000 -0.090584 0.000171
18 0.000000 -0.118852 0.000041
19 0.000000 -0.078533 -0.000223
20 0.000000 -0.126452 -0.000095
21 0.000000 -0.122256 0.000024
22 0.000000 -0.135438 -0.000041
23 0.000000 -0.100349 -0.000037
24 0.000000 -0.104213 -0.000104
25 0.000000 -0.102642 0.000032
26 0.000000 -0.147929 0.000160
27 0.000000 -0.100942 -0.000132
28 0.000000 -0.108959 -0.000237
29 0.000000 -0.106409 -0.000016
30 0.000000 -0.134174 0.000051
31 0.000000 -0.112010 0.000013
32 0.000000 -0.132653 -0.000014
33 0.000000 -0.094388 -0.000202
34 0.000000 -0.119719 -0.000143
35 0.000000 -0.107025 -0.000026
36 0.000000 -0.137768 0.000063
37 0.000000 -0.108175 -0.000019
38 0.000000 -0.144053 0.000083
39 0.000000 -0.100767 -0.000143
40 0.000000 -0.113732 -0.000166
41 0.000000 -0.104302 -0.000014
42 0.000000 -0.117359 -0.000112
43 0.000000 -0.101162 -0.000118
44 0.000000 -0.148380 0.000120
45 0.000000 -0.118497 0.000070
46 0.000000 -0.130231 -0.000046
47 0.000000 -0.120414 0.000014
48 0.000000 -0.139700 0.000004
49 0.000000 -0.127618 0.000117
50 0.000000 -0.156822 0.000154
51 0.000000 -0.112870 -0.000083
52 0.000000 -0.147229 0.000077
53 0.000000 -0.115734 0.000016
54 0.000000 -0.122221 -0.000072
55 0.000000 -0.097777 -0.000056
56 0.000000 -0.119362 -0.000051
57 0.000000 -0.125007 0.000185
58 0.000000 -0.124608 -0.000011
59 0.000000 -0.080946 -0.000232
60 0.000000 -0.120497 -0.000060
61 0.000000 -0.111956 0.000062
62 0.000000 -0.133720 0.000008
63 0.000000 -0.100892 -0.000131
64 0.000000 -0.142308 0.000053
65 0.000000 -0.151675 0.000321
66 0.000000 -0.142948 0.000065
67 0.000000 -0.119477 0.000062
68 0.000000 -0.124238 -0.000032
69 0.000000 -0.085931 -0.000178
70 0.000000 -0.128976 0.000042
71 0.000000 -0.112655 0.000061
72 0.000000 -0.305651 -0.000078
73 0.000000 -0.501685 -0.000045
element 24
poly 0 1 2 3 4 5 6 7 8 9 10 11 12 13 14 15 16 17 18 19 20 21 22 23 24 25 26 27 28 29 30 31 32 33 34 35 36 37 38 39 40 41 42 43 44 45 46 47 48 49 50 51 52 53 54 55 56 57 58 59 60 61 62 63 64 65 66 67 68 69 70 71 72 73
exp
0 0.000000 0.135841 -0.000017
1 0.000000 0.334159 0.000048
2 0.000000 0.332321 0.000106
3 0.000000 0.331884 -0.000011
4 0.000000 0.291261 -0.000127
5 0.000000 0.246271 0.000085
6 0.000000 0.221696 -0.000143
7 0.000000 0.219425 -0.000199
8 0.000000 0.142832 0.000076
9 0.000000 0.143895 -0.000045
10 0.000000 0.105976 -0.000135
11 0.000000 0.068778 0.000079
12 0.000000 0.021073 0.000093
13 0.000000 0.012895 0.000087
14 0.000000 -0.008204 -0.000098
15 0.000000 -0.002011 -0.000223
16 0.000000 -0.078350 0.000131
17 0.000000 -0.077897 0.000076
18 0.000000 -0.104127 -0.000028
19 0.000000 -0.106018 0.000062
20 0.000000 -0.105559 -0.000128
21 0.000000 -0.086180 -0.000111
22 0.000000 -0.110470 -0.000057
23 0.000000 -0.078537 -0.000095
24 0.000000 -0.108924 0.000112
25 0.000000 -0.081268 0.000012
26 0.000000 -0.098485 -0.000072
27 0.000000 -0.103999 0.000060
28 0.000000 -0.106472 -0.000069
29 0.000000 -0.095560 0.000002
30 0.000000 -0.132629 0.000158
31 0.000000 -0.079079 -0.000201
32 0.000000 -0.103274 -0.000136
33 0.000000 -0.113602 0.000129
34 0.000000 -0.107529 -0.000047
35 0.000000 -0.078321 -0.000131
36 0.000000 -0.113027 0.000013
37 0.000000 -0.093180 -0.000023
38 0.000000 -0.123353 0.000066
39 0.000000 -0.102623 0.000015
40 0.000000 -0.103436 -0.000110
41 0.000000 -0.086408 -0.000079
42 0.000000 -0.120275 0.000027
43 0.000000 -0.096645 -0.000074
44 0.000000 -0.118781 -0.000015
45 0.000000 -0.109096 0.000072
46 0.000000 -0.101808 -0.000139
47 0.000000 -0.094963 -0.000040
48 0.000000 -0.108333 -0.000064
49 0.000000 -0.096044 -0.000021
50 0.000000 -0.124158 0.000058
51 0.000000 -0.096941 -0.000009
52 0.000000 -0.120393 0.000042
53 0.000000 -0.108921 0.000087
54 0.000000 -0.090115 -0.000244
55 0.000000 -0.085451 -0.000132
56 0.000000 -0.129361 0.000115
57 0.000000 -0.102201 0.000026
58 0.000000 -0.107457 -0.000107
59 0.000000 -0.096281 -0.000058
60 0.000000 -0.128254 0.000072
61 0.000000 -0.122320 0.000178
62 0.000000 -0.122322 0.000055
63 0.000000 -0.067009 -0.000248
64 0.000000 -0.100797 -0.000098
65 0.000000 -0.088627 -0.000061
66 0.000000 -0.116931 -0.000007
67 0.000000 -0.121008 0.000152
68 0.000000 -0.116605 0.000055
69 0.000000 -0.059279 -0.000218
70 0.000000 -0.054224 -0.000244
71 0.000000 -0.043682 -0.000051
72 0.000000 -0.283347 0.000267
73 0.000000 -0.472038 0.000212
element 25
poly 0 1 2 3 4 5 6 7 8 9 10 11 12 13 14 15 16 17 18 19 20 21 22 23 24 25 26 27 28 29 30 31 32 33 34 35 36 37 38 39 40 41 42 43 44 45 46 47 48 49 50 51 52 53 54 55 56 57 58 59 60 61 62 63 64 65 66 67 68 69 70 71 72 73
exp
0 0.000000 0.034539 -0.000060
1 0.000000 0.255177 0.000002
2 0.000000 0.226461 -0.000066
3 0.000000 0.283729 0.000028
4 0.000000 0.204293 -0.000021
5 0.000000 0.231986 0.000104
6 0.000000 0.149750 -0.000018
7 0.000000 0.196399 -0.000054
8 0.000000 0.098980 0.000016
9 0.000000 0.141305 -0.000016
10 0.000000 0.056953 0.000012
11 0.000000 0.112820 -0.000035
12 0.000000 0.030405 -0.000086
13 0.000000 0.061037 0.000024
14 0.000000 -0.025070 0.000048
15 0.000000 0.022525 0.000044
16 0.000000 -0.055448 0.000001
17 0.000000 0.003414 -0.000119
18 0.000000 -0.104970 0.000038
19 0.000000 -0.046485 -0.000003
20 0.000000 -0.115935 -0.000036
21 0.000000 -0.054441 0.000121
22 0.000000 -0.109239 -0.000075
23 0.000000 -0.037530 -0.000002
24 0.000000 -0.099094 0.000009
25 0.000000 -0.044346 0.000015
26 0.000000 -0.106487 -0.000024
27 0.000000 -0.051388 0.000083
28 0.000000 -0.106587 -0.000055
29 0.000000 -0.050531 -0.000015
30 0.000000 -0.116713 0.000008
31 0.000000 -0.049112 -0.000003
32 0.000000 -0.114681 0.000007
33 0.000000 -0.041127 -0.000060
34 0.000000 -0.115370 0.000033
35 0.000000 -0.048047 0.000037
36 0.000000 -0.105959 -0.000045
37 0.000000 -0.046324 0.000005
38 0.000000 -0.118999 0.000057
39 0.000000 -0.053006 0.000039
40 0.000000 -0.118648 0.000039
41 0.000000 -0.047268 -0.000017
42 0.000000 -0.109527 -0.000030
43 0.000000 -0.048760 0.000039
44 0.000000 -0.117364 0.000045
45 0.000000 -0.058749 0.000081
46 0.000000 -0.111428 -0.000024
47 0.000000 -0.036893 -0.000102
48 0.000000 -0.122208 0.000073
49 0.000000 -0.053075 0.000008
50 0.000000 -0.112574 -0.000018
51 0.000000 -0.040963 -0.000049
52 0.000000 -0.117286 0.000045
53 0.000000 -0.053340 0.000071
54 0.000000 -0.109819 -0.000020
55 0.000000 -0.052371 0.000049
56 0.000000 -0.108567 -0.000033
57 0.000000 -0.043810 -0.000027
58 0.000000 -0.107388 -0.000041
59 0.000000 -0.044930 -0.000013
60 0.000000 -0.115317 0.000028
61 0.000000 -0.048397 0.000011
62 0.000000 -0.113617 0.000017
63 0.000000 -0.054640 0.000093
64 0.000000 -0.108590 -0.000025
65 0.000000 -0.041912 -0.000051
66 0.000000 -0.115455 0.000016
67 0.000000 -0.051494 0.000002
68 0.000000 -0.111957 0.000008
69 0.000000 -0.044183 0.000066
70 0.000000 -0.075711 -0.000030
71 0.000000 0.060244 0.000046
72 0.000000 -0.134842 -0.000036
73 0.000000 -0.302396 0.000020
element 26
poly 0 1 2 3 4 5 6 7 8 9 10 11 12 13 14 15 16 17 18 19 20 21 22 23 24 25 26 27 28 29 30 31 32 33 34 35 36 37 38 39 40 41 42 43 44 45 46 47 48 49 50 51 52 53 54 55 56 57 58 59 60 61 62 63 64 65 66 67 68 69 70 71 72 73
exp
0 0.000000 0.039326 -0.000115
1 0.000000 0.235952 0.000057
2 0.000000 0.201733 0.000034
3 0.000000 0.266431 -0.000020
4 0.000000 0.190659 -0.000009
5 0.000000 0.237908 -0.000017
6 0.000000 0.138947 0.000043
7 0.000000 0.187415 -0.000056
8 0.000000 0.095923 -0.000006
9 0.000000 0.123402 0.000076
10 0.000000 0.059840 -0.000048
11 0.000000 0.108006 -0.000054
12 0.000000 0.015375 0.000039
13 0.000000 0.060422 0.000008
14 0.000000 -0.017589 -0.000017
15 0.000000 0.015674 0.000063
16 0.000000 -0.055668 0.000011
17 0.000000 -0.009651 -0.000014
18 0.000000 -0.098108 0.000027
19 0.000000 -0.047150 0.000049
20 0.000000 -0.109085 -0.000016
21 0.000000 -0.033875 -0.000010
22 0.000000 -0.113837 0.000024
23 0.000000 -0.042402 0.000007
24 0.000000 -0.097363 0.000004
25 0.000000 -0.050175 0.000064
26 0.000000 -0.096080 -0.000091
27 0.000000 -0.055623 0.000095
28 0.000000 -0.110511 0.000025
29 0.000000 -0.034911 -0.000106
30 0.000000 -0.113507 0.000053
31 0.000000 -0.048059 0.000016
32 0.000000 -0.101241 -0.000059
33 0.000000 -0.042278 -0.000048
34 0.000000 -0.112967 0.000066
35 0.000000 -0.040242 0.000000
36 0.000000 -0.098402 -0.000047
37 0.000000 -0.044925 0.000006
38 0.000000 -0.106732 0.000001
39 0.000000 -0.044058 0.000001
40 0.000000 -0.107768 0.000018
41 0.000000 -0.046943 0.000010
42 0.000000 -0.107722 0.000012
43 0.000000 -0.037338 -0.000064
44 0.000000 -0.103213 -0.000025
45 0.000000 -0.048356 0.000011
46 0.000000 -0.110690 0.000037
47 0.000000 -0.041444 -0.000003
48 0.000000 -0.098174 -0.000053
49 0.000000 -0.037768 -0.000048
50 0.000000 -0.107609 0.000030
51 0.000000 -0.035685 -0.000049
52 0.000000 -0.104030 -0.000006
53 0.000000 -0.041782 -0.000028
54 0.000000 -0.102787 -0.000029
55 0.000000 -0.045596 0.000020
56 0.000000 -0.111495 0.000047
57 0.000000 -0.040044 -0.000058
58 0.000000 -0.103355 -0.000023
59 0.000000 -0.048053 0.000064
60 0.000000 -0.107151 0.000006
61 0.000000 -0.046179 -0.000027
62 0.000000 -0.115751 0.000060
63 0.000000 -0.046161 0.000009
64 0.000000 -0.102149 -0.000048
65 0.000000 -0.050550 0.000044
66 0.000000 -0.115508 0.000066
67 0.000000 -0.039640 -0.000080
68 0.000000 -0.103222 -0.000004
69 0.000000 -0.035299 0.000042
70 0.000000 -0.073802 0.000012
71 0.000000 0.059281 0.000017
72 0.000000 -0.127885 -0.000035
73 0.000000 -0.288122 0.000038
element 27
poly 0 1 2 3 4 5 6 7 8 9 10 11 12 13 14 15 16 17 18 19 20 21 22 23 24 25 26 27 28 29 30 31 32 33 34 35 36 37 38 39 40 41 42 43 44 45 46 47 48 49 50 51 52 53 54 55 56 57 58 59 60 61 62 63 64 65 66 67 68 69 70 71 72 73
exp
0 0.000000 0.014290 0.000097
1 0.000000 0.250810 -0.000081
2 0.000000 0.203023 0.000029
3 0.000000 0.274756 -0.000079
4 0.000000 0.185699 0.000036
5 0.000000 0.229688 0.000035
6 0.000000 0.146095 -0.000020
7 0.000000 0.184156 0.000016
8 0.000000 0.105038 -0.000038
9 0.000000 0.137716 0.000041
10 0.000000 0.062293 -0.000031
11 0.000000 0.101979 -0.000002
12 0.000000 0.015476 0.000039
13 0.000000 0.062098 0.000026
14 0.000000 -0.018179 0.000000
15 0.000000 0.031494 -0.000085
16 0.000000 -0.055850 0.000012
17 0.000000 -0.009571 0.000008
18 0.000000 -0.096250 0.000009
19 0.000000 -0.046013 0.000037
20 0.000000 -0.110734 -0.000035
21 0.000000 -0.050668 0.000053
22 0.000000 -0.119259 0.000027
23 0.000000 -0.032197 -0.000064
24 0.000000 -0.102424 0.000063
25 0.000000 -0.037925 -0.000021
26 0.000000 -0.105971 -0.000001
27 0.000000 -0.041801 -0.000057
28 0.000000 -0.114742 0.000041
29 0.000000 -0.046286 -0.000011
30 0.000000 -0.109204 0.000000
31 0.000000 -0.048462 0.000022
32 0.000000 -0.105716 -0.000029
33 0.000000 -0.053226 0.000042
34 0.000000 -0.110823 0.000012
35 0.000000 -0.047580 0.000018
36 0.000000 -0.109863 0.000014
37 0.000000 -0.047771 -0.000007
38 0.000000 -0.101850 -0.000065
39 0.000000 -0.050260 0.000038
40 0.000000 -0.100807 -0.000044
41 0.000000 -0.039272 0.000002
42 0.000000 -0.106536 0.000034
43 0.000000 -0.039966 0.000003
44 0.000000 -0.103894 -0.000004
45 0.000000 -0.046626 0.000031
46 0.000000 -0.102345 -0.000047
47 0.000000 -0.048331 0.000003
48 0.000000 -0.107242 -0.000019
49 0.000000 -0.041566 -0.000034
50 0.000000 -0.113868 0.000056
51 0.000000 -0.052221 0.000067
52 0.000000 -0.100473 -0.000060
53 0.000000 -0.036624 -0.000071
54 0.000000 -0.112272 0.000044
55 0.000000 -0.043455 -0.000030
56 0.000000 -0.102312 -0.000066
57 0.000000 -0.056290 0.000071
58 0.000000 -0.112804 0.000026
59 0.000000 -0.042287 -0.000033
60 0.000000 -0.108471 0.000008
61 0.000000 -0.040344 -0.000029
62 0.000000 -0.102910 -0.000039
63 0.000000 -0.055414 0.000069
64 0.000000 -0.111575 0.000027
65 0.000000 -0.047978 0.000027
66 0.000000 -0.105694 -0.000015
67 0.000000 -0.047167 0.000012
68 0.000000 -0.096063 -0.000057
69 0.000000 -0.032598 0.000037
70 0.000000 -0.067403 -0.000043
71 0.000000 0.057451 0.000051
72 0.000000 -0.125502 -0.000064
73 0.000000 -0.291357 0.000039
element 28
poly 0 1 2 3 4 5 6 7 8 9 10 11 12 13 14 15 16 17 18 19 20 21 22 23 24 25 26 27 28 29 30 31 32 33 34 35 36 37 38 39 40 41 42 43 44 45 46 47 48 49 50 51 52 53 54 55 56 57 58 59 60 61 62 63 64 65 66 67 68 69 70 71 72 73
exp
0 0.000000 0.044186 0.000018
1 0.000000 0.153653 0.000022
2 0.000000 0.152043 -0.000019
3 0.000000 0.146026 -0.000036
4 0.000000 0.110649 0.000008
5 0.000000 0.103004 0.000020
6 0.000000 0.080014 -0.000028
7 0.000000 0.078008 -0.000026
8 0.000000 0.051054 0.000013
9 0.000000 0.054939 -0.000015
10 0.000000 0.032883 -0.000006
11 0.000000 0.033574 0.000007
12 0.000000 0.016594 -0.000034
13 0.000000 0.016136 -0.000022
14 0.000000 -0.013336 0.000055
15 0.000000 -0.008670 0.000042
16 0.000000 -0.026555 0.000009
17 0.000000 -0.027087 0.000007
18 0.000000 -0.039518 -0.000076
19 0.000000 -0.039516 -0.000004
20 0.000000 -0.051580 -0.000010
21 0.000000 -0.041846 0.000034
22 0.000000 -0.051137 0.000006
23 0.000000 -0.032588 -0.000003
24 0.000000 -0.048203 0.000057
25 0.000000 -0.037461 0.000009
26 0.000000 -0.045470 -0.000040
27 0.000000 -0.036591 -0.000023
28 0.000000 -0.057098 0.000061
29 0.000000 -0.040030 0.000014
30 0.000000 -0.049659 0.000004
31 0.000000 -0.044438 0.000062
32 0.000000 -0.050020 0.000016
33 0.000000 -0.024478 -0.000101
34 0.000000 -0.051791 0.000051
35 0.000000 -0.037250 0.000028
36 0.000000 -0.041514 -0.000049
37 0.000000 -0.032506 -0.000041
38 0.000000 -0.049612 0.000017
39 0.000000 -0.040229 0.000045
40 0.000000 -0.044065 -0.000025
41 0.000000 -0.036264 0.000004
42 0.000000 -0.051381 0.000038
43 0.000000 -0.032541 -0.000024
44 0.000000 -0.044599 -0.000023
45 0.000000 -0.035156 -0.000016
46 0.000000 -0.048162 0.000000
47 0.000000 -0.038169 0.000021
48 0.000000 -0.046689 -0.000000
49 0.000000 -0.036304 0.000014
50 0.000000 -0.048168 0.000012
51 0.000000 -0.034992 -0.000002
52 0.000000 -0.049222 0.000013
53 0.000000 -0.033286 -0.000037
54 0.000000 -0.050098 0.000004
55 0.000000 -0.037513 -0.000011
56 0.000000 -0.045227 -0.000030
57 0.000000 -0.039197 0.000035
58 0.000000 -0.051735 0.000036
59 0.000000 -0.038983 0.000013
60 0.000000 -0.047120 -0.000006
61 0.000000 -0.031027 -0.000029
62 0.000000 -0.047656 0.000010
63 0.000000 -0.037713 0.000011
64 0.000000 -0.051358 0.000019
65 0.000000 -0.040558 0.000013
66 0.000000 -0.051782 0.000016
67 0.000000 -0.038343 0.000004
68 0.000000 -0.044333 -0.000013
69 0.000000 -0.028450 -0.000024
70 0.000000 -0.028805 -0.000035
71 0.000000 -0.008343 0.000039
72 0.000000 -0.102350 0.000062
73 0.000000 -0.191158 -0.000005
element 29
poly 0 1 2 3 4 5 6 7 8 9 10 11 12 13 14 15 16 17 18 19 20 21 22 23 24 25 26 27 28 29 30 31 32 33 34 35 36 37 38 39 40 41 42 43 44 45 46 47 48 49 50 51 52 53 54 55 56 57 58 59 60 61 62 63 64 65 66 67 68 69 70 71 72 73
exp
0 0.000000 0.139246 -0.000012
1 0.000000 0.517788 -0.000158
2 0.000000 0.250992 -0.000032
3 0.000000 0.315373 -0.000041
4 0.000000 0.010188 -0.000093
5 0.000000 0.123272 -0.000060
6 0.000000 -0.070535 -0.000051
7 0.000000 0.087360 -0.000204
8 0.000000 -0.115689 0.000015
9 0.000000 0.028960 0.000066
10 0.000000 -0.132504 0.000022
11 0.000000 0.051312 -0.000138
12 0.000000 -0.121751 -0.000086
13 0.000000 0.048526 -0.000180
14 0.000000 -0.131125 0.000013
15 0.000000 0.053468 -0.000141
16 0.000000 -0.126149 0.000038
17 0.000000 0.077622 -0.000278
18 0.000000 -0.125965 0.000059
19 0.000000 0.062856 -0.000158
20 0.000000 -0.099199 -0.000178
21 0.000000 0.050035 -0.000019
22 0.000000 -0.104927 -0.000126
23 0.000000 0.050435 -0.000063
24 0.000000 -0.126883 0.000020
25 0.000000 0.062032 -0.000209
26 0.000000 -0.126568 0.000039
27 0.000000 0.015284 0.000265
28 0.000000 -0.125249 0.000038
29 0.000000 0.052461 -0.000094
30 0.000000 -0.136460 0.000133
31 0.000000 0.022265 0.000214
32 0.000000 -0.111409 -0.000069
33 0.000000 0.044142 -0.000007
34 0.000000 -0.123878 0.000017
35 0.000000 0.039424 0.000075
36 0.000000 -0.111539 -0.000062
37 0.000000 0.046962 -0.000009
38 0.000000 -0.112812 -0.000104
39 0.000000 0.050366 -0.000140
40 0.000000 -0.107808 -0.000142
41 0.000000 0.066324 -0.000145
42 0.000000 -0.116029 -0.000014
43 0.000000 0.048564 -0.000048
44 0.000000 -0.133901 0.000072
45 0.000000 0.011758 0.000235
46 0.000000 -0.132274 0.000090
47 0.000000 0.053841 -0.000034
48 0.000000 -0.114527 -0.000018
49 0.000000 0.070244 -0.000190
50 0.000000 -0.114882 -0.000040
51 0.000000 0.044609 -0.000021
52 0.000000 -0.138035 0.000152
53 0.000000 0.057489 -0.000105
54 0.000000 -0.127601 0.000059
55 0.000000 0.065333 -0.000194
56 0.000000 -0.127084 0.000040
57 0.000000 0.040327 0.000016
58 0.000000 -0.125115 0.000001
59 0.000000 0.072588 -0.000293
60 0.000000 -0.120024 -0.000032
61 0.000000 0.061765 -0.000180
62 0.000000 -0.111309 -0.000060
63 0.000000 0.058369 -0.000065
64 0.000000 -0.119886 0.000002
65 0.000000 0.026436 0.000085
66 0.000000 -0.130294 0.000047
67 0.000000 0.038070 0.000037
68 0.000000 -0.127994 0.000077
69 0.000000 0.040607 0.000031
70 0.000000 -0.118024 -0.000040
71 0.000000 0.018777 0.000086
72 0.000000 -0.247143 -0.000087
73 0.000000 -0.464140 0.000154
element 30
poly 0 1 2 3 4 5 6 7 8 9 10 11 12 13 14 15 16 17 18 19 20 21 22 23 24 25 26 27 28 29 30 31 32 33 34 35 36 37 38 39 40 41 42 43 44 45 46 47 48 49 50 51 52 53 54 55 56 57 58 59 60 61 62 63 64 65 66 67 68 69 70 71 72 73
exp
0 0.000000 -0.811367 0.002780
1 0.000000 1.123935 0.000094
2 0.000000 -0.349899 0.000814
3 0.000000 1.049558 0.000047
4 0.000000 -0.531492 0.001463
5 0.000000 0.718027 0.000090
6 0.000000 -0.590089 0.001754
7 0.000000 0.608222 0.000093
8 0.000000 -0.644871 0.002013
9 0.000000 0.562355 -0.000026
10 0.000000 -0.692809 0.002286
11 0.000000 0.542026 0.000017
12 0.000000 -0.716644 0.002424
13 0.000000 0.559043 0.000043
14 0.000000 -0.687729 0.002190
15 0.000000 0.581575 0.000006
16 0.000000 -0.699570 0.002302
17 0.000000 0.572886 0.000050
18 0.000000 -0.701046 0.002308
19 0.000000 0.565109 0.000074
20 0.000000 -0.693325 0.002223
21 0.000000 0.578875 0.000079
22 0.000000 -0.705605 0.002351
23 0.000000 0.583828 -0.000077
24 0.000000 -0.702679 0.002295
25 0.000000 0.581251 0.000125
26 0.000000 -0.698527 0.002332
27 0.000000 0.577284 0.000045
28 0.000000 -0.697488 0.002283
29 0.000000 0.574446 0.000040
30 0.000000 -0.711902 0.002451
31 0.000000 0.573434 0.000079
32 0.000000 -0.696710 0.002245
33 0.000000 0.587457 0.000128
34 0.000000 -0.722707 0.002540
35 0.000000 0.616772 -0.000246
36 0.000000 -0.717337 0.002483
37 0.000000 0.581813 -0.000040
38 0.000000 -0.696379 0.002250
39 0.000000 0.548442 0.000174
40 0.000000 -0.707954 0.002342
41 0.000000 0.573260 0.000102
42 0.000000 -0.683327 0.002159
43 0.000000 0.574293 0.000129
44 0.000000 -0.693080 0.002239
45 0.000000 0.580207 -0.000023
46 0.000000 -0.712873 0.002408
47 0.000000 0.595775 -0.000039
48 0.000000 -0.707649 0.002361
49 0.000000 0.587035 0.000102
50 0.000000 -0.696974 0.002259
51 0.000000 0.592998 -0.000071
52 0.000000 -0.723550 0.002526
53 0.000000 0.594831 -0.000134
54 0.000000 -0.704751 0.002372
55 0.000000 0.570108 -0.000036
56 0.000000 -0.712657 0.002407
57 0.000000 0.592834 -0.000086
58 0.000000 -0.712482 0.002475
59 0.000000 0.606938 -0.000133
60 0.000000 -0.703655 0.002342
61 0.000000 0.591879 -0.000091
62 0.000000 -0.715299 0.002472
63 0.000000 0.579458 0.000067
64 0.000000 -0.693422 0.002261
65 0.000000 0.563378 0.000043
66 0.000000 -0.703867 0.002321
67 0.000000 0.577204 0.000028
68 0.000000 -0.705500 0.002388
69 0.000000 0.581286 0.000135
70 0.000000 -0.687168 0.002211
71 0.000000 0.808842 -0.000056
72 0.000000 0.092549 -0.000110
73 0.000000 -0.593255 0.001064
element 31
poly 1 2 3 5 7 9 11 13 15 17 19 21 23 25 27 29 31 33 35 37 39 41 43 45 47 49 51 53 55 57 59 61 63 65 67 69 71 72
exp 0 4 6 8 10 12 14 16 18 20 22 24 26 28 30 32 34 36 38 40 42 44 46 48 50 52 54 56 58 60 62 64 66 68 70 73
0 31.523090 0.139772 -0.000008
1 0.000000 4.544298 0.000028
2 0.000000 -0.492910 0.005782
3 0.000000 4.062920 0.000060
4 25.278271 0.077784 0.068107
5 0.000000 2.755140 -0.000176
6 23.630553 0.083477 0.054246
7 0.000000 2.527747 -0.000574
8 24.522626 0.089821 0.028542
9 0.000000 2.433454 -0.000420
10 24.336444 0.094096 0.022294
11 0.000000 2.474040 -0.000539
12 25.133232 0.091368 0.023097
13 0.000000 2.466830 -0.000228
14 24.888620 0.090906 0.020214
15 0.000000 2.520561 -0.000379
16 25.077263 0.089844 0.019076
17 0.000000 2.459664 -0.000048
18 25.351595 0.090358 0.023181
19 0.000000 2.504762 -0.000507
20 25.408318 0.086617 0.026636
21 0.000000 2.434167 -0.000025
22 24.948698 0.089232 0.018343
23 0.000000 2.555440 -0.000404
24 25.085196 0.089810 0.034200
25 0.000000 2.512906 -0.000516
26 25.062352 0.093874 0.020727
27 0.000000 2.553779 -0.000400
28 25.052253 0.089948 0.021884
29 0.000000 2.475490 -0.000207
30 25.302388 0.091148 0.019796
31 0.000000 2.531814 -0.000411
32 25.202773 0.092069 0.023347
33 0.000000 2.526522 -0.000837
34 25.237877 0.094164 0.017669
35 0.000000 2.497201 0.000081
36 25.507752 0.086871 0.037181
37 0.000000 2.552278 -0.000685
38 25.076686 0.091843 0.017322
39 0.000000 2.560221 -0.000779
40 25.474120 0.089737 0.028684
41 0.000000 2.491885 -0.000426
42 24.678447 0.092445 0.021318
43 0.000000 2.529337 -0.000510
44 25.570364 0.090074 0.030244
45 0.000000 2.489429 -0.000410
46 25.536650 0.091889 0.022276
47 0.000000 2.576359 -0.000636
48 25.213262 0.090537 0.026981
49 0.000000 2.489893 -0.000532
50 25.571360 0.091579 0.025118
51 0.000000 2.515393 -0.000419
52 25.166682 0.094009 0.019506
53 0.000000 2.551265 -0.000808
54 24.944116 0.098560 0.020860
55 0.000000 2.595602 -0.000459
56 25.247980 0.087195 0.031535
57 0.000000 2.459436 -0.000420
58 25.238443 0.090643 0.023180
59 0.000000 2.525785 -0.000370
60 25.148991 0.090669 0.024005
61 0.000000 2.514292 -0.000459
62 25.376050 0.095927 0.018769
63 0.000000 2.588700 -0.000888
64 24.801445 0.094151 0.021505
65 0.000000 2.509686 -0.000812
66 25.099555 0.092854 0.020132
67 0.000000 2.538464 -0.000574
68 25.341456 0.091271 0.022883
69 0.000000 2.527456 -0.000700
70 25.265360 0.093150 0.024642
71 0.000000 3.723034 -0.002488
72 0.000000 2.284824 -0.022758
73 31.826390 0.081772 0.003159
element 32
poly 1 2 3 5 7 9 11 13 15 17 19 21 23 25 27 29 31 33 35 37 39 41 43 45 47 49 51 53 55 57 59 61 63 65 67 69 71 72
exp 0 4 6 8 10 12 14 16 18 20 22 24 26 28 30 32 34 36 38 40 42 44 46 48 50 52 54 56 58 60 62 64 66 68 70 73
0 31.498557 0.135883 -0.000220
1 0.000000 4.560011 0.000128
2 0.000000 -0.457682 0.005684
3 0.000000 3.981356 0.000289
4 24.508590 0.078931 0.056788
5 0.000000 2.741146 -0.000102
6 24.085785 0.078193 0.063569
7 0.000000 2.527953 -0.000226
8 23.747500 0.092330 0.024248
9 0.000000 2.431739 -0.000283
10 24.318006 0.092884 0.020259
11 0.000000 2.450457 -0.000406
12 24.835122 0.091624 0.027207
13 0.000000 2.448026 -0.000629
14 24.556792 0.091731 0.027218
15 0.000000 2.484957 -0.000335
16 24.988373 0.093014 0.025895
17 0.000000 2.469401 -0.000446
18 24.814915 0.096621 0.015132
19 0.000000 2.536800 -0.000526
20 24.793447 0.089751 0.023894
21 0.000000 2.511632 -0.000334
22 25.224976 0.093539 0.028969
23 0.000000 2.572609 -0.000894
24 25.187817 0.091455 0.021330
25 0.000000 2.543257 -0.000713
26 24.733426 0.096403 0.016525
27 0.000000 2.452008 -0.000289
28 25.418961 0.087369 0.032000
29 0.000000 2.458724 -0.000299
30 25.466860 0.089581 0.030925
31 0.000000 2.551605 -0.000559
32 24.999429 0.097168 0.026194
33 0.000000 2.575795 -0.000587
34 24.853689 0.092443 0.027904
35 0.000000 2.543098 -0.000577
36 25.211747 0.092797 0.023603
37 0.000000 2.565005 -0.000816
38 25.224732 0.091702 0.021634
39 0.000000 2.521715 -0.000947
40 25.192717 0.092764 0.025627
41 0.000000 2.450670 -0.000165
42 25.554977 0.086918 0.034055
43 0.000000 2.505937 -0.000382
44 25.060500 0.093097 0.025817
45 0.000000 2.494374 -0.000371
46 25.021078 0.090805 0.022658
47 0.000000 2.521626 -0.000245
48 24.890124 0.090433 0.027841
49 0.000000 2.495949 -0.000442
50 25.027144 0.093134 0.020590
51 0.000000 2.523810 -0.000457
52 25.262013 0.091204 0.029542
53 0.000000 2.522201 -0.000510
54 24.938546 0.093779 0.024306
55 0.000000 2.489941 -0.000801
56 24.856594 0.097216 0.017945
57 0.000000 2.570419 -0.000782
58 24.688433 0.096380 0.019475
59 0.000000 2.515815 -0.000548
60 25.147661 0.092596 0.030516
61 0.000000 2.481732 -0.000295
62 25.561840 0.089540 0.031401
63 0.000000 2.512792 -0.000444
64 24.943363 0.091059 0.026223
65 0.000000 2.511773 -0.000671
66 25.157416 0.095154 0.023876
67 0.000000 2.525810 -0.000501
68 24.800166 0.093078 0.027258
69 0.000000 2.489381 -0.000458
70 25.163576 0.093422 0.029492
71 0.000000 3.794730 -0.002914
72 0.000000 2.285727 -0.022548
73 31.428462 0.084996 -0.001228
