0 1.0
1 1.0050041680558035
2 1.020066755619076
3 1.0453385141288605
4 1.081072371838455
5 1.1276259652063807
6 1.1854652182422678
7 1.255169005630943
8 1.3374349463048447
9 1.4330863854487745
10 1.5430806348152437
11 1.6685185538222564
12 1.8106555673243752
13 1.9709142303266285
14 2.150898465393141
15 2.352409615243247
16 2.5774644711948853
17 2.8283154578899676
18 3.1074731763172667
19 3.417731530750953
20 3.7621956910836314
21 4.144313170410316
22 4.567908328898228
23 5.037220649268764
24 5.556947166965509
25 6.132289479663686
26 6.769005806608012
27 7.473468618806294
28 8.252728416861137
29 9.114584294749738
30 10.067661995777765
31 11.121500241917596
32 12.28664620054386
33 13.574761044029566
34 14.998736658678675
35 16.572824671057315
36 18.31277908306264
37 20.23601394326887
38 22.3617776325785
39 24.711345508487994
40 27.308232836016487
41 30.17843013638188
42 33.35066330887282
43 36.85668112930399
44 40.7315730024356
45 45.014120148530026
46 49.74718373883925
47 54.97813386461261
48 60.75932363289199
49 67.14861313400323
50 74.20994852478785
51 82.01400202323367
52 90.63887921978599
53 100.17090078434937
54 110.70546639256489
55 122.34800951782942
56 135.21505264493462
57 149.43537346625888
58 165.15129373219713
59 182.52010365507383
60 201.7156361224559
61 222.93000647511832
62 246.3755352619463
63 272.28687321535324
64 300.9233497146777
65 332.5715682417774
66 367.5482748050054
67 406.203528039723
68 448.9242027127831
69 496.1378616952276
70 548.317035155212
71 605.9839497987504
72 669.7157554901132
73 740.1503015616607
74 817.992520624344
75 904.0214837702166
76 999.0981977777762
77 1104.174222357196
78 1220.3011936797398
