0 1.0
9 0.995184726672
19 0.980785280403
29 0.956940335732
39 0.923879532511
49 0.881921264348
58 0.831469612303
68 0.773010453363
78 0.707106781187
88 0.634393284164
98 0.55557023302
107 0.471396736826
117 0.382683432365
127 0.290284677254
137 0.195090322016
147 0.0980171403296
157 6.12323399574e-17
166 -0.0980171403296
176 -0.195090322016
186 -0.290284677254
196 -0.382683432365
206 -0.471396736826
215 -0.55557023302
225 -0.634393284164
235 -0.707106781187
245 -0.773010453363
255 -0.831469612303
265 -0.881921264348
274 -0.923879532511
284 -0.956940335732
294 -0.980785280403
304 -0.995184726672
314 -1.0
323 -0.995184726672
333 -0.980785280403
343 -0.956940335732
353 -0.923879532511
363 -0.881921264348
373 -0.831469612303
382 -0.773010453363
392 -0.707106781187
402 -0.634393284164
412 -0.55557023302
422 -0.471396736826
431 -0.382683432365
441 -0.290284677254
451 -0.195090322016
461 -0.0980171403296
471 -1.83697019872e-16
481 0.0980171403296
490 0.195090322016
500 0.290284677254
510 0.382683432365
520 0.471396736826
530 0.55557023302
539 0.634393284164
549 0.707106781187
559 0.773010453363
569 0.831469612303
579 0.881921264348
589 0.923879532511
598 0.956940335732
608 0.980785280403
