6176	
6008	
5696	
6154	
6010	
5452	
5818	
6156	
4834	
6158	
6160	
2276	
2278	
2280	
6162	
4832	
2130	
4836	
5700	
4838	
5702	
3860	
6164	
5822	
2282	
5824	
4840	
5704	
4842	
5706	
5708	
6012	
3958	
5710	
4844	
2284	
5714	
4846	
4848	
4850	
6014	
6016	
4852	
3862	
5828	
4854	
2286	
4786	
5830	
2132	
4784	
2134	
3864	
5716	
6166	
5808	
3906	
5810	
5812	
6018	
2136	
4788	
6020	
4898	
2138	
4790	
2140	
2142	
5624	
5626	
5834	
4792	
5836	
2096	
2098	
3884	
4794	
5628	
2100	
5630	
3950	
6168	
2102	
6170	
4796	
6172	
4798	
3944	
2104	
2106	
4800	
5802	
5804	
4802	
5632	
4806	
6174	
3910	
4804	
2108	
5634	
5844	
5132	
5712	
4616	
2110	
3946	
4618	
4620	
4622	
5798	
5794	
4624	
3948	
5640	
5142	
5636	
5792	
3956	
4626	
5642	
5644	
5646	
6178	
5480	
5450	
3888	
3914	
5482	
5484	
5486	
6180	
5084	
5488	
3892	
5490	
3962	
4628	
5492	
5072	
4630	
3918	
3964	
4150	
3776	
3778	
5494	
5500	
4632	
4636	
4638	
5502	
5432	
4634	
4594	
5434	
5086	
6182	
4596	
5138	
4598	
4600	
4602	
4604	
4606	
4608	
4592	
4610	
4612	
4498	
4500	
5436	
2112	
5438	
5442	
5444	
4502	
5986	
4504	
5990	
5446	
5318	
4614	
4506	
5320	
4508	
4510	
2114	
4512	
2116	
2118	
4496	
2696	
2698	
4514	
2700	
5322	
2702	
2704	
2706	
2708	
2712	
2714	
5324	
2716	
2718	
5008	
2720	
2722	
2724	
2726	
3780	
2730	
2732	
2734	
5992	
2740	
2742	
2504	
2506	
2508	
2510	
2512	
3966	
5994	
5326	
4152	
5328	
2516	
4516	
5330	
5332	
6184	
5334	
5264	
4518	
5266	
5268	
2522	
5998	
2524	
2526	
2480	
5270	
2484	
6000	
6002	
6004	
2710	
3784	
2490	
2492	
2494	
5272	
5278	
2496	
5280	
5282	
5284	
5286	
6006	
5170	
5074	
4472	
2502	
2456	
5172	
5174	
6198	
4474	
5176	
2460	
2462	
2464	
2466	
2468	
4476	
4478	
2474	
2476	
5178	
2478	
2482	
2498	
2470	
2472	
4480	
4482	
5180	
2514	
4484	
2518	
4486	
5182	
4488	
4490	
5184	
2520	
5186	
4492	
5188	
4494	
2486	
4400	
5190	
5076	
2488	
5088	
5796	
2500	
6186	
4402	
5090	
5092	
4406	
5806	
2458	
4408	
2312	
4410	
5094	
2314	
5010	
5012	
6188	
3954	
3786	
5014	
6022	
5016	
5018	
5020	
4412	
5022	
4414	
4418	
2316	
4976	
4978	
2318	
5078	
2320	
4980	
2322	
2324	
4982	
4420	
3788	
2326	
2328	
4984	
2330	
4986	
4988	
2332	
2334	
4990	
4992	
4994	
4996	
5454	
4998	
4904	
3790	
6192	
2288	
4906	
2290	
6024	
6026	
4908	
4422	
2292	
4910	
2294	
4912	
5080	
4914	
4916	
2296	
2298	
4918	
2300	
2302	
5816	
2304	
5838	
6196	
2306	
5134	
2308	
4920	
4138	
4922	
5312	
4924	
3792	
4140	
4926	
5120	
2310	
5122	
4142	
5124	
2264	
4154	
2120	
2266	
3794	
5826	
5126	
2122	
5128	
2268	
2124	
2126	
6028	
5130	
4156	
2272	
5314	
5140	
5984	
6190	
5316	
5638	
5000	
3796	
6030	
4404	
5496	
5996	
5800	
5814	
5498	
4416	
5136	
5988	
4158	
5440	
5448	
5274	
2128	
2274	
5002	
4144	
5276	
5168	
4146	
5082	
5820	
5832	
6152	


