5384	
5230	
2940	
2942	
3730	
2946	
2948	
2950	
3734	
3830	
4930	
5768	
5220	
3824	
5936	
3974	
5386	
5718	
5776	
5940	
4932	
5942	
5392	
5944	
5946	
5394	
4760	
4858	
5778	
4762	
5396	
5782	
4764	
5784	
4860	
5786	
5790	
5576	
4856	
5234	
4766	
3970	
5578	
5580	
5582	
5588	
4768	
4770	
5590	
5592	
4862	
5950	
2624	
2626	
5598	
5528	
2628	
2630	
5952	
2634	
5954	
5956	
4864	
2636	
2638	
5958	
4876	
3990	
5530	
5532	
5534	
3976	
4772	
5544	
4774	
2648	
2650	
5398	
2652	
4944	
2654	
2656	
2658	
2660	
5982	
5546	
2662	
2664	
5548	
2666	
4874	
5550	
2668	
2670	
3712	
2642	
2644	
2646	
5404	
4868	
5360	
5362	
5364	
5366	
4776	
5970	
5972	
4934	
5974	
5976	
5378	
5772	
4866	
5698	
3714	
3716	
3988	
5216	
5406	
5780	
5540	
5542	
3718	
4778	
3720	
5218	
5788	
4870	
5744	
5746	
5748	
4780	
4782	
5750	
3722	
3724	
3726	
4940	
5752	
4878	
3832	
5380	
5232	
5754	
5756	
5382	
3872	
5400	
5402	
3834	
5236	
5758	
3836	
5376	
3838	
3826	
4872	
5388	
5760	
3828	
4936	
5762	
5764	
3898	
5226	
3972	
5368	
3840	
3842	
5238	
5766	
3876	
3902	
4938	
3880	
4946	
3844	
5584	
5938	
5370	
5948	
5586	
5372	
4942	
5594	
5978	
5390	
5596	
5374	
5536	
5228	
5538	
3846	
