4738	
2672	
2674	
2676	
4736	
2678	
4018	
4740	
4742	
2680	
4744	
2682	
4746	
4748	
4758	
4750	
4752	
4754	
4756	
4714	
4716	
4718	
2684	
4712	
2686	
2744	
2746	
2688	
4720	
2690	
4722	
6106	
4724	
4726	
4728	
4730	
4732	
4734	
4688	
3756	
2748	
2750	
2752	
4020	
4690	
4424	
2754	
4694	
4696	
2830	
4426	
4428	
4430	
4432	
4434	
2756	
5096	
4698	
4436	
5004	
4148	
4438	
5006	
2758	
2760	
2762	
4700	
5118	
6110	
2764	
3798	
2766	
3680	
6112	
6114	
3684	
6118	
4702	
6120	
4704	
3686	
4440	
6124	
4706	
3688	
3428	
3690	
5914	
3692	
5916	
3694	
6116	
3696	
4164	
4708	
4442	
4710	
4640	
4642	
4644	
3698	
5918	
4646	
5726	
3700	
3702	
5732	
3632	
3128	
4648	
4444	
3634	
5734	
4166	
6122	
3636	
3638	
4650	
3640	
3642	
3644	
6126	
3646	
3648	
3650	
3652	
3654	
4652	
3608	
3610	
3612	
5742	
3614	
3616	
3618	
3620	
4654	
4656	
3622	
4658	
5610	
3624	
3626	
6104	
3628	
3630	
4446	
4660	
3584	
5920	
4662	
4568	
3586	
3588	
4570	
3590	
3592	
5922	
3594	
3596	
5924	
3598	
5612	
5614	
3600	
3602	
3604	
3606	
3562	
4352	
5470	
5472	
3564	
2692	
3566	
5474	
3568	
4574	
5720	
4576	
6108	
4578	
3570	
4580	
3572	
4582	
5928	
3574	
3576	
3578	
4584	
3580	
3582	
3512	
3514	
5930	
4354	
4356	
3516	
3518	
3520	
4168	
4208	
3522	
5420	
3524	
3526	
4586	
3992	
3528	
3530	
3994	
3532	
3534	
5932	
3488	
3490	
5934	
3492	
3494	
4588	
3496	
3498	
3500	
5422	
3996	
3998	
4000	
3502	
4002	
4590	
3504	
3506	
3802	
4358	
3804	
4360	
4362	
3508	
4004	
3806	
3510	
5424	
4006	
5722	
3464	
3818	
3822	
3466	
4364	
4366	
3468	
6194	
3810	
3812	
3868	
4544	
5910	
4546	
4368	
4370	
4548	
4372	
3814	
3470	
5774	
3472	
4374	
5426	
4328	
3870	
5214	
3474	
3476	
4008	
3478	
3480	
4210	
3482	
3484	
3486	
4330	
4332	
3440	
4212	
4214	
4334	
3442	
3444	
3446	
3448	
4216	
4218	
3450	
3452	
4336	
3454	
4338	
3456	
3458	
3460	
3462	
3392	
3394	
3396	
3398	
4340	
3400	
4342	
4060	
4344	
4346	
4348	
3404	
3406	
4350	
4550	
3800	
3408	
4080	
3410	
4010	
3412	
4304	
4306	
3414	
3368	
3370	
4308	
3372	
3374	
4022	
3376	
3378	
3380	
3382	
3384	
3386	
3388	
3390	
4070	
4072	
4076	
4078	
3344	
2694	
3346	
4310	
4312	
3348	
4314	
3350	
3352	
3354	
4316	
3356	
4552	
3358	
3360	
5296	
3362	
4318	
5298	
3364	
3366	
4134	
4220	
4222	
4170	
4320	
2836	
4224	
3130	
4554	
4322	
4012	
4324	
3320	
4172	
4226	
4040	
4326	
4174	
4280	
4282	
4062	
4284	
4286	
4288	
4016	
3916	
4042	
3882	
4044	
4290	
3322	
3324	
4046	
4048	
3326	
4292	
3328	
3330	
3332	
4050	
4052	
4054	
3334	
3336	
4178	
4180	
4034	
4036	
3338	
4186	
3340	
3342	
4064	
3866	
4188	
4882	
4128	
4130	
4182	
4038	
3272	
4132	
4176	
4190	
5892	
4886	
3274	
3276	
4192	
4120	
4900	
4122	
3278	
3894	
4194	
3280	
4196	
4198	
4200	
4202	
4556	
4056	
4204	
4206	
3282	
4074	
4124	
4126	
4112	
4160	
4114	
3284	
4162	
3286	
4902	
4890	
3288	
4896	
4558	
3920	
3290	
3922	
3924	
3926	
3928	
3930	
5300	
3292	
5302	
3932	
3294	
3854	
4572	
3248	
3250	
3252	
3254	
3858	
3256	
5894	
3258	
3260	
3934	
3936	
2784	
4560	
3938	
5896	
3874	
3900	
3262	
3264	
3266	
5898	
3268	
3270	
3878	
3224	
3904	
3226	

