      8.2221899
      7.4403300
      7.0198302
      7.7744098
      7.1969500
      7.6808500
      8.1852999
      8.0139399
      8.5798702
      8.3695898
      8.4700804
      7.8564601
      8.4037504
      8.3395596
      7.9590802
      8.5529604
      9.1087399
      9.0416603
      9.1218004
      9.7600098
      9.2129002
      9.2335501
      8.3472099
      8.9115000
      9.5669298
      8.9292097
      8.3462696
      9.4249001
      8.6937599
      8.9588804
      9.1053696
      8.8258104
      9.3970900
     10.1665001
      9.8918896
     10.0327997
      9.6660500
      9.7098398
     10.5321999
     10.1955004
     10.7146997
     10.8594999
     11.3030996
     10.8987999
     10.2976999
     10.5614996
     10.7488003
     10.3446999
     12.7861004
     12.9801998
     11.7510004
     11.4275999
     13.0838003
     12.1302996
     11.5576000
     11.5201998
     12.6941004
     11.3606997
      7.9694200
     43.0716019
      8.5462904
      6.7266102
     10.2888002
     11.4055004
      9.3199396
      8.4613400
      8.2455397
      7.0380602
      8.2924299
      8.3814402
      8.4742298
      7.7763000
     14.4208002
      1.1666400
      1.2025100
      1.1312400
      1.1689399
      1.0463300
      1.0338000
      1.0542300
      1.0540500
      1.1884900
      1.1757200
      1.0832200
      1.0944099
      1.0812700
      1.0765300
      0.9892950
      0.9591080
      0.9503220
      0.9709670
      0.9403490
      0.9655870
      0.8836500
      0.8485830
      0.8298330
      3.6816700
      4.2802601
      4.6100702
      4.3811598
