      0.3629200
      0.3788080
      0.4008400
      0.3651800
      0.3507050
      0.3349910
      0.3536410
      0.3025560
      0.3307910
      0.3169650
      0.2825700
      0.3031870
      0.2700370
      0.2840800
      0.2890080
      0.2871140
      0.2710380
      0.2690810
      0.3024720
      0.3022020
      0.2875240
      0.2959780
      0.3061130
      0.2943410
      0.3030130
      0.2929700
      0.3031670
      0.2983110
      0.3112510
      0.3207280
      0.3244390
      0.3602020
      0.3974950
      0.4156100
      0.3671080
      0.3691540
      0.4084110
      0.3982340
      0.3757460
      0.4157470
      0.4144420
      0.4158590
      0.4117090
      0.4402160
      0.4598680
      0.4581610
      0.4477530
      0.5161660
      0.5057930
      0.5248970
      0.5736700
      0.5955360
      0.6329690
      0.5969850
      0.7149780
      1.0629801
   1000.0000000
     91.6194992
      3.7218800
      7.5236201
      0.6314820
      0.5025140
      0.3977640
      0.3793620
      0.3965240
      0.4029720
      0.3622340
      0.3447620
      0.3404200
      0.3084650
      0.2853780
      0.3199340
      0.4969660
      0.2895230
      0.3206390
      0.3083240
      0.2843070
      0.3068000
      0.2806690
      0.2772980
      0.3783920
      0.3402690
      0.3604640
      0.3527380
      0.3354740
      0.3302430
      0.3205100
      0.2949150
      0.2852360
      0.2841850
      0.2683140
      0.2715800
      0.6247350
      0.3112410
      0.2827820
      0.2807680
      2.0513101
      4.6536002
      4.9673300
      4.0119300
